% function evaluation | noise-free fitness - Fopt (7.948000000000e+01) | best noise-free fitness - Fopt | measured fitness | best measured fitness | x1 | x2...
1 +6.290728017e+03 +6.290728017e+03 +6.370208017e+03 +6.370208017e+03 +2.0000e+00 +1.6000e+01 +2.1000e+01 +2.1000e+01 +3.0000e+01 +1.4000e+01 +1.1000e+01 +2.4000e+01 +3.0000e+00 +1.7000e+01 +1.6000e+01 +1.5000e+01 +2.3000e+01 +1.0000e+00 +9.0000e+00 +4.0000e+00 +1.9000e+01 +1.1000e+01 +2.4000e+01 +2.7000e+01
8 +3.813724817e+03 +3.813724817e+03 +3.893204817e+03 +3.893204817e+03 +9.0000e+00 +7.0000e+00 +1.0000e+00 +8.0000e+00 +7.0000e+00 +1.2000e+01 +1.5000e+01 +4.0000e+00 +2.1000e+01 +1.6000e+01 +1.5000e+01 +1.6000e+01 +3.0000e+01 +1.1000e+01 +1.3000e+01 +7.0000e+00 +1.8000e+01 +4.0000e+00 +1.2000e+01 +1.5000e+01
88 +2.215985617e+03 +2.215985617e+03 +2.295465617e+03 +2.295465617e+03 +8.0000e+00 +1.0000e+00 +0.0000e+00 +4.0000e+00 +3.0000e+00 +8.0000e+00 +1.1000e+01 +0.0000e+00 +1.7000e+01 +1.2000e+01 +1.1000e+01 +1.2000e+01 +2.6000e+01 +7.0000e+00 +9.0000e+00 +3.0000e+00 +1.4000e+01 +0.0000e+00 +8.0000e+00 +1.1000e+01
148 +1.387675217e+03 +1.387675217e+03 +1.467155217e+03 +1.467155217e+03 +3.0000e+00 +1.0000e+00 +0.0000e+00 +1.0000e+00 +0.0000e+00 +5.0000e+00 +8.0000e+00 +0.0000e+00 +1.4000e+01 +9.0000e+00 +8.0000e+00 +9.0000e+00 +2.3000e+01 +4.0000e+00 +6.0000e+00 +0.0000e+00 +1.1000e+01 +0.0000e+00 +5.0000e+00 +8.0000e+00
188 +9.963824173e+02 +9.963824173e+02 +1.075862417e+03 +1.075862417e+03 +1.0000e+00 +0.0000e+00 +0.0000e+00 +0.0000e+00 +0.0000e+00 +3.0000e+00 +6.0000e+00 +0.0000e+00 +1.2000e+01 +7.0000e+00 +6.0000e+00 +7.0000e+00 +2.1000e+01 +2.0000e+00 +4.0000e+00 +0.0000e+00 +9.0000e+00 +0.0000e+00 +3.0000e+00 +6.0000e+00
248 +5.992960173e+02 +5.992960173e+02 +6.787760173e+02 +6.787760173e+02 +0.0000e+00 +0.0000e+00 +0.0000e+00 +0.0000e+00 +0.0000e+00 +0.0000e+00 +3.0000e+00 +0.0000e+00 +9.0000e+00 +4.0000e+00 +3.0000e+00 +4.0000e+00 +1.8000e+01 +0.0000e+00 +1.0000e+00 +0.0000e+00 +6.0000e+00 +0.0000e+00 +0.0000e+00 +3.0000e+00
308 +3.516512173e+02 +3.516512173e+02 +4.311312173e+02 +4.311312173e+02 +0.0000e+00 +0.0000e+00 +0.0000e+00 +0.0000e+00 +0.0000e+00 +0.0000e+00 +0.0000e+00 +0.0000e+00 +6.0000e+00 +1.0000e+00 +0.0000e+00 +1.0000e+00 +1.5000e+01 +0.0000e+00 +0.0000e+00 +0.0000e+00 +3.0000e+00 +0.0000e+00 +0.0000e+00 +0.0000e+00
364 +2.406672173e+02 +2.406672173e+02 +3.201472173e+02 +3.201472173e+02 +0.0000e+00 +0.0000e+00 +0.0000e+00 +0.0000e+00 +2.0000e+00 +0.0000e+00 +8.0000e+00 +2.0000e+00 +0.0000e+00 +1.0000e+00 +0.0000e+00 +1.0000e+01 +0.0000e+00 +0.0000e+00 +0.0000e+00 +0.0000e+00 +0.0000e+00 +0.0000e+00 +0.0000e+00 +0.0000e+00
419 +1.441504173e+02 +1.441504173e+02 +2.236304173e+02 +2.236304173e+02 +0.0000e+00 +0.0000e+00 +0.0000e+00 +0.0000e+00 +0.0000e+00 +0.0000e+00 +0.0000e+00 +0.0000e+00 +3.0000e+00 +0.0000e+00 +0.0000e+00 +8.0000e+00 +0.0000e+00 +4.0000e+00 +3.0000e+00 +0.0000e+00 +0.0000e+00 +0.0000e+00 +0.0000e+00 +0.0000e+00
473 +9.986241728e+01 +9.986241728e+01 +1.793424173e+02 +1.793424173e+02 +0.0000e+00 +0.0000e+00 +0.0000e+00 +0.0000e+00 +0.0000e+00 +0.0000e+00 +1.0000e+00 +0.0000e+00 +0.0000e+00 +0.0000e+00 +0.0000e+00 +0.0000e+00 +0.0000e+00 +0.0000e+00 +0.0000e+00 +0.0000e+00 +0.0000e+00 +1.0000e+00 +0.0000e+00 +0.0000e+00
% function evaluation | noise-free fitness - Fopt (3.944800000000e+02) | best noise-free fitness - Fopt | measured fitness | best measured fitness | x1 | x2...
1 +6.038197282e+03 +6.038197282e+03 +6.432677282e+03 +6.432677282e+03 +1.2000e+01 +0.0000e+00 +1.0000e+01 +1.3000e+01 +1.2000e+01 +0.0000e+00 +1.1000e+01 +1.6000e+01 +1.6000e+01 +1.2000e+01 +2.2000e+01 +3.0000e+01 +2.0000e+00 +2.2000e+01 +9.0000e+00 +2.3000e+01 +2.9000e+01 +1.1000e+01 +3.0000e+01 +1.9000e+01
11 +3.025381282e+03 +3.025381282e+03 +3.419861282e+03 +3.419861282e+03 +7.0000e+00 +0.0000e+00 +1.1000e+01 +1.1000e+01 +0.0000e+00 +1.3000e+01 +5.0000e+00 +1.7000e+01 +1.6000e+01 +1.0000e+01 +0.0000e+00 +0.0000e+00 +3.0000e+00 +5.0000e+00 +1.0000e+00 +2.6000e+01 +1.7000e+01 +1.2000e+01 +8.0000e+00 +2.1000e+01
51 +2.320387682e+03 +2.320387682e+03 +2.714867682e+03 +2.714867682e+03 +1.0000e+00 +4.0000e+00 +9.0000e+00 +9.0000e+00 +0.0000e+00 +1.1000e+01 +3.0000e+00 +1.5000e+01 +1.4000e+01 +8.0000e+00 +0.0000e+00 +0.0000e+00 +1.0000e+00 +3.0000e+00 +0.0000e+00 +2.4000e+01 +1.5000e+01 +1.0000e+01 +6.0000e+00 +1.9000e+01
111 +1.519923682e+03 +1.519923682e+03 +1.914403682e+03 +1.914403682e+03 +1.0000e+00 +0.0000e+00 +6.0000e+00 +6.0000e+00 +0.0000e+00 +8.0000e+00 +0.0000e+00 +1.2000e+01 +1.1000e+01 +5.0000e+00 +0.0000e+00 +0.0000e+00 +0.0000e+00 +0.0000e+00 +0.0000e+00 +2.1000e+01 +1.2000e+01 +7.0000e+00 +3.0000e+00 +1.6000e+01
171 +9.203476819e+02 +9.203476819e+02 +1.314827682e+03 +1.314827682e+03 +0.0000e+00 +0.0000e+00 +3.0000e+00 +3.0000e+00 +0.0000e+00 +5.0000e+00 +0.0000e+00 +9.0000e+00 +8.0000e+00 +2.0000e+00 +0.0000e+00 +0.0000e+00 +0.0000e+00 +0.0000e+00 +0.0000e+00 +1.8000e+01 +9.0000e+00 +4.0000e+00 +0.0000e+00 +1.3000e+01
231 +5.244148819e+02 +5.244148819e+02 +9.188948819e+02 +9.188948819e+02 +0.0000e+00 +0.0000e+00 +0.0000e+00 +0.0000e+00 +0.0000e+00 +2.0000e+00 +0.0000e+00 +6.0000e+00 +5.0000e+00 +0.0000e+00 +0.0000e+00 +0.0000e+00 +0.0000e+00 +0.0000e+00 +0.0000e+00 +1.5000e+01 +6.0000e+00 +1.0000e+00 +0.0000e+00 +1.0000e+01
271 +3.564596819e+02 +3.564596819e+02 +7.509396819e+02 +7.509396819e+02 +0.0000e+00 +0.0000e+00 +0.0000e+00 +0.0000e+00 +0.0000e+00 +0.0000e+00 +0.0000e+00 +4.0000e+00 +3.0000e+00 +0.0000e+00 +0.0000e+00 +0.0000e+00 +0.0000e+00 +0.0000e+00 +0.0000e+00 +1.3000e+01 +4.0000e+00 +0.0000e+00 +0.0000e+00 +8.0000e+00
311 +2.479092819e+02 +2.479092819e+02 +6.423892819e+02 +6.423892819e+02 +0.0000e+00 +0.0000e+00 +0.0000e+00 +0.0000e+00 +0.0000e+00 +0.0000e+00 +0.0000e+00 +2.0000e+00 +1.0000e+00 +0.0000e+00 +0.0000e+00 +0.0000e+00 +0.0000e+00 +0.0000e+00 +0.0000e+00 +1.1000e+01 +2.0000e+00 +0.0000e+00 +0.0000e+00 +6.0000e+00
391 +1.530932819e+02 +1.530932819e+02 +5.475732819e+02 +5.475732819e+02 +0.0000e+00 +0.0000e+00 +0.0000e+00 +0.0000e+00 +0.0000e+00 +0.0000e+00 +0.0000e+00 +0.0000e+00 +0.0000e+00 +0.0000e+00 +0.0000e+00 +0.0000e+00 +0.0000e+00 +0.0000e+00 +0.0000e+00 +7.0000e+00 +0.0000e+00 +0.0000e+00 +0.0000e+00 +2.0000e+00
% function evaluation | noise-free fitness - Fopt (-2.471100000000e+02) | best noise-free fitness - Fopt | measured fitness | best measured fitness | x1 | x2...
1 +6.180179796e+03 +6.180179796e+03 +5.933069796e+03 +5.933069796e+03 +1.0000e+01 +3.0000e+01 +1.4000e+01 +1.8000e+01 +2.6000e+01 +2.1000e+01 +1.6000e+01 +2.1000e+01 +0.0000e+00 +1.4000e+01 +2.7000e+01 +1.5000e+01 +3.0000e+01 +5.0000e+00 +1.2000e+01 +1.3000e+01 +6.0000e+00 +1.3000e+01 +2.1000e+01 +3.0000e+00
7 +2.715454996e+03 +2.715454996e+03 +2.468344996e+03 +2.468344996e+03 +1.0000e+00 +3.0000e+00 +1.1000e+01 +3.0000e+00 +0.0000e+00 +1.8000e+01 +3.0000e+00 +1.4000e+01 +9.0000e+00 +7.0000e+00 +2.0000e+00 +2.3000e+01 +1.4000e+01 +1.2000e+01 +1.9000e+01 +1.7000e+01 +1.4000e+01 +1.8000e+01 +1.0000e+00 +1.3000e+01
27 +2.357762196e+03 +2.357762196e+03 +2.110652196e+03 +2.110652196e+03 +0.0000e+00 +2.0000e+00 +1.0000e+01 +2.0000e+00 +0.0000e+00 +1.7000e+01 +2.0000e+00 +1.3000e+01 +8.0000e+00 +6.0000e+00 +1.0000e+00 +2.2000e+01 +1.3000e+01 +1.1000e+01 +1.8000e+01 +1.6000e+01 +1.3000e+01 +1.7000e+01 +0.0000e+00 +1.2000e+01
87 +1.488320596e+03 +1.488320596e+03 +1.241210596e+03 +1.241210596e+03 +0.0000e+00 +0.0000e+00 +7.0000e+00 +0.0000e+00 +0.0000e+00 +1.4000e+01 +0.0000e+00 +1.0000e+01 +5.0000e+00 +3.0000e+00 +0.0000e+00 +1.9000e+01 +1.0000e+01 +8.0000e+00 +1.5000e+01 +1.3000e+01 +1.0000e+01 +1.4000e+01 +0.0000e+00 +9.0000e+00
147 +8.622901958e+02 +8.622901958e+02 +6.151801958e+02 +6.151801958e+02 +0.0000e+00 +0.0000e+00 +4.0000e+00 +0.0000e+00 +0.0000e+00 +1.1000e+01 +0.0000e+00 +7.0000e+00 +2.0000e+00 +0.0000e+00 +0.0000e+00 +1.6000e+01 +7.0000e+00 +5.0000e+00 +1.2000e+01 +1.0000e+01 +7.0000e+00 +1.1000e+01 +0.0000e+00 +6.0000e+00
187 +5.596469958e+02 +5.596469958e+02 +3.125369958e+02 +3.125369958e+02 +0.0000e+00 +0.0000e+00 +2.0000e+00 +0.0000e+00 +0.0000e+00 +9.0000e+00 +0.0000e+00 +5.0000e+00 +0.0000e+00 +0.0000e+00 +0.0000e+00 +1.4000e+01 +5.0000e+00 +3.0000e+00 +1.0000e+01 +8.0000e+00 +5.0000e+00 +9.0000e+00 +0.0000e+00 +4.0000e+00
227 +3.492885958e+02 +3.492885958e+02 +1.021785958e+02 +1.021785958e+02 +0.0000e+00 +0.0000e+00 +0.0000e+00 +0.0000e+00 +0.0000e+00 +7.0000e+00 +0.0000e+00 +3.0000e+00 +0.0000e+00 +0.0000e+00 +0.0000e+00 +1.2000e+01 +3.0000e+00 +1.0000e+00 +8.0000e+00 +6.0000e+00 +3.0000e+00 +7.0000e+00 +0.0000e+00 +2.0000e+00
267 +2.229381958e+02 +2.229381958e+02 -2.417180416e+01 -2.417180416e+01 +0.0000e+00 +0.0000e+00 +0.0000e+00 +0.0000e+00 +0.0000e+00 +5.0000e+00 +0.0000e+00 +1.0000e+00 +0.0000e+00 +0.0000e+00 +0.0000e+00 +1.0000e+01 +1.0000e+00 +0.0000e+00 +6.0000e+00 +4.0000e+00 +1.0000e+00 +5.0000e+00 +0.0000e+00 +0.0000e+00
307 +1.559909958e+02 +1.559909958e+02 -9.111900416e+01 -9.111900416e+01 +0.0000e+00 +0.0000e+00 +0.0000e+00 +0.0000e+00 +0.0000e+00 +3.0000e+00 +0.0000e+00 +0.0000e+00 +0.0000e+00 +0.0000e+00 +0.0000e+00 +8.0000e+00 +0.0000e+00 +0.0000e+00 +4.0000e+00 +2.0000e+00 +0.0000e+00 +3.0000e+00 +0.0000e+00 +0.0000e+00
398 +9.480859584e+01 +9.480859584e+01 -1.523014042e+02 -1.523014042e+02 +0.0000e+00 +0.0000e+00 +0.0000e+00 +0.0000e+00 +0.0000e+00 +0.0000e+00 +3.0000e+00 +0.0000e+00 +0.0000e+00 +0.0000e+00 +0.0000e+00 +0.0000e+00 +3.0000e+00 +0.0000e+00 +5.0000e+00 +0.0000e+00 +0.0000e+00 +2.0000e+00 +0.0000e+00 +0.0000e+00
% function evaluation | noise-free fitness - Fopt (-1.520400000000e+02) | best noise-free fitness - Fopt | measured fitness | best measured fitness | x1 | x2...
1 +5.696021635e+03 +5.696021635e+03 +5.543981635e+03 +5.543981635e+03 +2.2000e+01 +2.5000e+01 +0.0000e+00 +6.0000e+00 +1.7000e+01 +1.6000e+01 +2.4000e+01 +1.5000e+01 +2.2000e+01 +2.4000e+01 +2.0000e+00 +1.0000e+01 +2.8000e+01 +1.0000e+01 +4.0000e+00 +3.0000e+01 +9.0000e+00 +1.5000e+01 +0.0000e+00 +1.5000e+01
7 +3.449613635e+03 +3.449613635e+03 +3.297573635e+03 +3.297573635e+03 +6.0000e+00 +3.1000e+01 +1.2000e+01 +1.6000e+01 +2.0000e+00 +6.0000e+00 +2.3000e+01 +2.1000e+01 +5.0000e+00 +1.5000e+01 +5.0000e+00 +4.0000e+00 +1.5000e+01 +9.0000e+00 +0.0000e+00 +6.0000e+00 +1.5000e+01 +1.1000e+01 +1.1000e+01 +6.0000e+00
47 +2.432746435e+03 +2.432746435e+03 +2.280706435e+03 +2.280706435e+03 +1.3000e+01 +2.0000e+01 +1.0000e+01 +1.4000e+01 +0.0000e+00 +4.0000e+00 +2.1000e+01 +1.9000e+01 +3.0000e+00 +1.3000e+01 +3.0000e+00 +2.0000e+00 +1.3000e+01 +7.0000e+00 +0.0000e+00 +4.0000e+00 +1.3000e+01 +9.0000e+00 +9.0000e+00 +4.0000e+00
127 +1.550970435e+03 +1.550970435e+03 +1.398930435e+03 +1.398930435e+03 +1.0000e+00 +2.4000e+01 +6.0000e+00 +1.0000e+01 +0.0000e+00 +0.0000e+00 +1.7000e+01 +1.5000e+01 +0.0000e+00 +9.0000e+00 +0.0000e+00 +0.0000e+00 +9.0000e+00 +3.0000e+00 +0.0000e+00 +0.0000e+00 +9.0000e+00 +5.0000e+00 +5.0000e+00 +0.0000e+00
167 +9.946920352e+02 +9.946920352e+02 +8.426520352e+02 +8.426520352e+02 +1.5000e+01 +6.0000e+00 +4.0000e+00 +8.0000e+00 +0.0000e+00 +0.0000e+00 +1.5000e+01 +1.3000e+01 +0.0000e+00 +7.0000e+00 +0.0000e+00 +0.0000e+00 +7.0000e+00 +1.0000e+00 +0.0000e+00 +0.0000e+00 +7.0000e+00 +3.0000e+00 +3.0000e+00 +0.0000e+00
227 +5.186104352e+02 +5.186104352e+02 +3.665704352e+02 +3.665704352e+02 +7.0000e+00 +8.0000e+00 +1.0000e+00 +5.0000e+00 +0.0000e+00 +0.0000e+00 +1.2000e+01 +1.0000e+01 +0.0000e+00 +4.0000e+00 +0.0000e+00 +0.0000e+00 +4.0000e+00 +0.0000e+00 +0.0000e+00 +0.0000e+00 +4.0000e+00 +0.0000e+00 +0.0000e+00 +0.0000e+00
267 +3.437480352e+02 +3.437480352e+02 +1.917080352e+02 +1.917080352e+02 +5.0000e+00 +6.0000e+00 +0.0000e+00 +3.0000e+00 +0.0000e+00 +0.0000e+00 +1.0000e+01 +8.0000e+00 +0.0000e+00 +2.0000e+00 +0.0000e+00 +0.0000e+00 +2.0000e+00 +0.0000e+00 +0.0000e+00 +0.0000e+00 +2.0000e+00 +0.0000e+00 +0.0000e+00 +0.0000e+00
307 +2.451176352e+02 +2.451176352e+02 +9.307763520e+01 +9.307763520e+01 +4.0000e+00 +3.0000e+00 +0.0000e+00 +1.0000e+00 +0.0000e+00 +0.0000e+00 +8.0000e+00 +6.0000e+00 +0.0000e+00 +0.0000e+00 +0.0000e+00 +0.0000e+00 +0.0000e+00 +0.0000e+00 +0.0000e+00 +0.0000e+00 +0.0000e+00 +0.0000e+00 +0.0000e+00 +0.0000e+00
367 +1.581768352e+02 +1.581768352e+02 +6.136835200e+00 +6.136835200e+00 +1.0000e+00 +0.0000e+00 +0.0000e+00 +0.0000e+00 +0.0000e+00 +0.0000e+00 +5.0000e+00 +3.0000e+00 +0.0000e+00 +0.0000e+00 +0.0000e+00 +0.0000e+00 +0.0000e+00 +0.0000e+00 +0.0000e+00 +0.0000e+00 +0.0000e+00 +0.0000e+00 +0.0000e+00 +0.0000e+00
% function evaluation | noise-free fitness - Fopt (-2.525000000000e+01) | best noise-free fitness - Fopt | measured fitness | best measured fitness | x1 | x2...
1 +6.394329228e+03 +6.394329228e+03 +6.369079228e+03 +6.369079228e+03 +2.4000e+01 +1.9000e+01 +2.3000e+01 +2.6000e+01 +1.5000e+01 +2.8000e+01 +1.2000e+01 +1.6000e+01 +3.0000e+00 +9.0000e+00 +1.2000e+01 +6.0000e+00 +1.0000e+00 +1.8000e+01 +5.0000e+00 +2.0000e+00 +2.0000e+01 +2.9000e+01 +2.7000e+01 +1.1000e+01
4 +4.246702028e+03 +4.246702028e+03 +4.221452028e+03 +4.221452028e+03 +1.6000e+01 +5.0000e+00 +1.8000e+01 +2.4000e+01 +1.0000e+00 +4.0000e+00 +0.0000e+00 +2.1000e+01 +5.0000e+00 +1.6000e+01 +1.4000e+01 +2.3000e+01 +1.1000e+01 +1.6000e+01 +1.0000e+01 +2.9000e+01 +8.0000e+00 +4.0000e+00 +0.0000e+00 +7.0000e+00
24 +3.772958028e+03 +3.772958028e+03 +3.747708028e+03 +3.747708028e+03 +1.2000e+01 +7.0000e+00 +1.7000e+01 +2.3000e+01 +0.0000e+00 +3.0000e+00 +0.0000e+00 +2.0000e+01 +4.0000e+00 +1.5000e+01 +1.3000e+01 +2.2000e+01 +1.0000e+01 +1.5000e+01 +9.0000e+00 +2.8000e+01 +7.0000e+00 +3.0000e+00 +0.0000e+00 +6.0000e+00
104 +2.332759628e+03 +2.332759628e+03 +2.307509628e+03 +2.307509628e+03 +4.0000e+00 +7.0000e+00 +1.3000e+01 +1.9000e+01 +0.0000e+00 +0.0000e+00 +0.0000e+00 +1.6000e+01 +0.0000e+00 +1.1000e+01 +9.0000e+00 +1.8000e+01 +6.0000e+00 +1.1000e+01 +5.0000e+00 +2.4000e+01 +3.0000e+00 +0.0000e+00 +0.0000e+00 +2.0000e+00
164 +1.560012428e+03 +1.560012428e+03 +1.534762428e+03 +1.534762428e+03 +1.0000e+00 +4.0000e+00 +1.0000e+01 +1.6000e+01 +0.0000e+00 +0.0000e+00 +0.0000e+00 +1.3000e+01 +0.0000e+00 +8.0000e+00 +6.0000e+00 +1.5000e+01 +3.0000e+00 +8.0000e+00 +2.0000e+00 +2.1000e+01 +0.0000e+00 +0.0000e+00 +0.0000e+00 +0.0000e+00
244 +8.555180282e+02 +8.555180282e+02 +8.302680282e+02 +8.302680282e+02 +0.0000e+00 +0.0000e+00 +6.0000e+00 +1.2000e+01 +0.0000e+00 +0.0000e+00 +0.0000e+00 +9.0000e+00 +0.0000e+00 +4.0000e+00 +2.0000e+00 +1.1000e+01 +0.0000e+00 +4.0000e+00 +0.0000e+00 +1.7000e+01 +0.0000e+00 +0.0000e+00 +0.0000e+00 +0.0000e+00
284 +6.117452282e+02 +6.117452282e+02 +5.864952282e+02 +5.864952282e+02 +0.0000e+00 +0.0000e+00 +4.0000e+00 +1.0000e+01 +0.0000e+00 +0.0000e+00 +0.0000e+00 +7.0000e+00 +0.0000e+00 +2.0000e+00 +0.0000e+00 +9.0000e+00 +0.0000e+00 +2.0000e+00 +0.0000e+00 +1.5000e+01 +0.0000e+00 +0.0000e+00 +0.0000e+00 +0.0000e+00
344 +3.444924282e+02 +3.444924282e+02 +3.192424282e+02 +3.192424282e+02 +0.0000e+00 +0.0000e+00 +1.0000e+00 +7.0000e+00 +0.0000e+00 +0.0000e+00 +0.0000e+00 +4.0000e+00 +0.0000e+00 +0.0000e+00 +0.0000e+00 +6.0000e+00 +0.0000e+00 +0.0000e+00 +0.0000e+00 +1.2000e+01 +0.0000e+00 +0.0000e+00 +0.0000e+00 +0.0000e+00
384 +2.305148282e+02 +2.305148282e+02 +2.052648282e+02 +2.052648282e+02 +0.0000e+00 +0.0000e+00 +0.0000e+00 +5.0000e+00 +0.0000e+00 +0.0000e+00 +0.0000e+00 +2.0000e+00 +0.0000e+00 +0.0000e+00 +0.0000e+00 +4.0000e+00 +0.0000e+00 +0.0000e+00 +0.0000e+00 +1.0000e+01 +0.0000e+00 +0.0000e+00 +0.0000e+00 +0.0000e+00
424 +1.523804282e+02 +1.523804282e+02 +1.271304282e+02 +1.271304282e+02 +0.0000e+00 +0.0000e+00 +0.0000e+00 +3.0000e+00 +0.0000e+00 +0.0000e+00 +0.0000e+00 +0.0000e+00 +0.0000e+00 +0.0000e+00 +0.0000e+00 +2.0000e+00 +0.0000e+00 +0.0000e+00 +0.0000e+00 +8.0000e+00 +0.0000e+00 +0.0000e+00 +0.0000e+00 +0.0000e+00
484 +9.383002816e+01 +9.383002816e+01 +6.858002816e+01 +6.858002816e+01 +0.0000e+00 +0.0000e+00 +0.0000e+00 +0.0000e+00 +0.0000e+00 +0.0000e+00 +0.0000e+00 +0.0000e+00 +0.0000e+00 +0.0000e+00 +0.0000e+00 +0.0000e+00 +0.0000e+00 +0.0000e+00 +0.0000e+00 +5.0000e+00 +0.0000e+00 +0.0000e+00 +0.0000e+00 +0.0000e+00
% function evaluation | noise-free fitness - Fopt (2.230000000000e+00) | best noise-free fitness - Fopt | measured fitness | best measured fitness | x1 | x2...
1 +6.451860983e+03 +6.451860983e+03 +6.454090983e+03 +6.454090983e+03 +9.0000e+00 +5.0000e+00 +3.0000e+00 +1.6000e+01 +1.4000e+01 +1.1000e+01 +2.4000e+01 +1.7000e+01 +2.9000e+01 +3.0000e+00 +2.4000e+01 +1.3000e+01 +2.6000e+01 +7.0000e+00 +1.4000e+01 +2.9000e+01 +2.2000e+01 +0.0000e+00 +2.6000e+01 +0.0000e+00
2 +5.453624183e+03 +5.453624183e+03 +5.455854183e+03 +5.455854183e+03 +1.9000e+01 +1.6000e+01 +1.9000e+01 +3.0000e+00 +1.0000e+01 +0.0000e+00 +2.5000e+01 +2.2000e+01 +1.4000e+01 +2.8000e+01 +1.0000e+01 +1.9000e+01 +1.2000e+01 +1.8000e+01 +1.4000e+01 +1.6000e+01 +8.0000e+00 +1.2000e+01 +1.0000e+00 +2.2000e+01
16 +3.404276983e+03 +3.404276983e+03 +3.406506983e+03 +3.406506983e+03 +2.8000e+01 +2.0000e+00 +0.0000e+00 +7.0000e+00 +1.0000e+01 +1.9000e+01 +1.3000e+01 +9.0000e+00 +1.4000e+01 +3.0000e+00 +0.0000e+00 +1.1000e+01 +1.6000e+01 +3.0000e+01 +2.0000e+00 +2.0000e+00 +1.0000e+01 +0.0000e+00 +1.3000e+01 +4.0000e+00
76 +2.387761783e+03 +2.387761783e+03 +2.389991783e+03 +2.389991783e+03 +2.5000e+01 +0.0000e+00 +0.0000e+00 +4.0000e+00 +7.0000e+00 +1.6000e+01 +1.0000e+01 +6.0000e+00 +1.1000e+01 +0.0000e+00 +0.0000e+00 +8.0000e+00 +1.3000e+01 +2.7000e+01 +0.0000e+00 +0.0000e+00 +7.0000e+00 +0.0000e+00 +1.0000e+01 +1.0000e+00
136 +1.477459383e+03 +1.477459383e+03 +1.479689383e+03 +1.479689383e+03 +1.4000e+01 +6.0000e+00 +0.0000e+00 +1.0000e+00 +4.0000e+00 +1.3000e+01 +7.0000e+00 +3.0000e+00 +8.0000e+00 +0.0000e+00 +0.0000e+00 +5.0000e+00 +1.0000e+01 +2.4000e+01 +0.0000e+00 +0.0000e+00 +4.0000e+00 +0.0000e+00 +7.0000e+00 +0.0000e+00
196 +9.505873830e+02 +9.505873830e+02 +9.528173830e+02 +9.528173830e+02 +1.1000e+01 +3.0000e+00 +0.0000e+00 +0.0000e+00 +1.0000e+00 +1.0000e+01 +4.0000e+00 +0.0000e+00 +5.0000e+00 +0.0000e+00 +0.0000e+00 +2.0000e+00 +7.0000e+00 +2.1000e+01 +0.0000e+00 +0.0000e+00 +1.0000e+00 +0.0000e+00 +4.0000e+00 +0.0000e+00
276 +5.647585830e+02 +5.647585830e+02 +5.669885830e+02 +5.669885830e+02 +3.0000e+00 +4.0000e+00 +0.0000e+00 +0.0000e+00 +0.0000e+00 +6.0000e+00 +0.0000e+00 +0.0000e+00 +1.0000e+00 +0.0000e+00 +0.0000e+00 +0.0000e+00 +3.0000e+00 +1.7000e+01 +0.0000e+00 +0.0000e+00 +0.0000e+00 +0.0000e+00 +0.0000e+00 +0.0000e+00
326 +3.445457830e+02 +3.445457830e+02 +3.467757830e+02 +3.467757830e+02 +1.0000e+00 +0.0000e+00 +0.0000e+00 +2.0000e+00 +0.0000e+00 +0.0000e+00 +0.0000e+00 +0.0000e+00 +6.0000e+00 +7.0000e+00 +0.0000e+00 +0.0000e+00 +5.0000e+00 +0.0000e+00 +2.0000e+00 +0.0000e+00 +1.0000e+01 +1.1000e+01 +0.0000e+00 +0.0000e+00
366 +2.187969830e+02 +2.187969830e+02 +2.210269830e+02 +2.210269830e+02 +0.0000e+00 +0.0000e+00 +0.0000e+00 +0.0000e+00 +0.0000e+00 +0.0000e+00 +0.0000e+00 +0.0000e+00 +4.0000e+00 +5.0000e+00 +0.0000e+00 +0.0000e+00 +3.0000e+00 +0.0000e+00 +0.0000e+00 +0.0000e+00 +8.0000e+00 +9.0000e+00 +0.0000e+00 +0.0000e+00
406 +1.489857830e+02 +1.489857830e+02 +1.512157830e+02 +1.512157830e+02 +0.0000e+00 +0.0000e+00 +0.0000e+00 +0.0000e+00 +0.0000e+00 +0.0000e+00 +0.0000e+00 +0.0000e+00 +2.0000e+00 +3.0000e+00 +0.0000e+00 +0.0000e+00 +1.0000e+00 +0.0000e+00 +0.0000e+00 +0.0000e+00 +6.0000e+00 +7.0000e+00 +0.0000e+00 +0.0000e+00
% function evaluation | noise-free fitness - Fopt (-1.308000000000e+01) | best noise-free fitness - Fopt | measured fitness | best measured fitness | x1 | x2...
1 +6.253692947e+03 +6.253692947e+03 +6.240612947e+03 +6.240612947e+03 +1.9000e+01 +0.0000e+00 +3.0000e+01 +9.0000e+00 +1.9000e+01 +2.0000e+01 +2.3000e+01 +5.0000e+00 +2.1000e+01 +2.1000e+01 +2.6000e+01 +4.0000e+00 +2.0000e+01 +0.0000e+00 +2.4000e+01 +2.2000e+01 +1.7000e+01 +1.0000e+00 +6.0000e+00 +2.0000e+01
17 +3.544412947e+03 +3.544412947e+03 +3.531332947e+03 +3.531332947e+03 +9.0000e+00 +1.3000e+01 +1.9000e+01 +2.6000e+01 +2.4000e+01 +4.0000e+00 +1.0000e+00 +1.3000e+01 +2.0000e+00 +5.0000e+00 +1.7000e+01 +2.4000e+01 +0.0000e+00 +2.0000e+00 +2.1000e+01 +1.0000e+00 +8.0000e+00 +8.0000e+00 +9.0000e+00 +3.0000e+00
77 +2.490358547e+03 +2.490358547e+03 +2.477278547e+03 +2.477278547e+03 +1.4000e+01 +2.0000e+00 +1.6000e+01 +2.3000e+01 +2.1000e+01 +1.0000e+00 +0.0000e+00 +1.0000e+01 +0.0000e+00 +2.0000e+00 +1.4000e+01 +2.1000e+01 +0.0000e+00 +0.0000e+00 +1.8000e+01 +0.0000e+00 +5.0000e+00 +5.0000e+00 +6.0000e+00 +0.0000e+00
157 +1.459672147e+03 +1.459672147e+03 +1.446592147e+03 +1.446592147e+03 +1.0000e+01 +0.0000e+00 +1.2000e+01 +1.9000e+01 +1.7000e+01 +0.0000e+00 +0.0000e+00 +6.0000e+00 +0.0000e+00 +0.0000e+00 +1.0000e+01 +1.7000e+01 +0.0000e+00 +0.0000e+00 +1.4000e+01 +0.0000e+00 +1.0000e+00 +1.0000e+00 +2.0000e+00 +0.0000e+00
217 +9.080513466e+02 +9.080513466e+02 +8.949713466e+02 +8.949713466e+02 +2.0000e+00 +3.0000e+00 +9.0000e+00 +1.6000e+01 +1.4000e+01 +0.0000e+00 +0.0000e+00 +3.0000e+00 +0.0000e+00 +0.0000e+00 +7.0000e+00 +1.4000e+01 +0.0000e+00 +0.0000e+00 +1.1000e+01 +0.0000e+00 +0.0000e+00 +0.0000e+00 +0.0000e+00 +0.0000e+00
277 +5.306833466e+02 +5.306833466e+02 +5.176033466e+02 +5.176033466e+02 +0.0000e+00 +0.0000e+00 +6.0000e+00 +1.3000e+01 +1.1000e+01 +0.0000e+00 +0.0000e+00 +0.0000e+00 +0.0000e+00 +0.0000e+00 +4.0000e+00 +1.1000e+01 +0.0000e+00 +0.0000e+00 +8.0000e+00 +0.0000e+00 +0.0000e+00 +0.0000e+00 +0.0000e+00 +0.0000e+00
317 +3.690705466e+02 +3.690705466e+02 +3.559905466e+02 +3.559905466e+02 +0.0000e+00 +0.0000e+00 +4.0000e+00 +1.1000e+01 +9.0000e+00 +0.0000e+00 +0.0000e+00 +0.0000e+00 +0.0000e+00 +0.0000e+00 +2.0000e+00 +9.0000e+00 +0.0000e+00 +0.0000e+00 +6.0000e+00 +0.0000e+00 +0.0000e+00 +0.0000e+00 +0.0000e+00 +0.0000e+00
377 +2.103537466e+02 +2.103537466e+02 +1.972737466e+02 +1.972737466e+02 +0.0000e+00 +0.0000e+00 +1.0000e+00 +8.0000e+00 +6.0000e+00 +0.0000e+00 +0.0000e+00 +0.0000e+00 +0.0000e+00 +0.0000e+00 +0.0000e+00 +6.0000e+00 +0.0000e+00 +0.0000e+00 +3.0000e+00 +0.0000e+00 +0.0000e+00 +0.0000e+00 +0.0000e+00 +0.0000e+00
401 +1.522833466e+02 +1.522833466e+02 +1.392033466e+02 +1.392033466e+02 +0.0000e+00 +0.0000e+00 +1.0000e+01 +0.0000e+00 +0.0000e+00 +0.0000e+00 +3.0000e+00 +0.0000e+00 +1.0000e+00 +1.0000e+00 +6.0000e+00 +0.0000e+00 +0.0000e+00 +0.0000e+00 +4.0000e+00 +2.0000e+00 +0.0000e+00 +0.0000e+00 +0.0000e+00 +0.0000e+00
441 +8.913454656e+01 +8.913454656e+01 +7.605454656e+01 +7.605454656e+01 +0.0000e+00 +0.0000e+00 +8.0000e+00 +0.0000e+00 +0.0000e+00 +0.0000e+00 +1.0000e+00 +0.0000e+00 +0.0000e+00 +0.0000e+00 +4.0000e+00 +0.0000e+00 +0.0000e+00 +0.0000e+00 +2.0000e+00 +0.0000e+00 +0.0000e+00 +0.0000e+00 +0.0000e+00 +0.0000e+00
% function evaluation | noise-free fitness - Fopt (2.671600000000e+02) | best noise-free fitness - Fopt | measured fitness | best measured fitness | x1 | x2...
1 +8.169992184e+03 +8.169992184e+03 +8.437152184e+03 +8.437152184e+03 +2.0000e+00 +1.5000e+01 +2.7000e+01 +1.1000e+01 +9.0000e+00 +2.2000e+01 +1.5000e+01 +0.0000e+00 +2.3000e+01 +2.6000e+01 +1.0000e+00 +2.5000e+01 +2.0000e+01 +2.9000e+01 +2.7000e+01 +2.8000e+01 +1.0000e+01 +1.7000e+01 +2.0000e+01 +1.5000e+01
4 +5.957552184e+03 +5.957552184e+03 +6.224712184e+03 +6.224712184e+03 +1.6000e+01 +1.8000e+01 +2.3000e+01 +1.7000e+01 +1.6000e+01 +0.0000e+00 +2.1000e+01 +2.4000e+01 +3.0000e+00 +3.0000e+00 +1.2000e+01 +2.2000e+01 +3.0000e+00 +0.0000e+00 +1.4000e+01 +2.4000e+01 +1.7000e+01 +2.6000e+01 +1.9000e+01 +6.0000e+00
66 +3.954622584e+03 +3.954622584e+03 +4.221782584e+03 +4.221782584e+03 +1.4000e+01 +1.6000e+01 +1.9000e+01 +2.7000e+01 +2.0000e+00 +0.0000e+00 +1.2000e+01 +1.8000e+01 +1.0000e+01 +3.0000e+00 +1.3000e+01 +1.1000e+01 +9.0000e+00 +0.0000e+00 +2.0000e+00 +7.0000e+00 +7.0000e+00 +1.1000e+01 +1.9000e+01 +1.4000e+01
146 +2.394043384e+03 +2.394043384e+03 +2.661203384e+03 +2.661203384e+03 +1.0000e+01 +1.2000e+01 +1.5000e+01 +2.3000e+01 +0.0000e+00 +0.0000e+00 +8.0000e+00 +1.4000e+01 +6.0000e+00 +0.0000e+00 +9.0000e+00 +7.0000e+00 +5.0000e+00 +0.0000e+00 +0.0000e+00 +3.0000e+00 +3.0000e+00 +7.0000e+00 +1.5000e+01 +1.0000e+01
206 +1.540174584e+03 +1.540174584e+03 +1.807334584e+03 +1.807334584e+03 +9.0000e+00 +7.0000e+00 +1.2000e+01 +2.0000e+01 +0.0000e+00 +0.0000e+00 +5.0000e+00 +1.1000e+01 +3.0000e+00 +0.0000e+00 +6.0000e+00 +4.0000e+00 +2.0000e+00 +0.0000e+00 +0.0000e+00 +0.0000e+00 +0.0000e+00 +4.0000e+00 +1.2000e+01 +7.0000e+00
266 +9.397873843e+02 +9.397873843e+02 +1.206947384e+03 +1.206947384e+03 +6.0000e+00 +4.0000e+00 +9.0000e+00 +1.7000e+01 +0.0000e+00 +0.0000e+00 +2.0000e+00 +8.0000e+00 +0.0000e+00 +0.0000e+00 +3.0000e+00 +1.0000e+00 +0.0000e+00 +0.0000e+00 +0.0000e+00 +0.0000e+00 +0.0000e+00 +1.0000e+00 +9.0000e+00 +4.0000e+00
307 +5.657585843e+02 +5.657585843e+02 +8.329185843e+02 +8.329185843e+02 +0.0000e+00 +3.0000e+00 +0.0000e+00 +0.0000e+00 +1.0000e+00 +0.0000e+00 +8.0000e+00 +0.0000e+00 +4.0000e+00 +8.0000e+00 +0.0000e+00 +5.0000e+00 +0.0000e+00 +3.0000e+00 +0.0000e+00 +4.0000e+00 +1.3000e+01 +0.0000e+00 +0.0000e+00 +6.0000e+00
347 +3.575297843e+02 +3.575297843e+02 +6.246897843e+02 +6.246897843e+02 +0.0000e+00 +1.0000e+00 +0.0000e+00 +0.0000e+00 +0.0000e+00 +0.0000e+00 +6.0000e+00 +0.0000e+00 +2.0000e+00 +6.0000e+00 +0.0000e+00 +3.0000e+00 +0.0000e+00 +1.0000e+00 +0.0000e+00 +2.0000e+00 +1.1000e+01 +0.0000e+00 +0.0000e+00 +4.0000e+00
387 +2.249601843e+02 +2.249601843e+02 +4.921201843e+02 +4.921201843e+02 +0.0000e+00 +0.0000e+00 +0.0000e+00 +0.0000e+00 +0.0000e+00 +0.0000e+00 +4.0000e+00 +0.0000e+00 +0.0000e+00 +4.0000e+00 +0.0000e+00 +1.0000e+00 +0.0000e+00 +0.0000e+00 +0.0000e+00 +0.0000e+00 +9.0000e+00 +0.0000e+00 +0.0000e+00 +2.0000e+00
424 +1.563425843e+02 +1.563425843e+02 +4.235025843e+02 +4.235025843e+02 +0.0000e+00 +1.0000e+00 +2.0000e+00 +0.0000e+00 +0.0000e+00 +0.0000e+00 +0.0000e+00 +3.0000e+00 +0.0000e+00 +0.0000e+00 +0.0000e+00 +1.0000e+00 +0.0000e+00 +0.0000e+00 +0.0000e+00 +3.0000e+00 +0.0000e+00 +5.0000e+00 +0.0000e+00 +0.0000e+00
484 +9.796658432e+01 +9.796658432e+01 +3.651265843e+02 +3.651265843e+02 +0.0000e+00 +0.0000e+00 +0.0000e+00 +0.0000e+00 +0.0000e+00 +0.0000e+00 +0.0000e+00 +0.0000e+00 +0.0000e+00 +0.0000e+00 +0.0000e+00 +0.0000e+00 +0.0000e+00 +0.0000e+00 +0.0000e+00 +0.0000e+00 +0.0000e+00 +2.0000e+00 +0.0000e+00 +0.0000e+00
% function evaluation | noise-free fitness - Fopt (3.710000000000e+00) | best noise-free fitness - Fopt | measured fitness | best measured fitness | x1 | x2...
1 +3.280465309e+03 +3.280465309e+03 +3.284175309e+03 +3.284175309e+03 +1.0000e+00 +1.0000e+00 +1.0000e+01 +1.0000e+01 +3.0000e+00 +0.0000e+00 +1.4000e+01 +1.0000e+00 +7.0000e+00 +2.2000e+01 +1.6000e+01 +4.0000e+00 +1.9000e+01 +2.0000e+01 +0.0000e+00 +2.4000e+01 +0.0000e+00 +1.0000e+00 +1.0000e+01 +9.0000e+00
61 +2.300385309e+03 +2.300385309e+03 +2.304095309e+03 +2.304095309e+03 +0.0000e+00 +0.0000e+00 +7.0000e+00 +7.0000e+00 +0.0000e+00 +0.0000e+00 +1.1000e+01 +0.0000e+00 +4.0000e+00 +1.9000e+01 +1.3000e+01 +1.0000e+00 +1.6000e+01 +1.7000e+01 +0.0000e+00 +2.1000e+01 +0.0000e+00 +0.0000e+00 +7.0000e+00 +6.0000e+00
121 +1.548759709e+03 +1.548759709e+03 +1.552469709e+03 +1.552469709e+03 +0.0000e+00 +0.0000e+00 +4.0000e+00 +4.0000e+00 +0.0000e+00 +0.0000e+00 +8.0000e+00 +0.0000e+00 +1.0000e+00 +1.6000e+01 +1.0000e+01 +0.0000e+00 +1.3000e+01 +1.4000e+01 +0.0000e+00 +1.8000e+01 +0.0000e+00 +0.0000e+00 +4.0000e+00 +3.0000e+00
181 +9.908669094e+02 +9.908669094e+02 +9.945769094e+02 +9.945769094e+02 +0.0000e+00 +0.0000e+00 +1.0000e+00 +1.0000e+00 +0.0000e+00 +0.0000e+00 +5.0000e+00 +0.0000e+00 +0.0000e+00 +1.3000e+01 +7.0000e+00 +0.0000e+00 +1.0000e+01 +1.1000e+01 +0.0000e+00 +1.5000e+01 +0.0000e+00 +0.0000e+00 +1.0000e+00 +0.0000e+00
241 +6.140541094e+02 +6.140541094e+02 +6.177641094e+02 +6.177641094e+02 +0.0000e+00 +0.0000e+00 +0.0000e+00 +0.0000e+00 +0.0000e+00 +0.0000e+00 +2.0000e+00 +0.0000e+00 +0.0000e+00 +1.0000e+01 +4.0000e+00 +0.0000e+00 +7.0000e+00 +8.0000e+00 +0.0000e+00 +1.2000e+01 +0.0000e+00 +0.0000e+00 +0.0000e+00 +0.0000e+00
299 +3.797549094e+02 +3.797549094e+02 +3.834649094e+02 +3.834649094e+02 +4.0000e+00 +0.0000e+00 +0.0000e+00 +3.0000e+00 +0.0000e+00 +1.1000e+01 +0.0000e+00 +2.0000e+00 +0.0000e+00 +0.0000e+00 +0.0000e+00 +0.0000e+00 +2.0000e+00 +9.0000e+00 +1.0000e+00 +1.0000e+00 +0.0000e+00 +8.0000e+00 +0.0000e+00 +0.0000e+00
341 +2.497293094e+02 +2.497293094e+02 +2.534393094e+02 +2.534393094e+02 +0.0000e+00 +0.0000e+00 +0.0000e+00 +0.0000e+00 +0.0000e+00 +0.0000e+00 +0.0000e+00 +0.0000e+00 +0.0000e+00 +5.0000e+00 +0.0000e+00 +0.0000e+00 +2.0000e+00 +3.0000e+00 +0.0000e+00 +7.0000e+00 +0.0000e+00 +0.0000e+00 +0.0000e+00 +0.0000e+00
399 +1.520589094e+02 +1.520589094e+02 +1.557689094e+02 +1.557689094e+02 +0.0000e+00 +0.0000e+00 +0.0000e+00 +0.0000e+00 +0.0000e+00 +6.0000e+00 +0.0000e+00 +0.0000e+00 +0.0000e+00 +0.0000e+00 +0.0000e+00 +0.0000e+00 +0.0000e+00 +4.0000e+00 +0.0000e+00 +0.0000e+00 +0.0000e+00 +3.0000e+00 +0.0000e+00 +0.0000e+00
459 +9.786690944e+01 +9.786690944e+01 +1.015769094e+02 +1.015769094e+02 +0.0000e+00 +0.0000e+00 +0.0000e+00 +0.0000e+00 +0.0000e+00 +3.0000e+00 +0.0000e+00 +0.0000e+00 +0.0000e+00 +0.0000e+00 +0.0000e+00 +0.0000e+00 +0.0000e+00 +1.0000e+00 +0.0000e+00 +0.0000e+00 +0.0000e+00 +0.0000e+00 +0.0000e+00 +0.0000e+00
% function evaluation | noise-free fitness - Fopt (9.478000000000e+01) | best noise-free fitness - Fopt | measured fitness | best measured fitness | x1 | x2...
1 +6.002795833e+03 +6.002795833e+03 +6.097575833e+03 +6.097575833e+03 +2.8000e+01 +1.0000e+00 +2.1000e+01 +1.3000e+01 +0.0000e+00 +1.4000e+01 +2.7000e+01 +2.6000e+01 +5.0000e+00 +3.0000e+01 +3.0000e+01 +1.0000e+01 +3.0000e+01 +3.0000e+00 +2.0000e+01 +3.0000e+00 +2.0000e+00 +1.1000e+01 +9.0000e+00 +0.0000e+00
44 +3.967144633e+03 +3.967144633e+03 +4.061924633e+03 +4.061924633e+03 +2.0000e+00 +2.0000e+01 +6.0000e+00 +5.0000e+00 +0.0000e+00 +1.3000e+01 +2.0000e+01 +1.1000e+01 +0.0000e+00 +2.8000e+01 +1.4000e+01 +2.0000e+01 +6.0000e+00 +0.0000e+00 +2.0000e+01 +4.0000e+00 +8.0000e+00 +4.0000e+00 +2.3000e+01 +2.1000e+01
118 +2.434024633e+03 +2.434024633e+03 +2.528804633e+03 +2.528804633e+03 +9.0000e+00 +4.0000e+00 +7.0000e+00 +1.2000e+01 +1.1000e+01 +1.2000e+01 +2.0000e+00 +3.0000e+00 +4.0000e+00 +1.3000e+01 +2.0000e+00 +2.0000e+00 +2.1000e+01 +1.6000e+01 +2.2000e+01 +8.0000e+00 +8.0000e+00 +1.1000e+01 +1.1000e+01 +5.0000e+00
178 +1.555643833e+03 +1.555643833e+03 +1.650423833e+03 +1.650423833e+03 +6.0000e+00 +1.0000e+00 +4.0000e+00 +9.0000e+00 +8.0000e+00 +9.0000e+00 +0.0000e+00 +0.0000e+00 +1.0000e+00 +1.0000e+01 +0.0000e+00 +0.0000e+00 +1.8000e+01 +1.3000e+01 +1.9000e+01 +5.0000e+00 +5.0000e+00 +8.0000e+00 +8.0000e+00 +2.0000e+00
238 +9.812118330e+02 +9.812118330e+02 +1.075991833e+03 +1.075991833e+03 +0.0000e+00 +3.0000e+00 +1.0000e+00 +6.0000e+00 +5.0000e+00 +6.0000e+00 +0.0000e+00 +0.0000e+00 +0.0000e+00 +7.0000e+00 +0.0000e+00 +0.0000e+00 +1.5000e+01 +1.0000e+01 +1.6000e+01 +2.0000e+00 +2.0000e+00 +5.0000e+00 +5.0000e+00 +0.0000e+00
298 +5.871734330e+02 +5.871734330e+02 +6.819534330e+02 +6.819534330e+02 +0.0000e+00 +0.0000e+00 +0.0000e+00 +3.0000e+00 +2.0000e+00 +3.0000e+00 +0.0000e+00 +0.0000e+00 +0.0000e+00 +4.0000e+00 +0.0000e+00 +0.0000e+00 +1.2000e+01 +7.0000e+00 +1.3000e+01 +0.0000e+00 +0.0000e+00 +2.0000e+00 +2.0000e+00 +0.0000e+00
349 +3.233222330e+02 +3.233222330e+02 +4.181022330e+02 +4.181022330e+02 +2.0000e+00 +0.0000e+00 +0.0000e+00 +5.0000e+00 +4.0000e+00 +9.0000e+00 +5.0000e+00 +0.0000e+00 +0.0000e+00 +0.0000e+00 +0.0000e+00 +0.0000e+00 +0.0000e+00 +0.0000e+00 +0.0000e+00 +0.0000e+00 +0.0000e+00 +7.0000e+00 +1.0000e+01 +0.0000e+00
389 +2.129990330e+02 +2.129990330e+02 +3.077790330e+02 +3.077790330e+02 +0.0000e+00 +0.0000e+00 +0.0000e+00 +3.0000e+00 +2.0000e+00 +7.0000e+00 +3.0000e+00 +0.0000e+00 +0.0000e+00 +0.0000e+00 +0.0000e+00 +0.0000e+00 +0.0000e+00 +0.0000e+00 +0.0000e+00 +0.0000e+00 +0.0000e+00 +5.0000e+00 +8.0000e+00 +0.0000e+00
429 +1.509414330e+02 +1.509414330e+02 +2.457214330e+02 +2.457214330e+02 +0.0000e+00 +0.0000e+00 +0.0000e+00 +1.0000e+00 +0.0000e+00 +5.0000e+00 +1.0000e+00 +0.0000e+00 +0.0000e+00 +0.0000e+00 +0.0000e+00 +0.0000e+00 +0.0000e+00 +0.0000e+00 +0.0000e+00 +0.0000e+00 +0.0000e+00 +3.0000e+00 +6.0000e+00 +0.0000e+00
% function evaluation | noise-free fitness - Fopt (2.339200000000e+02) | best noise-free fitness - Fopt | measured fitness | best measured fitness | x1 | x2...
1 +5.440839820e+03 +5.440839820e+03 +5.674759820e+03 +5.674759820e+03 +1.1000e+01 +7.0000e+00 +2.1000e+01 +2.1000e+01 +1.0000e+00 +2.3000e+01 +2.1000e+01 +7.0000e+00 +1.0000e+00 +2.4000e+01 +2.0000e+00 +3.0000e+01 +2.0000e+00 +3.0000e+00 +1.5000e+01 +1.6000e+01 +1.8000e+01 +3.0000e+00 +1.6000e+01 +2.9000e+01
13 +3.570687820e+03 +3.570687820e+03 +3.804607820e+03 +3.804607820e+03 +3.0000e+00 +1.3000e+01 +2.5000e+01 +3.0000e+00 +2.5000e+01 +0.0000e+00 +1.3000e+01 +1.1000e+01 +9.0000e+00 +1.3000e+01 +7.0000e+00 +6.0000e+00 +2.1000e+01 +5.0000e+00 +1.5000e+01 +6.0000e+00 +6.0000e+00 +2.1000e+01 +9.0000e+00 +0.0000e+00
73 +2.508291020e+03 +2.508291020e+03 +2.742211020e+03 +2.742211020e+03 +1.0000e+01 +0.0000e+00 +2.2000e+01 +0.0000e+00 +2.2000e+01 +0.0000e+00 +1.0000e+01 +8.0000e+00 +6.0000e+00 +1.0000e+01 +4.0000e+00 +3.0000e+00 +1.8000e+01 +2.0000e+00 +1.2000e+01 +3.0000e+00 +3.0000e+00 +1.8000e+01 +6.0000e+00 +0.0000e+00
153 +1.411199820e+03 +1.411199820e+03 +1.645119820e+03 +1.645119820e+03 +0.0000e+00 +6.0000e+00 +1.8000e+01 +0.0000e+00 +1.8000e+01 +0.0000e+00 +6.0000e+00 +4.0000e+00 +2.0000e+00 +6.0000e+00 +0.0000e+00 +0.0000e+00 +1.4000e+01 +0.0000e+00 +8.0000e+00 +0.0000e+00 +0.0000e+00 +1.4000e+01 +2.0000e+00 +0.0000e+00
213 +9.167390195e+02 +9.167390195e+02 +1.150659020e+03 +1.150659020e+03 +0.0000e+00 +3.0000e+00 +1.5000e+01 +0.0000e+00 +1.5000e+01 +0.0000e+00 +3.0000e+00 +1.0000e+00 +0.0000e+00 +3.0000e+00 +0.0000e+00 +0.0000e+00 +1.1000e+01 +0.0000e+00 +5.0000e+00 +0.0000e+00 +0.0000e+00 +1.1000e+01 +0.0000e+00 +0.0000e+00
273 +5.934174195e+02 +5.934174195e+02 +8.273374195e+02 +8.273374195e+02 +0.0000e+00 +0.0000e+00 +1.2000e+01 +0.0000e+00 +1.2000e+01 +0.0000e+00 +0.0000e+00 +0.0000e+00 +0.0000e+00 +0.0000e+00 +0.0000e+00 +0.0000e+00 +8.0000e+00 +0.0000e+00 +2.0000e+00 +0.0000e+00 +0.0000e+00 +8.0000e+00 +0.0000e+00 +0.0000e+00
333 +3.616142195e+02 +3.616142195e+02 +5.955342195e+02 +5.955342195e+02 +0.0000e+00 +0.0000e+00 +9.0000e+00 +0.0000e+00 +9.0000e+00 +0.0000e+00 +0.0000e+00 +0.0000e+00 +0.0000e+00 +0.0000e+00 +0.0000e+00 +0.0000e+00 +5.0000e+00 +0.0000e+00 +0.0000e+00 +0.0000e+00 +0.0000e+00 +5.0000e+00 +0.0000e+00 +0.0000e+00
373 +2.472750195e+02 +2.472750195e+02 +4.811950195e+02 +4.811950195e+02 +0.0000e+00 +0.0000e+00 +7.0000e+00 +0.0000e+00 +7.0000e+00 +0.0000e+00 +0.0000e+00 +0.0000e+00 +0.0000e+00 +0.0000e+00 +0.0000e+00 +0.0000e+00 +3.0000e+00 +0.0000e+00 +0.0000e+00 +0.0000e+00 +0.0000e+00 +3.0000e+00 +0.0000e+00 +0.0000e+00
415 +1.567806195e+02 +1.567806195e+02 +3.907006195e+02 +3.907006195e+02 +0.0000e+00 +0.0000e+00 +0.0000e+00 +0.0000e+00 +0.0000e+00 +8.0000e+00 +6.0000e+00 +0.0000e+00 +0.0000e+00 +5.0000e+00 +0.0000e+00 +0.0000e+00 +0.0000e+00 +0.0000e+00 +2.0000e+00 +3.0000e+00 +0.0000e+00 +7.0000e+00 +0.0000e+00 +4.0000e+00
455 +9.361581952e+01 +9.361581952e+01 +3.275358195e+02 +3.275358195e+02 +0.0000e+00 +0.0000e+00 +0.0000e+00 +0.0000e+00 +0.0000e+00 +6.0000e+00 +4.0000e+00 +0.0000e+00 +0.0000e+00 +3.0000e+00 +0.0000e+00 +0.0000e+00 +0.0000e+00 +0.0000e+00 +0.0000e+00 +1.0000e+00 +0.0000e+00 +5.0000e+00 +0.0000e+00 +2.0000e+00
% function evaluation | noise-free fitness - Fopt (-6.092000000000e+01) | best noise-free fitness - Fopt | measured fitness | best measured fitness | x1 | x2...
1 +8.137272436e+03 +8.137272436e+03 +8.076352436e+03 +8.076352436e+03 +4.0000e+00 +1.3000e+01 +2.4000e+01 +1.9000e+01 +1.8000e+01 +1.9000e+01 +2.0000e+00 +1.8000e+01 +5.0000e+00 +2.8000e+01 +2.7000e+01 +2.9000e+01 +3.0000e+01 +2.9000e+01 +2.0000e+01 +3.0000e+00 +4.0000e+00 +2.7000e+01 +2.6000e+01 +5.0000e+00
2 +4.794858036e+03 +4.794858036e+03 +4.733938036e+03 +4.733938036e+03 +3.0000e+00 +6.0000e+00 +1.8000e+01 +2.0000e+01 +0.0000e+00 +1.7000e+01 +4.0000e+00 +2.2000e+01 +2.8000e+01 +1.0000e+00 +2.1000e+01 +2.4000e+01 +1.3000e+01 +4.0000e+00 +2.3000e+01 +2.0000e+01 +7.0000e+00 +6.0000e+00 +1.2000e+01 +2.0000e+00
35 +3.845931636e+03 +3.845931636e+03 +3.785011636e+03 +3.785011636e+03 +1.0000e+01 +2.2000e+01 +1.0000e+01 +2.1000e+01 +6.0000e+00 +4.0000e+00 +9.0000e+00 +5.0000e+00 +0.0000e+00 +2.9000e+01 +2.5000e+01 +2.5000e+01 +4.0000e+00 +0.0000e+00 +5.0000e+00 +0.0000e+00 +1.0000e+00 +4.0000e+00 +2.1000e+01 +0.0000e+00
122 +2.470730036e+03 +2.470730036e+03 +2.409810036e+03 +2.409810036e+03 +0.0000e+00 +1.0000e+00 +1.2000e+01 +1.4000e+01 +0.0000e+00 +1.1000e+01 +0.0000e+00 +1.6000e+01 +2.2000e+01 +0.0000e+00 +1.5000e+01 +1.8000e+01 +7.0000e+00 +0.0000e+00 +1.7000e+01 +1.4000e+01 +1.0000e+00 +0.0000e+00 +6.0000e+00 +0.0000e+00
190 +1.522405236e+03 +1.522405236e+03 +1.461485236e+03 +1.461485236e+03 +2.1000e+01 +7.0000e+00 +0.0000e+00 +5.0000e+00 +4.0000e+00 +0.0000e+00 +1.2000e+01 +1.5000e+01 +1.3000e+01 +0.0000e+00 +0.0000e+00 +1.0000e+01 +1.0000e+00 +0.0000e+00 +0.0000e+00 +0.0000e+00 +2.0000e+00 +0.0000e+00 +5.0000e+00 +1.6000e+01
257 +9.411108365e+02 +9.411108365e+02 +8.801908365e+02 +8.801908365e+02 +0.0000e+00 +0.0000e+00 +8.0000e+00 +6.0000e+00 +1.1000e+01 +0.0000e+00 +1.6000e+01 +0.0000e+00 +6.0000e+00 +0.0000e+00 +0.0000e+00 +1.5000e+01 +0.0000e+00 +6.0000e+00 +1.0000e+00 +1.0000e+00 +1.0000e+00 +9.0000e+00 +0.0000e+00 +6.0000e+00
302 +6.052772365e+02 +6.052772365e+02 +5.443572365e+02 +5.443572365e+02 +0.0000e+00 +0.0000e+00 +3.0000e+00 +5.0000e+00 +0.0000e+00 +2.0000e+00 +0.0000e+00 +7.0000e+00 +1.3000e+01 +0.0000e+00 +6.0000e+00 +9.0000e+00 +0.0000e+00 +0.0000e+00 +8.0000e+00 +5.0000e+00 +0.0000e+00 +0.0000e+00 +0.0000e+00 +0.0000e+00
350 +3.277764365e+02 +3.277764365e+02 +2.668564365e+02 +2.668564365e+02 +3.0000e+00 +9.0000e+00 +0.0000e+00 +0.0000e+00 +0.0000e+00 +0.0000e+00 +4.0000e+00 +7.0000e+00 +5.0000e+00 +0.0000e+00 +0.0000e+00 +2.0000e+00 +0.0000e+00 +0.0000e+00 +0.0000e+00 +0.0000e+00 +0.0000e+00 +0.0000e+00 +0.0000e+00 +8.0000e+00
390 +2.270196365e+02 +2.270196365e+02 +1.660996365e+02 +1.660996365e+02 +1.0000e+00 +8.0000e+00 +0.0000e+00 +0.0000e+00 +0.0000e+00 +0.0000e+00 +2.0000e+00 +5.0000e+00 +3.0000e+00 +0.0000e+00 +0.0000e+00 +0.0000e+00 +0.0000e+00 +0.0000e+00 +0.0000e+00 +0.0000e+00 +0.0000e+00 +0.0000e+00 +0.0000e+00 +6.0000e+00
430 +1.446804365e+02 +1.446804365e+02 +8.376043648e+01 +8.376043648e+01 +3.0000e+00 +2.0000e+00 +0.0000e+00 +0.0000e+00 +0.0000e+00 +0.0000e+00 +0.0000e+00 +3.0000e+00 +1.0000e+00 +0.0000e+00 +0.0000e+00 +0.0000e+00 +0.0000e+00 +0.0000e+00 +0.0000e+00 +0.0000e+00 +0.0000e+00 +0.0000e+00 +0.0000e+00 +4.0000e+00
% function evaluation | noise-free fitness - Fopt (-1.948000000000e+01) | best noise-free fitness - Fopt | measured fitness | best measured fitness | x1 | x2...
1 +5.343600972e+03 +5.343600972e+03 +5.324120972e+03 +5.324120972e+03 +2.4000e+01 +1.0000e+00 +1.0000e+00 +2.2000e+01 +1.0000e+01 +2.0000e+01 +1.4000e+01 +1.4000e+01 +1.7000e+01 +7.0000e+00 +1.0000e+00 +1.8000e+01 +1.3000e+01 +2.8000e+01 +6.0000e+00 +2.7000e+01 +2.5000e+01 +1.9000e+01 +1.0000e+00 +7.0000e+00
9 +3.953554572e+03 +3.953554572e+03 +3.934074572e+03 +3.934074572e+03 +1.9000e+01 +5.0000e+00 +3.0000e+00 +2.0000e+00 +1.1000e+01 +3.0000e+00 +3.0000e+00 +1.6000e+01 +3.0000e+00 +1.1000e+01 +1.5000e+01 +8.0000e+00 +2.2000e+01 +2.2000e+01 +2.8000e+01 +5.0000e+00 +0.0000e+00 +3.0000e+00 +2.2000e+01 +2.5000e+01
89 +2.494884172e+03 +2.494884172e+03 +2.475404172e+03 +2.475404172e+03 +1.5000e+01 +1.0000e+00 +0.0000e+00 +0.0000e+00 +7.0000e+00 +0.0000e+00 +0.0000e+00 +1.2000e+01 +0.0000e+00 +7.0000e+00 +1.1000e+01 +4.0000e+00 +1.8000e+01 +1.8000e+01 +2.4000e+01 +1.0000e+00 +0.0000e+00 +0.0000e+00 +1.8000e+01 +2.1000e+01
169 +1.457160972e+03 +1.457160972e+03 +1.437680972e+03 +1.437680972e+03 +1.1000e+01 +0.0000e+00 +0.0000e+00 +0.0000e+00 +3.0000e+00 +0.0000e+00 +0.0000e+00 +8.0000e+00 +0.0000e+00 +3.0000e+00 +7.0000e+00 +0.0000e+00 +1.4000e+01 +1.4000e+01 +2.0000e+01 +0.0000e+00 +0.0000e+00 +0.0000e+00 +1.4000e+01 +1.7000e+01
229 +8.571241722e+02 +8.571241722e+02 +8.376441722e+02 +8.376441722e+02 +3.0000e+00 +4.0000e+00 +0.0000e+00 +0.0000e+00 +0.0000e+00 +0.0000e+00 +0.0000e+00 +5.0000e+00 +0.0000e+00 +0.0000e+00 +4.0000e+00 +0.0000e+00 +1.1000e+01 +1.1000e+01 +1.7000e+01 +0.0000e+00 +0.0000e+00 +0.0000e+00 +1.1000e+01 +1.4000e+01
269 +5.890249722e+02 +5.890249722e+02 +5.695449722e+02 +5.695449722e+02 +1.0000e+00 +2.0000e+00 +0.0000e+00 +0.0000e+00 +0.0000e+00 +0.0000e+00 +0.0000e+00 +3.0000e+00 +0.0000e+00 +0.0000e+00 +2.0000e+00 +0.0000e+00 +9.0000e+00 +9.0000e+00 +1.5000e+01 +0.0000e+00 +0.0000e+00 +0.0000e+00 +9.0000e+00 +1.2000e+01
309 +3.938361722e+02 +3.938361722e+02 +3.743561722e+02 +3.743561722e+02 +0.0000e+00 +0.0000e+00 +0.0000e+00 +0.0000e+00 +0.0000e+00 +0.0000e+00 +0.0000e+00 +1.0000e+00 +0.0000e+00 +0.0000e+00 +0.0000e+00 +0.0000e+00 +7.0000e+00 +7.0000e+00 +1.3000e+01 +0.0000e+00 +0.0000e+00 +0.0000e+00 +7.0000e+00 +1.0000e+01
369 +2.199177722e+02 +2.199177722e+02 +2.004377722e+02 +2.004377722e+02 +0.0000e+00 +0.0000e+00 +0.0000e+00 +0.0000e+00 +0.0000e+00 +0.0000e+00 +0.0000e+00 +0.0000e+00 +0.0000e+00 +0.0000e+00 +0.0000e+00 +0.0000e+00 +4.0000e+00 +4.0000e+00 +1.0000e+01 +0.0000e+00 +0.0000e+00 +0.0000e+00 +4.0000e+00 +7.0000e+00
404 +1.471065722e+02 +1.471065722e+02 +1.276265722e+02 +1.276265722e+02 +1.0000e+00 +6.0000e+00 +0.0000e+00 +0.0000e+00 +0.0000e+00 +0.0000e+00 +0.0000e+00 +0.0000e+00 +0.0000e+00 +7.0000e+00 +0.0000e+00 +0.0000e+00 +7.0000e+00 +0.0000e+00 +0.0000e+00 +0.0000e+00 +1.0000e+00 +0.0000e+00 +0.0000e+00 +0.0000e+00
464 +8.955617216e+01 +8.955617216e+01 +7.007617216e+01 +7.007617216e+01 +0.0000e+00 +2.0000e+00 +0.0000e+00 +0.0000e+00 +0.0000e+00 +0.0000e+00 +0.0000e+00 +0.0000e+00 +0.0000e+00 +4.0000e+00 +0.0000e+00 +0.0000e+00 +4.0000e+00 +0.0000e+00 +0.0000e+00 +0.0000e+00 +0.0000e+00 +0.0000e+00 +0.0000e+00 +0.0000e+00
% function evaluation | noise-free fitness - Fopt (1.344700000000e+02) | best noise-free fitness - Fopt | measured fitness | best measured fitness | x1 | x2...
1 +7.524011866e+03 +7.524011866e+03 +7.658481866e+03 +7.658481866e+03 +2.3000e+01 +1.1000e+01 +2.7000e+01 +1.7000e+01 +2.9000e+01 +1.7000e+01 +1.4000e+01 +7.0000e+00 +2.1000e+01 +5.0000e+00 +3.0000e+00 +2.6000e+01 +1.0000e+01 +2.4000e+01 +3.0000e+00 +1.1000e+01 +2.7000e+01 +1.2000e+01 +2.6000e+01 +1.0000e+00
2 +5.749851866e+03 +5.749851866e+03 +5.884321866e+03 +5.884321866e+03 +1.8000e+01 +1.7000e+01 +1.4000e+01 +0.0000e+00 +2.6000e+01 +1.1000e+01 +7.0000e+00 +1.1000e+01 +1.2000e+01 +3.0000e+01 +1.8000e+01 +6.0000e+00 +2.0000e+00 +1.0000e+00 +2.7000e+01 +1.4000e+01 +2.7000e+01 +3.0000e+00 +9.0000e+00 +2.0000e+00
10 +3.829674266e+03 +3.829674266e+03 +3.964144266e+03 +3.964144266e+03 +0.0000e+00 +2.0000e+00 +0.0000e+00 +1.0000e+01 +1.8000e+01 +2.0000e+01 +2.0000e+01 +3.0000e+00 +1.4000e+01 +1.0000e+01 +2.4000e+01 +9.0000e+00 +1.0000e+00 +5.0000e+00 +1.1000e+01 +1.0000e+01 +6.0000e+00 +2.6000e+01 +6.0000e+00 +1.1000e+01
90 +2.299379866e+03 +2.299379866e+03 +2.433849866e+03 +2.433849866e+03 +0.0000e+00 +0.0000e+00 +0.0000e+00 +6.0000e+00 +1.4000e+01 +1.6000e+01 +1.6000e+01 +0.0000e+00 +1.0000e+01 +6.0000e+00 +2.0000e+01 +5.0000e+00 +0.0000e+00 +1.0000e+00 +7.0000e+00 +6.0000e+00 +2.0000e+00 +2.2000e+01 +2.0000e+00 +7.0000e+00
150 +1.486282266e+03 +1.486282266e+03 +1.620752266e+03 +1.620752266e+03 +0.0000e+00 +0.0000e+00 +0.0000e+00 +3.0000e+00 +1.1000e+01 +1.3000e+01 +1.3000e+01 +0.0000e+00 +7.0000e+00 +3.0000e+00 +1.7000e+01 +2.0000e+00 +0.0000e+00 +0.0000e+00 +4.0000e+00 +3.0000e+00 +0.0000e+00 +1.9000e+01 +0.0000e+00 +4.0000e+00
210 +9.173958662e+02 +9.173958662e+02 +1.051865866e+03 +1.051865866e+03 +0.0000e+00 +0.0000e+00 +0.0000e+00 +0.0000e+00 +8.0000e+00 +1.0000e+01 +1.0000e+01 +0.0000e+00 +4.0000e+00 +0.0000e+00 +1.4000e+01 +0.0000e+00 +0.0000e+00 +0.0000e+00 +1.0000e+00 +0.0000e+00 +0.0000e+00 +1.6000e+01 +0.0000e+00 +1.0000e+00
270 +5.642054662e+02 +5.642054662e+02 +6.986754662e+02 +6.986754662e+02 +0.0000e+00 +0.0000e+00 +0.0000e+00 +0.0000e+00 +5.0000e+00 +7.0000e+00 +7.0000e+00 +0.0000e+00 +1.0000e+00 +0.0000e+00 +1.1000e+01 +0.0000e+00 +0.0000e+00 +0.0000e+00 +0.0000e+00 +0.0000e+00 +0.0000e+00 +1.3000e+01 +0.0000e+00 +0.0000e+00
330 +3.348422662e+02 +3.348422662e+02 +4.693122662e+02 +4.693122662e+02 +0.0000e+00 +0.0000e+00 +0.0000e+00 +0.0000e+00 +2.0000e+00 +4.0000e+00 +4.0000e+00 +0.0000e+00 +0.0000e+00 +0.0000e+00 +8.0000e+00 +0.0000e+00 +0.0000e+00 +0.0000e+00 +0.0000e+00 +0.0000e+00 +0.0000e+00 +1.0000e+01 +0.0000e+00 +0.0000e+00
370 +2.368582662e+02 +2.368582662e+02 +3.713282662e+02 +3.713282662e+02 +0.0000e+00 +0.0000e+00 +0.0000e+00 +0.0000e+00 +0.0000e+00 +2.0000e+00 +2.0000e+00 +0.0000e+00 +0.0000e+00 +0.0000e+00 +6.0000e+00 +0.0000e+00 +0.0000e+00 +0.0000e+00 +0.0000e+00 +0.0000e+00 +0.0000e+00 +8.0000e+00 +0.0000e+00 +0.0000e+00
450 +1.515558662e+02 +1.515558662e+02 +2.860258662e+02 +2.860258662e+02 +0.0000e+00 +0.0000e+00 +0.0000e+00 +0.0000e+00 +0.0000e+00 +0.0000e+00 +0.0000e+00 +0.0000e+00 +0.0000e+00 +0.0000e+00 +2.0000e+00 +0.0000e+00 +0.0000e+00 +0.0000e+00 +0.0000e+00 +0.0000e+00 +0.0000e+00 +4.0000e+00 +0.0000e+00 +0.0000e+00
% function evaluation | noise-free fitness - Fopt (4.453500000000e+02) | best noise-free fitness - Fopt | measured fitness | best measured fitness | x1 | x2...
1 +5.934057145e+03 +5.934057145e+03 +6.379407145e+03 +6.379407145e+03 +0.0000e+00 +1.0000e+00 +2.4000e+01 +1.7000e+01 +7.0000e+00 +2.9000e+01 +2.0000e+01 +1.9000e+01 +1.8000e+01 +4.0000e+00 +4.0000e+00 +1.0000e+01 +1.9000e+01 +1.4000e+01 +3.0000e+01 +5.0000e+00 +2.5000e+01 +1.0000e+01 +1.2000e+01 +3.0000e+01
3 +3.763148345e+03 +3.763148345e+03 +4.208498345e+03 +4.208498345e+03 +8.0000e+00 +1.5000e+01 +1.2000e+01 +2.2000e+01 +1.5000e+01 +1.6000e+01 +0.0000e+00 +1.2000e+01 +4.0000e+00 +2.4000e+01 +1.3000e+01 +4.0000e+00 +2.5000e+01 +1.7000e+01 +8.0000e+00 +1.7000e+01 +7.0000e+00 +6.0000e+00 +1.4000e+01 +5.0000e+00
83 +2.226180345e+03 +2.226180345e+03 +2.671530345e+03 +2.671530345e+03 +3.0000e+00 +1.2000e+01 +8.0000e+00 +1.8000e+01 +1.1000e+01 +1.2000e+01 +0.0000e+00 +8.0000e+00 +0.0000e+00 +2.0000e+01 +9.0000e+00 +0.0000e+00 +2.1000e+01 +1.3000e+01 +4.0000e+00 +1.3000e+01 +3.0000e+00 +2.0000e+00 +1.0000e+01 +1.0000e+00
143 +1.528351545e+03 +1.528351545e+03 +1.973701545e+03 +1.973701545e+03 +9.0000e+00 +0.0000e+00 +5.0000e+00 +1.5000e+01 +8.0000e+00 +9.0000e+00 +0.0000e+00 +5.0000e+00 +0.0000e+00 +1.7000e+01 +6.0000e+00 +0.0000e+00 +1.8000e+01 +1.0000e+01 +1.0000e+00 +1.0000e+01 +0.0000e+00 +0.0000e+00 +7.0000e+00 +0.0000e+00
203 +9.492267450e+02 +9.492267450e+02 +1.394576745e+03 +1.394576745e+03 +6.0000e+00 +0.0000e+00 +2.0000e+00 +1.2000e+01 +5.0000e+00 +6.0000e+00 +0.0000e+00 +2.0000e+00 +0.0000e+00 +1.4000e+01 +3.0000e+00 +0.0000e+00 +1.5000e+01 +7.0000e+00 +0.0000e+00 +7.0000e+00 +0.0000e+00 +0.0000e+00 +4.0000e+00 +0.0000e+00
263 +5.802827450e+02 +5.802827450e+02 +1.025632745e+03 +1.025632745e+03 +3.0000e+00 +0.0000e+00 +0.0000e+00 +9.0000e+00 +2.0000e+00 +3.0000e+00 +0.0000e+00 +0.0000e+00 +0.0000e+00 +1.1000e+01 +0.0000e+00 +0.0000e+00 +1.2000e+01 +4.0000e+00 +0.0000e+00 +4.0000e+00 +0.0000e+00 +0.0000e+00 +1.0000e+00 +0.0000e+00
323 +3.453547450e+02 +3.453547450e+02 +7.907047450e+02 +7.907047450e+02 +0.0000e+00 +0.0000e+00 +0.0000e+00 +6.0000e+00 +0.0000e+00 +0.0000e+00 +0.0000e+00 +0.0000e+00 +0.0000e+00 +8.0000e+00 +0.0000e+00 +0.0000e+00 +9.0000e+00 +1.0000e+00 +0.0000e+00 +1.0000e+00 +0.0000e+00 +0.0000e+00 +0.0000e+00 +0.0000e+00
363 +2.470523450e+02 +2.470523450e+02 +6.924023450e+02 +6.924023450e+02 +0.0000e+00 +0.0000e+00 +0.0000e+00 +4.0000e+00 +0.0000e+00 +0.0000e+00 +0.0000e+00 +0.0000e+00 +0.0000e+00 +6.0000e+00 +0.0000e+00 +0.0000e+00 +7.0000e+00 +0.0000e+00 +0.0000e+00 +0.0000e+00 +0.0000e+00 +0.0000e+00 +0.0000e+00 +0.0000e+00
425 +1.562779450e+02 +1.562779450e+02 +6.016279450e+02 +6.016279450e+02 +0.0000e+00 +0.0000e+00 +0.0000e+00 +0.0000e+00 +0.0000e+00 +0.0000e+00 +0.0000e+00 +3.0000e+00 +0.0000e+00 +3.0000e+00 +0.0000e+00 +0.0000e+00 +0.0000e+00 +0.0000e+00 +5.0000e+00 +0.0000e+00 +0.0000e+00 +0.0000e+00 +0.0000e+00 +0.0000e+00
