% function evaluation | noise-free fitness - Fopt (7.948000000000e+01) | best noise-free fitness - Fopt | measured fitness | best measured fitness | x1 | x2...
1 +2.263968128e+26 +2.263968128e+26 +2.263968128e+26 +2.263968128e+26 +1.5046e+13 +0.0000e+00 +0.0000e+00 +0.0000e+00 +0.0000e+00
15 +1.021094130e+26 +1.021094130e+26 +1.021094130e+26 +1.021094130e+26 +1.0105e+13 +0.0000e+00 +0.0000e+00 +0.0000e+00 +0.0000e+00
26 +3.022776306e+25 +3.022776306e+25 +3.022776306e+25 +3.022776306e+25 +5.4980e+12 +0.0000e+00 +0.0000e+00 +0.0000e+00 +0.0000e+00
38 +2.366433473e+25 +2.366433473e+25 +2.366433473e+25 +2.366433473e+25 +4.8646e+12 +0.0000e+00 +0.0000e+00 +0.0000e+00 +0.0000e+00
54 +2.592168978e+24 +2.592168978e+24 +2.592168978e+24 +2.592168978e+24 +1.6100e+12 +0.0000e+00 +0.0000e+00 +0.0000e+00 +0.0000e+00
87 +9.852348054e+22 +9.852348054e+22 +9.852348054e+22 +9.852348054e+22 +3.1388e+11 +0.0000e+00 +0.0000e+00 +0.0000e+00 +0.0000e+00
198 +2.242776916e+21 +2.242776916e+21 +2.242776916e+21 +2.242776916e+21 +4.7358e+10 +0.0000e+00 +0.0000e+00 +0.0000e+00 +0.0000e+00
% function evaluation | noise-free fitness - Fopt (3.944800000000e+02) | best noise-free fitness - Fopt | measured fitness | best measured fitness | x1 | x2...
1 +1.798968863e+24 +1.798968863e+24 +1.798968863e+24 +1.798968863e+24 +1.3413e+12 +0.0000e+00 +0.0000e+00 +0.0000e+00 +0.0000e+00
16 +3.995007391e+23 +3.995007391e+23 +3.995007391e+23 +3.995007391e+23 +6.3206e+11 +0.0000e+00 +0.0000e+00 +0.0000e+00 +0.0000e+00
48 +2.081735910e+23 +2.081735910e+23 +2.081735910e+23 +2.081735910e+23 +4.5626e+11 +0.0000e+00 +0.0000e+00 +0.0000e+00 +0.0000e+00
311 +2.093614604e+22 +2.093614604e+22 +2.093614604e+22 +2.093614604e+22 +1.4469e+11 +0.0000e+00 +0.0000e+00 +0.0000e+00 +0.0000e+00
425 +1.682531614e+21 +1.682531614e+21 +1.682531614e+21 +1.682531614e+21 +4.1019e+10 +0.0000e+00 +0.0000e+00 +0.0000e+00 +0.0000e+00
% function evaluation | noise-free fitness - Fopt (-2.471100000000e+02) | best noise-free fitness - Fopt | measured fitness | best measured fitness | x1 | x2...
1 +1.372699117e+26 +1.372699117e+26 +1.372699117e+26 +1.372699117e+26 +1.1716e+13 +0.0000e+00 +0.0000e+00 +0.0000e+00 +0.0000e+00
2 +8.335420064e+25 +8.335420064e+25 +8.335420064e+25 +8.335420064e+25 +9.1299e+12 +0.0000e+00 +0.0000e+00 +0.0000e+00 +0.0000e+00
4 +1.594690490e+25 +1.594690490e+25 +1.594690490e+25 +1.594690490e+25 +3.9934e+12 +0.0000e+00 +0.0000e+00 +0.0000e+00 +0.0000e+00
43 +2.952603115e+24 +2.952603115e+24 +2.952603115e+24 +2.952603115e+24 +1.7183e+12 +0.0000e+00 +0.0000e+00 +0.0000e+00 +0.0000e+00
177 +1.614349866e+24 +1.614349866e+24 +1.614349866e+24 +1.614349866e+24 +1.2706e+12 +0.0000e+00 +0.0000e+00 +0.0000e+00 +0.0000e+00
182 +3.218004587e+23 +3.218004587e+23 +3.218004587e+23 +3.218004587e+23 +5.6727e+11 +0.0000e+00 +0.0000e+00 +0.0000e+00 +0.0000e+00
482 +5.084274853e+22 +5.084274853e+22 +5.084274853e+22 +5.084274853e+22 +2.2548e+11 +0.0000e+00 +0.0000e+00 +0.0000e+00 +0.0000e+00
% function evaluation | noise-free fitness - Fopt (-1.520400000000e+02) | best noise-free fitness - Fopt | measured fitness | best measured fitness | x1 | x2...
1 +8.530800833e+25 +8.530800833e+25 +8.530800833e+25 +8.530800833e+25 +9.2362e+12 +0.0000e+00 +0.0000e+00 +0.0000e+00 +0.0000e+00
2 +3.560493558e+25 +3.560493558e+25 +3.560493558e+25 +3.560493558e+25 +5.9670e+12 +0.0000e+00 +0.0000e+00 +0.0000e+00 +0.0000e+00
19 +1.115341120e+25 +1.115341120e+25 +1.115341120e+25 +1.115341120e+25 +3.3397e+12 +0.0000e+00 +0.0000e+00 +0.0000e+00 +0.0000e+00
26 +5.041872531e+24 +5.041872531e+24 +5.041872531e+24 +5.041872531e+24 +2.2454e+12 +0.0000e+00 +0.0000e+00 +0.0000e+00 +0.0000e+00
42 +9.117341557e+23 +9.117341557e+23 +9.117341557e+23 +9.117341557e+23 +9.5485e+11 +0.0000e+00 +0.0000e+00 +0.0000e+00 +0.0000e+00
71 +5.187767671e+23 +5.187767671e+23 +5.187767671e+23 +5.187767671e+23 +7.2026e+11 +0.0000e+00 +0.0000e+00 +0.0000e+00 +0.0000e+00
93 +2.081069764e+23 +2.081069764e+23 +2.081069764e+23 +2.081069764e+23 +4.5619e+11 +0.0000e+00 +0.0000e+00 +0.0000e+00 +0.0000e+00
292 +7.553017129e+21 +7.553017129e+21 +7.553017129e+21 +7.553017129e+21 +8.6908e+10 +0.0000e+00 +0.0000e+00 +0.0000e+00 +0.0000e+00
% function evaluation | noise-free fitness - Fopt (-2.525000000000e+01) | best noise-free fitness - Fopt | measured fitness | best measured fitness | x1 | x2...
1 +4.629508045e+26 +4.629508045e+26 +4.629508045e+26 +4.629508045e+26 +2.1516e+13 +0.0000e+00 +0.0000e+00 +0.0000e+00 +0.0000e+00
4 +1.007753918e+26 +1.007753918e+26 +1.007753918e+26 +1.007753918e+26 +1.0039e+13 +0.0000e+00 +0.0000e+00 +0.0000e+00 +0.0000e+00
16 +4.163242108e+25 +4.163242108e+25 +4.163242108e+25 +4.163242108e+25 +6.4523e+12 +0.0000e+00 +0.0000e+00 +0.0000e+00 +0.0000e+00
39 +2.574909310e+25 +2.574909310e+25 +2.574909310e+25 +2.574909310e+25 +5.0744e+12 +0.0000e+00 +0.0000e+00 +0.0000e+00 +0.0000e+00
48 +1.212044418e+25 +1.212044418e+25 +1.212044418e+25 +1.212044418e+25 +3.4814e+12 +0.0000e+00 +0.0000e+00 +0.0000e+00 +0.0000e+00
68 +2.926277807e+24 +2.926277807e+24 +2.926277807e+24 +2.926277807e+24 +1.7106e+12 +0.0000e+00 +0.0000e+00 +0.0000e+00 +0.0000e+00
98 +1.912712388e+24 +1.912712388e+24 +1.912712388e+24 +1.912712388e+24 +1.3830e+12 +0.0000e+00 +0.0000e+00 +0.0000e+00 +0.0000e+00
104 +1.267517635e+23 +1.267517635e+23 +1.267517635e+23 +1.267517635e+23 +3.5602e+11 +0.0000e+00 +0.0000e+00 +0.0000e+00 +0.0000e+00
317 +9.861596069e+19 +9.861596069e+19 +9.861596069e+19 +9.861596069e+19 +9.9306e+09 +0.0000e+00 +0.0000e+00 +0.0000e+00 +0.0000e+00
% function evaluation | noise-free fitness - Fopt (2.230000000000e+00) | best noise-free fitness - Fopt | measured fitness | best measured fitness | x1 | x2...
1 +1.185213749e+27 +1.185213749e+27 +1.185213749e+27 +1.185213749e+27 +3.4427e+13 +0.0000e+00 +0.0000e+00 +0.0000e+00 +0.0000e+00
2 +3.450478380e+26 +3.450478380e+26 +3.450478380e+26 +3.450478380e+26 +1.8575e+13 +0.0000e+00 +0.0000e+00 +0.0000e+00 +0.0000e+00
11 +3.099812203e+25 +3.099812203e+25 +3.099812203e+25 +3.099812203e+25 +5.5676e+12 +0.0000e+00 +0.0000e+00 +0.0000e+00 +0.0000e+00
14 +1.797288840e+25 +1.797288840e+25 +1.797288840e+25 +1.797288840e+25 +4.2394e+12 +0.0000e+00 +0.0000e+00 +0.0000e+00 +0.0000e+00
15 +1.557278260e+22 +1.557278260e+22 +1.557278260e+22 +1.557278260e+22 +1.2479e+11 +0.0000e+00 +0.0000e+00 +0.0000e+00 +0.0000e+00
% function evaluation | noise-free fitness - Fopt (-1.308000000000e+01) | best noise-free fitness - Fopt | measured fitness | best measured fitness | x1 | x2...
1 +8.307010838e+26 +8.307010838e+26 +8.307010838e+26 +8.307010838e+26 +2.8822e+13 +0.0000e+00 +0.0000e+00 +0.0000e+00 +0.0000e+00
4 +1.831529964e+26 +1.831529964e+26 +1.831529964e+26 +1.831529964e+26 +1.3533e+13 +0.0000e+00 +0.0000e+00 +0.0000e+00 +0.0000e+00
7 +1.314427595e+26 +1.314427595e+26 +1.314427595e+26 +1.314427595e+26 +1.1465e+13 +0.0000e+00 +0.0000e+00 +0.0000e+00 +0.0000e+00
13 +2.469522211e+25 +2.469522211e+25 +2.469522211e+25 +2.469522211e+25 +4.9694e+12 +0.0000e+00 +0.0000e+00 +0.0000e+00 +0.0000e+00
18 +1.033875005e+25 +1.033875005e+25 +1.033875005e+25 +1.033875005e+25 +3.2154e+12 +0.0000e+00 +0.0000e+00 +0.0000e+00 +0.0000e+00
41 +6.012005151e+24 +6.012005151e+24 +6.012005151e+24 +6.012005151e+24 +2.4519e+12 +0.0000e+00 +0.0000e+00 +0.0000e+00 +0.0000e+00
82 +2.218915432e+24 +2.218915432e+24 +2.218915432e+24 +2.218915432e+24 +1.4896e+12 +0.0000e+00 +0.0000e+00 +0.0000e+00 +0.0000e+00
195 +6.885779763e+22 +6.885779763e+22 +6.885779763e+22 +6.885779763e+22 +2.6241e+11 +0.0000e+00 +0.0000e+00 +0.0000e+00 +0.0000e+00
% function evaluation | noise-free fitness - Fopt (2.671600000000e+02) | best noise-free fitness - Fopt | measured fitness | best measured fitness | x1 | x2...
1 +1.153522115e+26 +1.153522115e+26 +1.153522115e+26 +1.153522115e+26 +1.0740e+13 +0.0000e+00 +0.0000e+00 +0.0000e+00 +0.0000e+00
2 +8.081724679e+25 +8.081724679e+25 +8.081724679e+25 +8.081724679e+25 +8.9898e+12 +0.0000e+00 +0.0000e+00 +0.0000e+00 +0.0000e+00
3 +1.214763994e+25 +1.214763994e+25 +1.214763994e+25 +1.214763994e+25 +3.4853e+12 +0.0000e+00 +0.0000e+00 +0.0000e+00 +0.0000e+00
39 +7.959878502e+23 +7.959878502e+23 +7.959878502e+23 +7.959878502e+23 +8.9218e+11 +0.0000e+00 +0.0000e+00 +0.0000e+00 +0.0000e+00
113 +3.487764554e+21 +3.487764554e+21 +3.487764554e+21 +3.487764554e+21 +5.9057e+10 +0.0000e+00 +0.0000e+00 +0.0000e+00 +0.0000e+00
% function evaluation | noise-free fitness - Fopt (3.710000000000e+00) | best noise-free fitness - Fopt | measured fitness | best measured fitness | x1 | x2...
1 +1.079513376e+25 +1.079513376e+25 +1.079513376e+25 +1.079513376e+25 +3.2856e+12 +0.0000e+00 +0.0000e+00 +0.0000e+00 +0.0000e+00
4 +5.486354728e+24 +5.486354728e+24 +5.486354728e+24 +5.486354728e+24 +2.3423e+12 +0.0000e+00 +0.0000e+00 +0.0000e+00 +0.0000e+00
28 +1.142939953e+24 +1.142939953e+24 +1.142939953e+24 +1.142939953e+24 +1.0691e+12 +0.0000e+00 +0.0000e+00 +0.0000e+00 +0.0000e+00
58 +6.699980293e+23 +6.699980293e+23 +6.699980293e+23 +6.699980293e+23 +8.1853e+11 +0.0000e+00 +0.0000e+00 +0.0000e+00 +0.0000e+00
73 +3.336592133e+23 +3.336592133e+23 +3.336592133e+23 +3.336592133e+23 +5.7763e+11 +0.0000e+00 +0.0000e+00 +0.0000e+00 +0.0000e+00
201 +1.545452056e+23 +1.545452056e+23 +1.545452056e+23 +1.545452056e+23 +3.9312e+11 +0.0000e+00 +0.0000e+00 +0.0000e+00 +0.0000e+00
408 +3.896020141e+22 +3.896020141e+22 +3.896020141e+22 +3.896020141e+22 +1.9738e+11 +0.0000e+00 +0.0000e+00 +0.0000e+00 +0.0000e+00
448 +1.529271521e+22 +1.529271521e+22 +1.529271521e+22 +1.529271521e+22 +1.2366e+11 +0.0000e+00 +0.0000e+00 +0.0000e+00 +0.0000e+00
% function evaluation | noise-free fitness - Fopt (9.478000000000e+01) | best noise-free fitness - Fopt | measured fitness | best measured fitness | x1 | x2...
1 +4.871022618e+26 +4.871022618e+26 +4.871022618e+26 +4.871022618e+26 +2.2070e+13 +0.0000e+00 +0.0000e+00 +0.0000e+00 +0.0000e+00
2 +1.145270471e+26 +1.145270471e+26 +1.145270471e+26 +1.145270471e+26 +1.0702e+13 +0.0000e+00 +0.0000e+00 +0.0000e+00 +0.0000e+00
3 +1.656021927e+25 +1.656021927e+25 +1.656021927e+25 +1.656021927e+25 +4.0694e+12 +0.0000e+00 +0.0000e+00 +0.0000e+00 +0.0000e+00
7 +7.838809363e+24 +7.838809363e+24 +7.838809363e+24 +7.838809363e+24 +2.7998e+12 +0.0000e+00 +0.0000e+00 +0.0000e+00 +0.0000e+00
9 +4.695644496e+23 +4.695644496e+23 +4.695644496e+23 +4.695644496e+23 +6.8525e+11 +0.0000e+00 +0.0000e+00 +0.0000e+00 +0.0000e+00
129 +3.149519547e+23 +3.149519547e+23 +3.149519547e+23 +3.149519547e+23 +5.6121e+11 +0.0000e+00 +0.0000e+00 +0.0000e+00 +0.0000e+00
157 +1.229868057e+21 +1.229868057e+21 +1.229868057e+21 +1.229868057e+21 +3.5069e+10 +0.0000e+00 +0.0000e+00 +0.0000e+00 +0.0000e+00
% function evaluation | noise-free fitness - Fopt (2.339200000000e+02) | best noise-free fitness - Fopt | measured fitness | best measured fitness | x1 | x2...
1 +2.177145720e+25 +2.177145720e+25 +2.177145720e+25 +2.177145720e+25 +4.6660e+12 +0.0000e+00 +0.0000e+00 +0.0000e+00 +0.0000e+00
24 +5.612592216e+24 +5.612592216e+24 +5.612592216e+24 +5.612592216e+24 +2.3691e+12 +0.0000e+00 +0.0000e+00 +0.0000e+00 +0.0000e+00
78 +3.478450951e+24 +3.478450951e+24 +3.478450951e+24 +3.478450951e+24 +1.8651e+12 +0.0000e+00 +0.0000e+00 +0.0000e+00 +0.0000e+00
83 +2.507913538e+24 +2.507913538e+24 +2.507913538e+24 +2.507913538e+24 +1.5836e+12 +0.0000e+00 +0.0000e+00 +0.0000e+00 +0.0000e+00
159 +5.385000124e+23 +5.385000124e+23 +5.385000124e+23 +5.385000124e+23 +7.3383e+11 +0.0000e+00 +0.0000e+00 +0.0000e+00 +0.0000e+00
170 +1.187308572e+22 +1.187308572e+22 +1.187308572e+22 +1.187308572e+22 +1.0896e+11 +0.0000e+00 +0.0000e+00 +0.0000e+00 +0.0000e+00
% function evaluation | noise-free fitness - Fopt (-6.092000000000e+01) | best noise-free fitness - Fopt | measured fitness | best measured fitness | x1 | x2...
1 +4.962978631e+26 +4.962978631e+26 +4.962978631e+26 +4.962978631e+26 +2.2278e+13 +0.0000e+00 +0.0000e+00 +0.0000e+00 +0.0000e+00
2 +2.650542503e+26 +2.650542503e+26 +2.650542503e+26 +2.650542503e+26 +1.6280e+13 +0.0000e+00 +0.0000e+00 +0.0000e+00 +0.0000e+00
4 +1.335917578e+26 +1.335917578e+26 +1.335917578e+26 +1.335917578e+26 +1.1558e+13 +0.0000e+00 +0.0000e+00 +0.0000e+00 +0.0000e+00
8 +3.387012701e+25 +3.387012701e+25 +3.387012701e+25 +3.387012701e+25 +5.8198e+12 +0.0000e+00 +0.0000e+00 +0.0000e+00 +0.0000e+00
12 +2.717575752e+24 +2.717575752e+24 +2.717575752e+24 +2.717575752e+24 +1.6485e+12 +0.0000e+00 +0.0000e+00 +0.0000e+00 +0.0000e+00
25 +4.167894088e+23 +4.167894088e+23 +4.167894088e+23 +4.167894088e+23 +6.4559e+11 +0.0000e+00 +0.0000e+00 +0.0000e+00 +0.0000e+00
263 +8.751585385e+22 +8.751585385e+22 +8.751585385e+22 +8.751585385e+22 +2.9583e+11 +0.0000e+00 +0.0000e+00 +0.0000e+00 +0.0000e+00
% function evaluation | noise-free fitness - Fopt (-1.948000000000e+01) | best noise-free fitness - Fopt | measured fitness | best measured fitness | x1 | x2...
1 +6.098526817e+26 +6.098526817e+26 +6.098526817e+26 +6.098526817e+26 +2.4695e+13 +0.0000e+00 +0.0000e+00 +0.0000e+00 +0.0000e+00
4 +7.568200387e+25 +7.568200387e+25 +7.568200387e+25 +7.568200387e+25 +8.6995e+12 +0.0000e+00 +0.0000e+00 +0.0000e+00 +0.0000e+00
17 +5.807841951e+25 +5.807841951e+25 +5.807841951e+25 +5.807841951e+25 +7.6209e+12 +0.0000e+00 +0.0000e+00 +0.0000e+00 +0.0000e+00
29 +1.826904269e+24 +1.826904269e+24 +1.826904269e+24 +1.826904269e+24 +1.3516e+12 +0.0000e+00 +0.0000e+00 +0.0000e+00 +0.0000e+00
158 +6.203535412e+23 +6.203535412e+23 +6.203535412e+23 +6.203535412e+23 +7.8763e+11 +0.0000e+00 +0.0000e+00 +0.0000e+00 +0.0000e+00
181 +2.475551347e+23 +2.475551347e+23 +2.475551347e+23 +2.475551347e+23 +4.9755e+11 +0.0000e+00 +0.0000e+00 +0.0000e+00 +0.0000e+00
190 +7.656290718e+22 +7.656290718e+22 +7.656290718e+22 +7.656290718e+22 +2.7670e+11 +0.0000e+00 +0.0000e+00 +0.0000e+00 +0.0000e+00
% function evaluation | noise-free fitness - Fopt (1.344700000000e+02) | best noise-free fitness - Fopt | measured fitness | best measured fitness | x1 | x2...
1 +3.106943851e+25 +3.106943851e+25 +3.106943851e+25 +3.106943851e+25 +5.5740e+12 +0.0000e+00 +0.0000e+00 +0.0000e+00 +0.0000e+00
9 +1.517902138e+25 +1.517902138e+25 +1.517902138e+25 +1.517902138e+25 +3.8960e+12 +0.0000e+00 +0.0000e+00 +0.0000e+00 +0.0000e+00
13 +5.919472770e+24 +5.919472770e+24 +5.919472770e+24 +5.919472770e+24 +2.4330e+12 +0.0000e+00 +0.0000e+00 +0.0000e+00 +0.0000e+00
16 +1.216730588e+24 +1.216730588e+24 +1.216730588e+24 +1.216730588e+24 +1.1031e+12 +0.0000e+00 +0.0000e+00 +0.0000e+00 +0.0000e+00
130 +4.375563827e+21 +4.375563827e+21 +4.375563827e+21 +4.375563827e+21 +6.6148e+10 +0.0000e+00 +0.0000e+00 +0.0000e+00 +0.0000e+00
% function evaluation | noise-free fitness - Fopt (4.453500000000e+02) | best noise-free fitness - Fopt | measured fitness | best measured fitness | x1 | x2...
1 +8.228232544e+26 +8.228232544e+26 +8.228232544e+26 +8.228232544e+26 +2.8685e+13 +0.0000e+00 +0.0000e+00 +0.0000e+00 +0.0000e+00
2 +4.554681952e+26 +4.554681952e+26 +4.554681952e+26 +4.554681952e+26 +2.1342e+13 +0.0000e+00 +0.0000e+00 +0.0000e+00 +0.0000e+00
3 +2.880767162e+26 +2.880767162e+26 +2.880767162e+26 +2.880767162e+26 +1.6973e+13 +0.0000e+00 +0.0000e+00 +0.0000e+00 +0.0000e+00
4 +1.029575497e+26 +1.029575497e+26 +1.029575497e+26 +1.029575497e+26 +1.0147e+13 +0.0000e+00 +0.0000e+00 +0.0000e+00 +0.0000e+00
9 +7.389274798e+25 +7.389274798e+25 +7.389274798e+25 +7.389274798e+25 +8.5961e+12 +0.0000e+00 +0.0000e+00 +0.0000e+00 +0.0000e+00
10 +1.940004641e+25 +1.940004641e+25 +1.940004641e+25 +1.940004641e+25 +4.4045e+12 +0.0000e+00 +0.0000e+00 +0.0000e+00 +0.0000e+00
24 +1.267480249e+25 +1.267480249e+25 +1.267480249e+25 +1.267480249e+25 +3.5602e+12 +0.0000e+00 +0.0000e+00 +0.0000e+00 +0.0000e+00
70 +2.538743263e+24 +2.538743263e+24 +2.538743263e+24 +2.538743263e+24 +1.5933e+12 +0.0000e+00 +0.0000e+00 +0.0000e+00 +0.0000e+00
94 +1.580468540e+24 +1.580468540e+24 +1.580468540e+24 +1.580468540e+24 +1.2572e+12 +0.0000e+00 +0.0000e+00 +0.0000e+00 +0.0000e+00
113 +1.234107355e+23 +1.234107355e+23 +1.234107355e+23 +1.234107355e+23 +3.5130e+11 +0.0000e+00 +0.0000e+00 +0.0000e+00 +0.0000e+00
