% function evaluation | noise-free fitness - Fopt (7.948000000000e+01) | best noise-free fitness - Fopt | measured fitness | best measured fitness | x1 | x2...
1 +1.031676482e+04 +1.031676482e+04 +1.039624482e+04 +1.039624482e+04 +3.0000e+01 +2.0000e+01 +1.9000e+01 +2.5000e+01 +2.5000e+01 +2.2000e+01 +2.2000e+01 +2.6000e+01 +2.8000e+01 +2.5000e+01 +1.5000e+01 +2.5000e+01 +2.0000e+01 +2.5000e+01 +2.2000e+01 +2.6000e+01 +1.5000e+01 +1.9000e+01 +2.4000e+01 +8.0000e+00
2 +5.273552017e+03 +5.273552017e+03 +5.353032017e+03 +5.353032017e+03 +1.5000e+01 +1.0000e+00 +1.7000e+01 +2.2000e+01 +8.0000e+00 +7.0000e+00 +1.5000e+01 +2.5000e+01 +9.0000e+00 +8.0000e+00 +2.4000e+01 +2.2000e+01 +1.9000e+01 +8.0000e+00 +7.0000e+00 +2.5000e+01 +2.4000e+01 +1.7000e+01 +3.0000e+00 +5.0000e+00
15 +3.895931217e+03 +3.895931217e+03 +3.975411217e+03 +3.975411217e+03 +8.0000e+00 +2.1000e+01 +1.4000e+01 +6.0000e+00 +1.4000e+01 +8.0000e+00 +8.0000e+00 +8.0000e+00 +1.9000e+01 +2.1000e+01 +2.1000e+01 +1.4000e+01 +0.0000e+00 +2.1000e+01 +2.1000e+01 +8.0000e+00 +0.0000e+00 +4.0000e+00 +4.0000e+00 +8.0000e+00
39 +2.453316817e+03 +2.453316817e+03 +2.532796817e+03 +2.532796817e+03 +1.0000e+00 +2.0000e+01 +1.7000e+01 +1.7000e+01 +4.0000e+00 +4.0000e+00 +1.7000e+01 +4.0000e+00 +2.0000e+00 +4.0000e+00 +1.7000e+01 +1.7000e+01 +1.7000e+01 +4.0000e+00 +0.0000e+00 +0.0000e+00 +4.0000e+00 +4.0000e+00 +4.0000e+00 +0.0000e+00
93 +1.329696017e+03 +1.329696017e+03 +1.409176017e+03 +1.409176017e+03 +0.0000e+00 +8.0000e+00 +8.0000e+00 +8.0000e+00 +8.0000e+00 +8.0000e+00 +8.0000e+00 +8.0000e+00 +8.0000e+00 +8.0000e+00 +8.0000e+00 +8.0000e+00 +8.0000e+00 +8.0000e+00 +8.0000e+00 +8.0000e+00 +8.0000e+00 +8.0000e+00 +8.0000e+00 +8.0000e+00
99 +9.842160173e+02 +9.842160173e+02 +1.063696017e+03 +1.063696017e+03 +7.0000e+00 +7.0000e+00 +7.0000e+00 +7.0000e+00 +7.0000e+00 +7.0000e+00 +7.0000e+00 +7.0000e+00 +7.0000e+00 +7.0000e+00 +0.0000e+00 +7.0000e+00 +7.0000e+00 +7.0000e+00 +7.0000e+00 +7.0000e+00 +7.0000e+00 +7.0000e+00 +7.0000e+00 +7.0000e+00
134 +4.117360173e+02 +4.117360173e+02 +4.912160173e+02 +4.912160173e+02 +0.0000e+00 +0.0000e+00 +0.0000e+00 +4.0000e+00 +4.0000e+00 +4.0000e+00 +4.0000e+00 +1.3000e+01 +0.0000e+00 +4.0000e+00 +0.0000e+00 +4.0000e+00 +0.0000e+00 +0.0000e+00 +4.0000e+00 +0.0000e+00 +4.0000e+00 +4.0000e+00 +4.0000e+00 +0.0000e+00
140 +2.150096173e+02 +2.150096173e+02 +2.944896173e+02 +2.944896173e+02 +3.0000e+00 +0.0000e+00 +3.0000e+00 +0.0000e+00 +3.0000e+00 +3.0000e+00 +0.0000e+00 +0.0000e+00 +3.0000e+00 +0.0000e+00 +3.0000e+00 +3.0000e+00 +0.0000e+00 +0.0000e+00 +3.0000e+00 +0.0000e+00 +3.0000e+00 +3.0000e+00 +3.0000e+00 +3.0000e+00
146 +1.502272173e+02 +1.502272173e+02 +2.297072173e+02 +2.297072173e+02 +2.0000e+00 +2.0000e+00 +2.0000e+00 +2.0000e+00 +2.0000e+00 +2.0000e+00 +2.0000e+00 +2.0000e+00 +0.0000e+00 +2.0000e+00 +0.0000e+00 +2.0000e+00 +2.0000e+00 +2.0000e+00 +2.0000e+00 +2.0000e+00 +2.0000e+00 +2.0000e+00 +0.0000e+00 +2.0000e+00
158 +8.977281728e+01 +8.977281728e+01 +1.692528173e+02 +1.692528173e+02 +0.0000e+00 +0.0000e+00 +0.0000e+00 +0.0000e+00 +0.0000e+00 +0.0000e+00 +0.0000e+00 +0.0000e+00 +0.0000e+00 +0.0000e+00 +0.0000e+00 +0.0000e+00 +0.0000e+00 +0.0000e+00 +0.0000e+00 +0.0000e+00 +0.0000e+00 +0.0000e+00 +0.0000e+00 +0.0000e+00
% function evaluation | noise-free fitness - Fopt (3.944800000000e+02) | best noise-free fitness - Fopt | measured fitness | best measured fitness | x1 | x2...
1 +5.507757282e+03 +5.507757282e+03 +5.902237282e+03 +5.902237282e+03 +1.9000e+01 +3.0000e+00 +7.0000e+00 +2.7000e+01 +1.1000e+01 +6.0000e+00 +1.3000e+01 +2.5000e+01 +3.0000e+00 +3.0000e+00 +1.1000e+01 +2.1000e+01 +0.0000e+00 +2.1000e+01 +2.1000e+01 +2.7000e+01 +3.0000e+00 +2.8000e+01 +1.3000e+01 +1.8000e+01
3 +3.861870882e+03 +3.861870882e+03 +4.256350882e+03 +4.256350882e+03 +2.5000e+01 +1.0000e+00 +9.0000e+00 +1.8000e+01 +1.4000e+01 +7.0000e+00 +1.4000e+01 +1.4000e+01 +1.0000e+00 +1.0000e+00 +1.0000e+00 +3.0000e+00 +1.3000e+01 +3.0000e+00 +3.0000e+00 +1.8000e+01 +1.0000e+00 +2.6000e+01 +1.4000e+01 +2.7000e+01
39 +2.162618082e+03 +2.162618082e+03 +2.557098082e+03 +2.557098082e+03 +8.0000e+00 +8.0000e+00 +2.0000e+01 +8.0000e+00 +8.0000e+00 +8.0000e+00 +4.0000e+00 +4.0000e+00 +8.0000e+00 +2.0000e+01 +4.0000e+00 +8.0000e+00 +8.0000e+00 +8.0000e+00 +4.0000e+00 +4.0000e+00 +8.0000e+00 +8.0000e+00 +8.0000e+00 +8.0000e+00
69 +1.150432482e+03 +1.150432482e+03 +1.544912482e+03 +1.544912482e+03 +3.0000e+00 +1.9000e+01 +3.0000e+00 +3.0000e+00 +0.0000e+00 +3.0000e+00 +3.0000e+00 +3.0000e+00 +3.0000e+00 +3.0000e+00 +3.0000e+00 +3.0000e+00 +3.0000e+00 +3.0000e+00 +3.0000e+00 +3.0000e+00 +3.0000e+00 +3.0000e+00 +1.9000e+01 +3.0000e+00
75 +8.792100819e+02 +8.792100819e+02 +1.273690082e+03 +1.273690082e+03 +2.0000e+00 +2.0000e+00 +2.0000e+00 +0.0000e+00 +2.0000e+00 +2.0000e+00 +2.0000e+00 +2.0000e+00 +1.8000e+01 +2.0000e+00 +2.0000e+00 +2.0000e+00 +1.8000e+01 +2.0000e+00 +2.0000e+00 +2.0000e+00 +2.0000e+00 +2.0000e+00 +2.0000e+00 +2.0000e+00
203 +4.104548819e+02 +4.104548819e+02 +8.049348819e+02 +8.049348819e+02 +0.0000e+00 +0.0000e+00 +0.0000e+00 +0.0000e+00 +0.0000e+00 +1.0000e+01 +1.0000e+01 +0.0000e+00 +0.0000e+00 +0.0000e+00 +0.0000e+00 +1.0000e+01 +0.0000e+00 +0.0000e+00 +0.0000e+00 +0.0000e+00 +0.0000e+00 +0.0000e+00 +0.0000e+00 +0.0000e+00
% function evaluation | noise-free fitness - Fopt (-2.471100000000e+02) | best noise-free fitness - Fopt | measured fitness | best measured fitness | x1 | x2...
1 +4.469352596e+03 +4.469352596e+03 +4.222242596e+03 +4.222242596e+03 +3.0000e+00 +8.0000e+00 +9.0000e+00 +3.0000e+01 +1.0000e+00 +8.0000e+00 +2.6000e+01 +8.0000e+00 +1.9000e+01 +1.9000e+01 +1.8000e+01 +2.8000e+01 +9.0000e+00 +0.0000e+00 +0.0000e+00 +0.0000e+00 +7.0000e+00 +1.2000e+01 +2.6000e+01 +8.0000e+00
3 +3.841717396e+03 +3.841717396e+03 +3.594607396e+03 +3.594607396e+03 +0.0000e+00 +1.8000e+01 +4.0000e+00 +2.7000e+01 +1.3000e+01 +1.4000e+01 +2.2000e+01 +2.0000e+00 +1.4000e+01 +1.4000e+01 +2.8000e+01 +1.6000e+01 +4.0000e+00 +1.0000e+00 +0.0000e+00 +1.0000e+00 +0.0000e+00 +1.2000e+01 +2.2000e+01 +2.0000e+00
15 +1.466994196e+03 +1.466994196e+03 +1.219884196e+03 +1.219884196e+03 +1.0000e+01 +1.0000e+01 +1.0000e+01 +0.0000e+00 +2.0000e+00 +1.4000e+01 +0.0000e+00 +2.0000e+00 +1.0000e+01 +1.0000e+01 +1.0000e+01 +0.0000e+00 +2.0000e+00 +1.0000e+01 +1.0000e+01 +1.4000e+01 +1.4000e+01 +1.4000e+01 +0.0000e+00 +2.0000e+00
57 +7.509045958e+02 +7.509045958e+02 +5.037945958e+02 +5.037945958e+02 +7.0000e+00 +7.0000e+00 +7.0000e+00 +0.0000e+00 +7.0000e+00 +7.0000e+00 +7.0000e+00 +0.0000e+00 +7.0000e+00 +7.0000e+00 +7.0000e+00 +7.0000e+00 +7.0000e+00 +7.0000e+00 +7.0000e+00 +7.0000e+00 +7.0000e+00 +7.0000e+00 +7.0000e+00 +7.0000e+00
63 +5.577973958e+02 +5.577973958e+02 +3.106873958e+02 +3.106873958e+02 +4.0000e+00 +2.0000e+00 +6.0000e+00 +6.0000e+00 +6.0000e+00 +6.0000e+00 +6.0000e+00 +0.0000e+00 +6.0000e+00 +6.0000e+00 +0.0000e+00 +6.0000e+00 +0.0000e+00 +6.0000e+00 +6.0000e+00 +6.0000e+00 +6.0000e+00 +6.0000e+00 +6.0000e+00 +6.0000e+00
75 +3.473013958e+02 +3.473013958e+02 +1.001913958e+02 +1.001913958e+02 +4.0000e+00 +4.0000e+00 +4.0000e+00 +4.0000e+00 +4.0000e+00 +4.0000e+00 +4.0000e+00 +4.0000e+00 +4.0000e+00 +4.0000e+00 +4.0000e+00 +4.0000e+00 +4.0000e+00 +4.0000e+00 +4.0000e+00 +0.0000e+00 +4.0000e+00 +4.0000e+00 +4.0000e+00 +4.0000e+00
81 +2.139397958e+02 +2.139397958e+02 -3.317020416e+01 -3.317020416e+01 +3.0000e+00 +3.0000e+00 +0.0000e+00 +3.0000e+00 +0.0000e+00 +3.0000e+00 +3.0000e+00 +3.0000e+00 +3.0000e+00 +3.0000e+00 +3.0000e+00 +3.0000e+00 +3.0000e+00 +3.0000e+00 +0.0000e+00 +3.0000e+00 +3.0000e+00 +3.0000e+00 +3.0000e+00 +3.0000e+00
93 +1.197413958e+02 +1.197413958e+02 -1.273686042e+02 -1.273686042e+02 +1.0000e+00 +1.0000e+00 +1.0000e+00 +1.0000e+00 +1.0000e+00 +1.0000e+00 +1.0000e+00 +0.0000e+00 +1.0000e+00 +1.0000e+00 +1.0000e+00 +1.0000e+00 +1.0000e+00 +1.0000e+00 +0.0000e+00 +1.0000e+00 +1.0000e+00 +1.0000e+00 +1.0000e+00 +0.0000e+00
% function evaluation | noise-free fitness - Fopt (-1.520400000000e+02) | best noise-free fitness - Fopt | measured fitness | best measured fitness | x1 | x2...
1 +4.845988035e+03 +4.845988035e+03 +4.693948035e+03 +4.693948035e+03 +1.3000e+01 +9.0000e+00 +1.2000e+01 +6.0000e+00 +3.0000e+01 +9.0000e+00 +9.0000e+00 +2.5000e+01 +2.0000e+00 +3.0000e+00 +3.0000e+00 +2.5000e+01 +1.2000e+01 +2.9000e+01 +7.0000e+00 +6.0000e+00 +1.5000e+01 +2.9000e+01 +5.0000e+00 +2.0000e+00
8 +3.465930435e+03 +3.465930435e+03 +3.313890435e+03 +3.313890435e+03 +2.6000e+01 +9.0000e+00 +5.0000e+00 +0.0000e+00 +2.3000e+01 +1.0000e+01 +1.0000e+01 +4.0000e+00 +2.0000e+00 +2.5000e+01 +3.0000e+00 +2.5000e+01 +5.0000e+00 +1.0000e+01 +1.0000e+01 +4.0000e+00 +1.3000e+01 +2.0000e+00 +1.7000e+01 +1.3000e+01
21 +2.030704835e+03 +2.030704835e+03 +1.878664835e+03 +1.878664835e+03 +0.0000e+00 +3.0000e+00 +3.0000e+00 +7.0000e+00 +2.2000e+01 +1.4000e+01 +0.0000e+00 +7.0000e+00 +0.0000e+00 +3.0000e+00 +3.0000e+00 +7.0000e+00 +7.0000e+00 +0.0000e+00 +2.2000e+01 +0.0000e+00 +2.2000e+01 +0.0000e+00 +1.4000e+01 +7.0000e+00
39 +8.281672352e+02 +8.281672352e+02 +6.761272352e+02 +6.761272352e+02 +4.0000e+00 +0.0000e+00 +0.0000e+00 +4.0000e+00 +1.9000e+01 +0.0000e+00 +4.0000e+00 +4.0000e+00 +4.0000e+00 +1.9000e+01 +0.0000e+00 +4.0000e+00 +0.0000e+00 +4.0000e+00 +4.0000e+00 +0.0000e+00 +4.0000e+00 +0.0000e+00 +1.1000e+01 +0.0000e+00
51 +5.198104352e+02 +5.198104352e+02 +3.677704352e+02 +3.677704352e+02 +2.0000e+00 +2.0000e+00 +0.0000e+00 +2.0000e+00 +0.0000e+00 +0.0000e+00 +2.0000e+00 +0.0000e+00 +0.0000e+00 +0.0000e+00 +2.0000e+00 +2.0000e+00 +2.0000e+00 +2.0000e+00 +0.0000e+00 +2.0000e+00 +1.7000e+01 +0.0000e+00 +2.0000e+00 +1.7000e+01
75 +3.249128352e+02 +3.249128352e+02 +1.728728352e+02 +1.728728352e+02 +0.0000e+00 +1.3000e+01 +0.0000e+00 +1.3000e+01 +0.0000e+00 +0.0000e+00 +0.0000e+00 +0.0000e+00 +0.0000e+00 +0.0000e+00 +0.0000e+00 +0.0000e+00 +0.0000e+00 +0.0000e+00 +0.0000e+00 +0.0000e+00 +0.0000e+00 +0.0000e+00 +0.0000e+00 +0.0000e+00
81 +1.096536352e+02 +1.096536352e+02 -4.238636480e+01 -4.238636480e+01 +0.0000e+00 +0.0000e+00 +0.0000e+00 +0.0000e+00 +0.0000e+00 +0.0000e+00 +0.0000e+00 +0.0000e+00 +0.0000e+00 +0.0000e+00 +0.0000e+00 +0.0000e+00 +0.0000e+00 +0.0000e+00 +0.0000e+00 +0.0000e+00 +0.0000e+00 +0.0000e+00 +0.0000e+00 +0.0000e+00
% function evaluation | noise-free fitness - Fopt (-2.525000000000e+01) | best noise-free fitness - Fopt | measured fitness | best measured fitness | x1 | x2...
1 +7.497182028e+03 +7.497182028e+03 +7.471932028e+03 +7.471932028e+03 +1.2000e+01 +2.3000e+01 +2.0000e+00 +1.7000e+01 +2.1000e+01 +2.0000e+01 +2.0000e+01 +3.0000e+01 +2.5000e+01 +2.0000e+01 +2.1000e+01 +2.3000e+01 +6.0000e+00 +2.0000e+01 +1.7000e+01 +2.0000e+01 +2.0000e+01 +6.0000e+00 +1.7000e+01 +2.3000e+01
3 +3.732078028e+03 +3.732078028e+03 +3.706828028e+03 +3.706828028e+03 +2.4000e+01 +1.1000e+01 +1.0000e+01 +2.0000e+01 +9.0000e+00 +8.0000e+00 +8.0000e+00 +2.0000e+00 +1.3000e+01 +8.0000e+00 +2.5000e+01 +1.3000e+01 +1.0000e+01 +8.0000e+00 +2.0000e+01 +8.0000e+00 +8.0000e+00 +1.0000e+01 +2.2000e+01 +1.3000e+01
15 +2.441111628e+03 +2.441111628e+03 +2.415861628e+03 +2.415861628e+03 +1.0000e+01 +2.0000e+01 +6.0000e+00 +6.0000e+00 +6.0000e+00 +2.3000e+01 +6.0000e+00 +6.0000e+00 +2.3000e+01 +6.0000e+00 +9.0000e+00 +1.4000e+01 +6.0000e+00 +3.0000e+00 +8.0000e+00 +6.0000e+00 +6.0000e+00 +9.0000e+00 +9.0000e+00 +9.0000e+00
21 +1.147468428e+03 +1.147468428e+03 +1.122218428e+03 +1.122218428e+03 +5.0000e+00 +5.0000e+00 +5.0000e+00 +5.0000e+00 +1.3000e+01 +8.0000e+00 +8.0000e+00 +5.0000e+00 +1.3000e+01 +2.0000e+00 +5.0000e+00 +1.3000e+01 +5.0000e+00 +5.0000e+00 +8.0000e+00 +5.0000e+00 +8.0000e+00 +8.0000e+00 +9.0000e+00 +5.0000e+00
39 +6.303820282e+02 +6.303820282e+02 +6.051320282e+02 +6.051320282e+02 +0.0000e+00 +5.0000e+00 +5.0000e+00 +5.0000e+00 +5.0000e+00 +5.0000e+00 +5.0000e+00 +5.0000e+00 +0.0000e+00 +5.0000e+00 +0.0000e+00 +5.0000e+00 +5.0000e+00 +5.0000e+00 +5.0000e+00 +5.0000e+00 +5.0000e+00 +0.0000e+00 +5.0000e+00 +1.0000e+01
40 +3.558940282e+02 +3.558940282e+02 +3.306440282e+02 +3.306440282e+02 +2.0000e+00 +0.0000e+00 +0.0000e+00 +0.0000e+00 +0.0000e+00 +0.0000e+00 +0.0000e+00 +0.0000e+00 +2.0000e+00 +0.0000e+00 +2.0000e+00 +0.0000e+00 +0.0000e+00 +0.0000e+00 +0.0000e+00 +0.0000e+00 +0.0000e+00 +2.0000e+00 +0.0000e+00 +1.6000e+01
46 +1.798668282e+02 +1.798668282e+02 +1.546168282e+02 +1.546168282e+02 +1.5000e+01 +0.0000e+00 +0.0000e+00 +0.0000e+00 +1.0000e+00 +0.0000e+00 +0.0000e+00 +0.0000e+00 +0.0000e+00 +0.0000e+00 +0.0000e+00 +0.0000e+00 +0.0000e+00 +0.0000e+00 +1.0000e+00 +0.0000e+00 +0.0000e+00 +0.0000e+00 +0.0000e+00 +0.0000e+00
52 +7.197402816e+01 +7.197402816e+01 +4.672402816e+01 +4.672402816e+01 +0.0000e+00 +0.0000e+00 +0.0000e+00 +0.0000e+00 +0.0000e+00 +0.0000e+00 +0.0000e+00 +0.0000e+00 +0.0000e+00 +0.0000e+00 +0.0000e+00 +0.0000e+00 +0.0000e+00 +0.0000e+00 +0.0000e+00 +0.0000e+00 +0.0000e+00 +0.0000e+00 +0.0000e+00 +0.0000e+00
% function evaluation | noise-free fitness - Fopt (2.230000000000e+00) | best noise-free fitness - Fopt | measured fitness | best measured fitness | x1 | x2...
1 +7.246384183e+03 +7.246384183e+03 +7.248614183e+03 +7.248614183e+03 +2.9000e+01 +0.0000e+00 +2.0000e+01 +3.0000e+01 +2.8000e+01 +1.0000e+00 +3.0000e+00 +1.1000e+01 +7.0000e+00 +1.9000e+01 +1.2000e+01 +2.4000e+01 +2.4000e+01 +9.0000e+00 +3.0000e+01 +1.2000e+01 +2.8000e+01 +1.0000e+00 +2.8000e+01 +1.0000e+00
2 +5.967209783e+03 +5.967209783e+03 +5.969439783e+03 +5.969439783e+03 +1.3000e+01 +2.3000e+01 +1.1000e+01 +1.2000e+01 +9.0000e+00 +1.8000e+01 +1.7000e+01 +5.0000e+00 +1.0000e+00 +2.7000e+01 +4.0000e+00 +2.7000e+01 +2.7000e+01 +2.1000e+01 +1.2000e+01 +1.4000e+01 +9.0000e+00 +1.8000e+01 +1.5000e+01 +2.1000e+01
26 +3.067451383e+03 +3.067451383e+03 +3.069681383e+03 +3.069681383e+03 +1.7000e+01 +2.5000e+01 +1.1000e+01 +2.3000e+01 +7.0000e+00 +7.0000e+00 +7.0000e+00 +7.0000e+00 +7.0000e+00 +7.0000e+00 +7.0000e+00 +7.0000e+00 +7.0000e+00 +7.0000e+00 +5.0000e+00 +7.0000e+00 +2.3000e+01 +1.4000e+01 +7.0000e+00 +7.0000e+00
32 +1.880732983e+03 +1.880732983e+03 +1.882962983e+03 +1.882962983e+03 +1.4000e+01 +2.0000e+00 +6.0000e+00 +6.0000e+00 +6.0000e+00 +4.0000e+00 +6.0000e+00 +6.0000e+00 +6.0000e+00 +2.4000e+01 +6.0000e+00 +6.0000e+00 +2.2000e+01 +6.0000e+00 +6.0000e+00 +1.0000e+01 +6.0000e+00 +6.0000e+00 +6.0000e+00 +6.0000e+00
57 +6.606209830e+02 +6.606209830e+02 +6.628509830e+02 +6.628509830e+02 +0.0000e+00 +0.0000e+00 +0.0000e+00 +0.0000e+00 +0.0000e+00 +0.0000e+00 +7.0000e+00 +0.0000e+00 +0.0000e+00 +1.5000e+01 +0.0000e+00 +0.0000e+00 +0.0000e+00 +1.5000e+01 +0.0000e+00 +0.0000e+00 +0.0000e+00 +0.0000e+00 +0.0000e+00 +0.0000e+00
63 +4.008513830e+02 +4.008513830e+02 +4.030813830e+02 +4.030813830e+02 +0.0000e+00 +0.0000e+00 +0.0000e+00 +0.0000e+00 +1.4000e+01 +0.0000e+00 +0.0000e+00 +0.0000e+00 +1.4000e+01 +0.0000e+00 +0.0000e+00 +0.0000e+00 +0.0000e+00 +0.0000e+00 +0.0000e+00 +0.0000e+00 +0.0000e+00 +0.0000e+00 +0.0000e+00 +0.0000e+00
69 +1.085985830e+02 +1.085985830e+02 +1.108285830e+02 +1.108285830e+02 +0.0000e+00 +0.0000e+00 +0.0000e+00 +0.0000e+00 +0.0000e+00 +0.0000e+00 +0.0000e+00 +0.0000e+00 +0.0000e+00 +0.0000e+00 +0.0000e+00 +0.0000e+00 +0.0000e+00 +0.0000e+00 +0.0000e+00 +0.0000e+00 +0.0000e+00 +0.0000e+00 +0.0000e+00 +0.0000e+00
% function evaluation | noise-free fitness - Fopt (-1.308000000000e+01) | best noise-free fitness - Fopt | measured fitness | best measured fitness | x1 | x2...
1 +7.646113747e+03 +7.646113747e+03 +7.633033747e+03 +7.633033747e+03 +2.1000e+01 +2.1000e+01 +1.5000e+01 +2.3000e+01 +2.2000e+01 +2.0000e+01 +2.1000e+01 +2.0000e+01 +2.5000e+01 +2.0000e+00 +2.0000e+01 +8.0000e+00 +0.0000e+00 +8.0000e+00 +2.1000e+01 +1.1000e+01 +2.7000e+01 +2.8000e+01 +2.1000e+01 +2.8000e+01
4 +6.023467347e+03 +6.023467347e+03 +6.010387347e+03 +6.010387347e+03 +2.2000e+01 +2.0000e+00 +1.1000e+01 +2.0000e+01 +2.0000e+00 +2.7000e+01 +2.2000e+01 +2.7000e+01 +7.0000e+00 +1.9000e+01 +2.7000e+01 +7.0000e+00 +1.0000e+00 +7.0000e+00 +2.2000e+01 +8.0000e+00 +7.0000e+00 +2.6000e+01 +2.0000e+00 +2.6000e+01
11 +3.117710547e+03 +3.117710547e+03 +3.104630547e+03 +3.104630547e+03 +1.9000e+01 +1.9000e+01 +1.3000e+01 +8.0000e+00 +1.9000e+01 +8.0000e+00 +2.0000e+00 +8.0000e+00 +2.0000e+00 +1.5000e+01 +1.5000e+01 +8.0000e+00 +1.0000e+01 +8.0000e+00 +8.0000e+00 +8.0000e+00 +2.0000e+01 +8.0000e+00 +1.3000e+01 +1.2000e+01
17 +2.201632147e+03 +2.201632147e+03 +2.188552147e+03 +2.188552147e+03 +1.1000e+01 +1.1000e+01 +1.0000e+00 +7.0000e+00 +1.1000e+01 +7.0000e+00 +1.8000e+01 +1.0000e+00 +7.0000e+00 +1.2000e+01 +1.0000e+00 +1.8000e+01 +7.0000e+00 +7.0000e+00 +9.0000e+00 +1.9000e+01 +7.0000e+00 +1.0000e+00 +7.0000e+00 +7.0000e+00
23 +1.178697747e+03 +1.178697747e+03 +1.165617747e+03 +1.165617747e+03 +1.6000e+01 +1.0000e+00 +6.0000e+00 +0.0000e+00 +6.0000e+00 +6.0000e+00 +1.0000e+01 +0.0000e+00 +6.0000e+00 +1.0000e+01 +6.0000e+00 +0.0000e+00 +1.0000e+01 +0.0000e+00 +1.0000e+01 +0.0000e+00 +6.0000e+00 +6.0000e+00 +6.0000e+00 +1.7000e+01
35 +8.808289466e+02 +8.808289466e+02 +8.677489466e+02 +8.677489466e+02 +1.5000e+01 +0.0000e+00 +4.0000e+00 +0.0000e+00 +0.0000e+00 +4.0000e+00 +4.0000e+00 +4.0000e+00 +4.0000e+00 +4.0000e+00 +4.0000e+00 +4.0000e+00 +4.0000e+00 +1.5000e+01 +1.5000e+01 +0.0000e+00 +4.0000e+00 +4.0000e+00 +4.0000e+00 +4.0000e+00
53 +4.678241466e+02 +4.678241466e+02 +4.547441466e+02 +4.547441466e+02 +0.0000e+00 +1.2000e+01 +1.0000e+00 +1.0000e+00 +1.0000e+00 +1.0000e+00 +0.0000e+00 +1.0000e+00 +0.0000e+00 +1.0000e+00 +0.0000e+00 +1.2000e+01 +1.0000e+00 +1.0000e+00 +1.0000e+00 +1.0000e+00 +0.0000e+00 +1.0000e+00 +1.0000e+00 +0.0000e+00
59 +8.726734656e+01 +8.726734656e+01 +7.418734656e+01 +7.418734656e+01 +0.0000e+00 +0.0000e+00 +0.0000e+00 +0.0000e+00 +0.0000e+00 +0.0000e+00 +0.0000e+00 +0.0000e+00 +0.0000e+00 +0.0000e+00 +0.0000e+00 +0.0000e+00 +0.0000e+00 +0.0000e+00 +0.0000e+00 +0.0000e+00 +0.0000e+00 +0.0000e+00 +0.0000e+00 +0.0000e+00
% function evaluation | noise-free fitness - Fopt (2.671600000000e+02) | best noise-free fitness - Fopt | measured fitness | best measured fitness | x1 | x2...
1 +1.022161938e+04 +1.022161938e+04 +1.048877938e+04 +1.048877938e+04 +2.2000e+01 +8.0000e+00 +1.8000e+01 +3.0000e+01 +1.8000e+01 +1.8000e+01 +3.0000e+01 +2.1000e+01 +3.0000e+01 +2.3000e+01 +2.0000e+01 +2.4000e+01 +2.3000e+01 +1.8000e+01 +1.9000e+01 +2.0000e+01 +1.9000e+01 +2.1000e+01 +2.1000e+01 +1.9000e+01
2 +4.005787384e+03 +4.005787384e+03 +4.272947384e+03 +4.272947384e+03 +2.2000e+01 +1.3000e+01 +1.1000e+01 +2.0000e+00 +1.1000e+01 +1.1000e+01 +1.7000e+01 +4.0000e+00 +2.0000e+00 +2.4000e+01 +2.3000e+01 +2.0000e+00 +1.7000e+01 +1.1000e+01 +7.0000e+00 +2.3000e+01 +7.0000e+00 +4.0000e+00 +4.0000e+00 +7.0000e+00
3 +3.819355384e+03 +3.819355384e+03 +4.086515384e+03 +4.086515384e+03 +2.0000e+00 +1.3000e+01 +1.3000e+01 +4.0000e+00 +1.3000e+01 +1.3000e+01 +1.0000e+01 +2.2000e+01 +4.0000e+00 +7.0000e+00 +9.0000e+00 +2.1000e+01 +0.0000e+00 +1.3000e+01 +1.3000e+01 +9.0000e+00 +1.3000e+01 +2.2000e+01 +2.2000e+01 +2.0000e+00
8 +2.204782584e+03 +2.204782584e+03 +2.471942584e+03 +2.471942584e+03 +3.0000e+00 +3.0000e+00 +3.0000e+00 +1.0000e+01 +6.0000e+00 +3.0000e+00 +6.0000e+00 +6.0000e+00 +3.0000e+00 +2.2000e+01 +6.0000e+00 +3.0000e+00 +1.2000e+01 +1.0000e+01 +2.2000e+01 +3.0000e+00 +6.0000e+00 +1.6000e+01 +1.0000e+00 +1.0000e+01
14 +9.092513843e+02 +9.092513843e+02 +1.176411384e+03 +1.176411384e+03 +6.0000e+00 +1.0000e+00 +5.0000e+00 +2.0000e+00 +1.1000e+01 +5.0000e+00 +2.0000e+00 +2.0000e+00 +0.0000e+00 +2.0000e+00 +2.0000e+00 +1.5000e+01 +5.0000e+00 +9.0000e+00 +9.0000e+00 +2.0000e+00 +2.0000e+00 +5.0000e+00 +2.0000e+00 +5.0000e+00
20 +5.308993843e+02 +5.308993843e+02 +7.980593843e+02 +7.980593843e+02 +0.0000e+00 +4.0000e+00 +1.0000e+00 +1.0000e+00 +8.0000e+00 +5.0000e+00 +0.0000e+00 +1.0000e+00 +8.0000e+00 +1.0000e+00 +1.0000e+00 +4.0000e+00 +1.0000e+00 +0.0000e+00 +8.0000e+00 +4.0000e+00 +4.0000e+00 +1.0000e+00 +1.0000e+00 +4.0000e+00
32 +1.250369843e+02 +1.250369843e+02 +3.921969843e+02 +3.921969843e+02 +0.0000e+00 +0.0000e+00 +0.0000e+00 +0.0000e+00 +2.0000e+00 +2.0000e+00 +0.0000e+00 +2.0000e+00 +0.0000e+00 +0.0000e+00 +0.0000e+00 +0.0000e+00 +3.0000e+00 +0.0000e+00 +0.0000e+00 +0.0000e+00 +0.0000e+00 +0.0000e+00 +0.0000e+00 +0.0000e+00
% function evaluation | noise-free fitness - Fopt (3.710000000000e+00) | best noise-free fitness - Fopt | measured fitness | best measured fitness | x1 | x2...
1 +3.279228509e+03 +3.279228509e+03 +3.282938509e+03 +3.282938509e+03 +8.0000e+00 +7.0000e+00 +1.6000e+01 +6.0000e+00 +2.2000e+01 +1.1000e+01 +2.4000e+01 +3.0000e+00 +8.0000e+00 +1.4000e+01 +1.1000e+01 +4.0000e+00 +1.1000e+01 +1.6000e+01 +7.0000e+00 +0.0000e+00 +2.5000e+01 +0.0000e+00 +0.0000e+00 +2.0000e+00
19 +1.256049309e+03 +1.256049309e+03 +1.259759309e+03 +1.259759309e+03 +0.0000e+00 +0.0000e+00 +0.0000e+00 +3.0000e+00 +0.0000e+00 +0.0000e+00 +0.0000e+00 +5.0000e+00 +2.1000e+01 +0.0000e+00 +0.0000e+00 +0.0000e+00 +1.5000e+01 +0.0000e+00 +0.0000e+00 +4.0000e+00 +2.1000e+01 +0.0000e+00 +0.0000e+00 +0.0000e+00
25 +3.608637094e+02 +3.608637094e+02 +3.645737094e+02 +3.645737094e+02 +4.0000e+00 +0.0000e+00 +3.0000e+00 +0.0000e+00 +0.0000e+00 +4.0000e+00 +0.0000e+00 +2.0000e+01 +0.0000e+00 +0.0000e+00 +0.0000e+00 +0.0000e+00 +0.0000e+00 +0.0000e+00 +0.0000e+00 +0.0000e+00 +0.0000e+00 +0.0000e+00 +0.0000e+00 +0.0000e+00
43 +1.309933094e+02 +1.309933094e+02 +1.347033094e+02 +1.347033094e+02 +1.0000e+00 +0.0000e+00 +1.0000e+00 +1.0000e+00 +0.0000e+00 +0.0000e+00 +1.0000e+00 +0.0000e+00 +1.0000e+00 +0.0000e+00 +0.0000e+00 +1.0000e+00 +0.0000e+00 +0.0000e+00 +1.0000e+00 +1.0000e+00 +0.0000e+00 +1.0000e+00 +1.0000e+00 +1.0000e+00
45 +9.601570944e+01 +9.601570944e+01 +9.972570944e+01 +9.972570944e+01 +0.0000e+00 +0.0000e+00 +0.0000e+00 +0.0000e+00 +0.0000e+00 +0.0000e+00 +0.0000e+00 +0.0000e+00 +0.0000e+00 +0.0000e+00 +0.0000e+00 +0.0000e+00 +0.0000e+00 +0.0000e+00 +0.0000e+00 +0.0000e+00 +0.0000e+00 +0.0000e+00 +0.0000e+00 +0.0000e+00
% function evaluation | noise-free fitness - Fopt (9.478000000000e+01) | best noise-free fitness - Fopt | measured fitness | best measured fitness | x1 | x2...
1 +9.300965433e+03 +9.300965433e+03 +9.395745433e+03 +9.395745433e+03 +1.2000e+01 +2.3000e+01 +1.8000e+01 +2.8000e+01 +2.7000e+01 +2.8000e+01 +2.4000e+01 +1.5000e+01 +1.8000e+01 +2.7000e+01 +1.8000e+01 +7.0000e+00 +3.0000e+01 +2.7000e+01 +7.0000e+00 +9.0000e+00 +2.8000e+01 +3.0000e+01 +1.8000e+01 +1.8000e+01
4 +2.724551033e+03 +2.724551033e+03 +2.819331033e+03 +2.819331033e+03 +8.0000e+00 +1.2000e+01 +1.0000e+00 +1.6000e+01 +1.0000e+01 +8.0000e+00 +1.8000e+01 +2.1000e+01 +1.0000e+00 +0.0000e+00 +1.0000e+00 +1.2000e+01 +1.3000e+01 +0.0000e+00 +1.2000e+01 +2.2000e+01 +8.0000e+00 +1.3000e+01 +1.0000e+00 +1.0000e+00
10 +2.114018233e+03 +2.114018233e+03 +2.208798233e+03 +2.208798233e+03 +0.0000e+00 +1.2000e+01 +0.0000e+00 +0.0000e+00 +1.5000e+01 +0.0000e+00 +0.0000e+00 +0.0000e+00 +9.0000e+00 +7.0000e+00 +0.0000e+00 +2.1000e+01 +2.0000e+01 +1.7000e+01 +7.0000e+00 +0.0000e+00 +1.5000e+01 +0.0000e+00 +0.0000e+00 +7.0000e+00
18 +1.503941433e+03 +1.503941433e+03 +1.598721433e+03 +1.598721433e+03 +1.0000e+01 +0.0000e+00 +4.0000e+00 +7.0000e+00 +7.0000e+00 +7.0000e+00 +7.0000e+00 +7.0000e+00 +7.0000e+00 +4.0000e+00 +7.0000e+00 +1.0000e+01 +4.0000e+00 +1.8000e+01 +2.0000e+01 +7.0000e+00 +4.0000e+00 +4.0000e+00 +4.0000e+00 +4.0000e+00
28 +2.639670330e+02 +2.639670330e+02 +3.587470330e+02 +3.587470330e+02 +4.0000e+00 +0.0000e+00 +4.0000e+00 +0.0000e+00 +4.0000e+00 +4.0000e+00 +6.0000e+00 +0.0000e+00 +4.0000e+00 +0.0000e+00 +0.0000e+00 +4.0000e+00 +3.0000e+00 +3.0000e+00 +4.0000e+00 +4.0000e+00 +4.0000e+00 +4.0000e+00 +4.0000e+00 +4.0000e+00
40 +1.511382330e+02 +1.511382330e+02 +2.459182330e+02 +2.459182330e+02 +2.0000e+00 +0.0000e+00 +2.0000e+00 +2.0000e+00 +0.0000e+00 +4.0000e+00 +0.0000e+00 +2.0000e+00 +1.0000e+00 +2.0000e+00 +2.0000e+00 +0.0000e+00 +2.0000e+00 +1.0000e+00 +0.0000e+00 +2.0000e+00 +2.0000e+00 +0.0000e+00 +2.0000e+00 +1.0000e+00
54 +9.106303296e+01 +9.106303296e+01 +1.858430330e+02 +1.858430330e+02 +0.0000e+00 +0.0000e+00 +1.0000e+00 +0.0000e+00 +1.0000e+00 +0.0000e+00 +1.0000e+00 +0.0000e+00 +0.0000e+00 +0.0000e+00 +1.0000e+00 +0.0000e+00 +0.0000e+00 +0.0000e+00 +0.0000e+00 +0.0000e+00 +1.0000e+00 +0.0000e+00 +1.0000e+00 +0.0000e+00
% function evaluation | noise-free fitness - Fopt (2.339200000000e+02) | best noise-free fitness - Fopt | measured fitness | best measured fitness | x1 | x2...
1 +8.344627020e+03 +8.344627020e+03 +8.578547020e+03 +8.578547020e+03 +1.7000e+01 +3.1000e+01 +6.0000e+00 +1.3000e+01 +2.1000e+01 +2.3000e+01 +1.3000e+01 +2.1000e+01 +2.7000e+01 +6.0000e+00 +2.7000e+01 +2.9000e+01 +2.6000e+01 +1.0000e+01 +0.0000e+00 +2.9000e+01 +1.6000e+01 +1.9000e+01 +2.3000e+01 +1.0000e+01
3 +4.253827020e+03 +4.253827020e+03 +4.487747020e+03 +4.487747020e+03 +2.2000e+01 +7.0000e+00 +7.0000e+00 +3.0000e+00 +2.1000e+01 +1.6000e+01 +3.0000e+00 +2.1000e+01 +9.0000e+00 +7.0000e+00 +9.0000e+00 +6.0000e+00 +2.0000e+00 +1.7000e+01 +2.1000e+01 +6.0000e+00 +1.9000e+01 +2.2000e+01 +1.6000e+01 +1.7000e+01
4 +2.400307020e+03 +2.400307020e+03 +2.634227020e+03 +2.634227020e+03 +1.2000e+01 +1.4000e+01 +5.0000e+00 +0.0000e+00 +1.0000e+00 +2.0000e+01 +0.0000e+00 +1.0000e+00 +1.0000e+00 +5.0000e+00 +1.0000e+00 +1.2000e+01 +1.1000e+01 +6.0000e+00 +6.0000e+00 +1.2000e+01 +1.4000e+01 +2.2000e+01 +2.0000e+01 +6.0000e+00
28 +1.130494220e+03 +1.130494220e+03 +1.364414220e+03 +1.364414220e+03 +9.0000e+00 +2.0000e+00 +0.0000e+00 +8.0000e+00 +0.0000e+00 +1.0000e+01 +0.0000e+00 +0.0000e+00 +0.0000e+00 +8.0000e+00 +8.0000e+00 +1.8000e+01 +1.0000e+01 +0.0000e+00 +1.0000e+01 +9.0000e+00 +0.0000e+00 +0.0000e+00 +0.0000e+00 +9.0000e+00
40 +5.262782195e+02 +5.262782195e+02 +7.601982195e+02 +7.601982195e+02 +0.0000e+00 +0.0000e+00 +0.0000e+00 +7.0000e+00 +8.0000e+00 +8.0000e+00 +8.0000e+00 +0.0000e+00 +0.0000e+00 +0.0000e+00 +0.0000e+00 +8.0000e+00 +0.0000e+00 +0.0000e+00 +7.0000e+00 +6.0000e+00 +0.0000e+00 +6.0000e+00 +8.0000e+00 +0.0000e+00
58 +3.347134195e+02 +3.347134195e+02 +5.686334195e+02 +5.686334195e+02 +0.0000e+00 +0.0000e+00 +5.0000e+00 +5.0000e+00 +0.0000e+00 +5.0000e+00 +4.0000e+00 +5.0000e+00 +5.0000e+00 +0.0000e+00 +0.0000e+00 +0.0000e+00 +5.0000e+00 +0.0000e+00 +0.0000e+00 +5.0000e+00 +5.0000e+00 +5.0000e+00 +4.0000e+00 +5.0000e+00
70 +2.356254195e+02 +2.356254195e+02 +4.695454195e+02 +4.695454195e+02 +3.0000e+00 +3.0000e+00 +3.0000e+00 +3.0000e+00 +3.0000e+00 +3.0000e+00 +3.0000e+00 +2.0000e+00 +3.0000e+00 +3.0000e+00 +0.0000e+00 +3.0000e+00 +3.0000e+00 +3.0000e+00 +3.0000e+00 +3.0000e+00 +0.0000e+00 +3.0000e+00 +3.0000e+00 +3.0000e+00
82 +1.002718195e+02 +1.002718195e+02 +3.341918195e+02 +3.341918195e+02 +1.0000e+00 +1.0000e+00 +1.0000e+00 +1.0000e+00 +1.0000e+00 +1.0000e+00 +1.0000e+00 +1.0000e+00 +1.0000e+00 +1.0000e+00 +1.0000e+00 +1.0000e+00 +1.0000e+00 +1.0000e+00 +1.0000e+00 +1.0000e+00 +1.0000e+00 +1.0000e+00 +1.0000e+00 +1.0000e+00
88 +7.636141952e+01 +7.636141952e+01 +3.102814195e+02 +3.102814195e+02 +0.0000e+00 +0.0000e+00 +0.0000e+00 +0.0000e+00 +0.0000e+00 +0.0000e+00 +0.0000e+00 +0.0000e+00 +0.0000e+00 +0.0000e+00 +0.0000e+00 +0.0000e+00 +0.0000e+00 +0.0000e+00 +0.0000e+00 +0.0000e+00 +0.0000e+00 +0.0000e+00 +0.0000e+00 +0.0000e+00
% function evaluation | noise-free fitness - Fopt (-6.092000000000e+01) | best noise-free fitness - Fopt | measured fitness | best measured fitness | x1 | x2...
1 +6.608622836e+03 +6.608622836e+03 +6.547702836e+03 +6.547702836e+03 +1.5000e+01 +1.5000e+01 +1.7000e+01 +1.2000e+01 +2.4000e+01 +2.4000e+01 +2.4000e+01 +2.5000e+01 +1.2000e+01 +2.0000e+01 +1.5000e+01 +2.4000e+01 +4.0000e+00 +2.3000e+01 +3.0000e+01 +1.5000e+01 +1.2000e+01 +1.2000e+01 +1.2000e+01 +0.0000e+00
5 +5.367802036e+03 +5.367802036e+03 +5.306882036e+03 +5.306882036e+03 +1.4000e+01 +1.4000e+01 +1.0000e+01 +7.0000e+00 +2.8000e+01 +2.8000e+01 +2.8000e+01 +1.7000e+01 +7.0000e+00 +1.2000e+01 +1.4000e+01 +2.8000e+01 +1.0000e+00 +7.0000e+00 +1.3000e+01 +1.4000e+01 +7.0000e+00 +1.6000e+01 +7.0000e+00 +1.6000e+01
68 +3.851699636e+03 +3.851699636e+03 +3.790779636e+03 +3.790779636e+03 +1.5000e+01 +1.3000e+01 +1.3000e+01 +1.3000e+01 +1.5000e+01 +1.3000e+01 +1.5000e+01 +1.3000e+01 +1.3000e+01 +1.3000e+01 +1.3000e+01 +1.3000e+01 +1.3000e+01 +1.3000e+01 +1.3000e+01 +1.5000e+01 +1.3000e+01 +1.5000e+01 +1.3000e+01 +1.5000e+01
86 +2.231133236e+03 +2.231133236e+03 +2.170213236e+03 +2.170213236e+03 +1.0000e+01 +1.2000e+01 +1.0000e+01 +1.0000e+01 +1.0000e+01 +1.0000e+01 +1.0000e+01 +1.0000e+01 +1.2000e+01 +1.0000e+01 +1.0000e+01 +1.0000e+01 +1.0000e+01 +1.0000e+01 +1.0000e+01 +1.0000e+01 +1.0000e+01 +1.0000e+01 +1.2000e+01 +1.0000e+01
137 +1.249762036e+03 +1.249762036e+03 +1.188842036e+03 +1.188842036e+03 +5.0000e+00 +5.0000e+00 +5.0000e+00 +5.0000e+00 +5.0000e+00 +5.0000e+00 +8.0000e+00 +5.0000e+00 +5.0000e+00 +5.0000e+00 +1.2000e+01 +8.0000e+00 +1.2000e+01 +4.0000e+00 +1.2000e+01 +8.0000e+00 +1.2000e+01 +4.0000e+00 +5.0000e+00 +5.0000e+00
143 +8.200164365e+02 +8.200164365e+02 +7.590964365e+02 +7.590964365e+02 +4.0000e+00 +7.0000e+00 +7.0000e+00 +4.0000e+00 +7.0000e+00 +7.0000e+00 +4.0000e+00 +1.1000e+01 +4.0000e+00 +7.0000e+00 +4.0000e+00 +4.0000e+00 +7.0000e+00 +4.0000e+00 +7.0000e+00 +4.0000e+00 +4.0000e+00 +4.0000e+00 +7.0000e+00 +7.0000e+00
149 +5.830340365e+02 +5.830340365e+02 +5.221140365e+02 +5.221140365e+02 +3.0000e+00 +3.0000e+00 +6.0000e+00 +3.0000e+00 +6.0000e+00 +3.0000e+00 +6.0000e+00 +3.0000e+00 +6.0000e+00 +3.0000e+00 +6.0000e+00 +3.0000e+00 +6.0000e+00 +6.0000e+00 +3.0000e+00 +3.0000e+00 +6.0000e+00 +3.0000e+00 +6.0000e+00 +6.0000e+00
161 +2.754228365e+02 +2.754228365e+02 +2.145028365e+02 +2.145028365e+02 +1.0000e+00 +4.0000e+00 +4.0000e+00 +1.0000e+00 +1.0000e+00 +1.0000e+00 +1.0000e+00 +4.0000e+00 +1.0000e+00 +1.0000e+00 +4.0000e+00 +1.0000e+00 +4.0000e+00 +1.0000e+00 +4.0000e+00 +4.0000e+00 +4.0000e+00 +1.0000e+00 +4.0000e+00 +4.0000e+00
167 +2.142212365e+02 +2.142212365e+02 +1.533012365e+02 +1.533012365e+02 +3.0000e+00 +0.0000e+00 +3.0000e+00 +3.0000e+00 +0.0000e+00 +0.0000e+00 +0.0000e+00 +3.0000e+00 +3.0000e+00 +3.0000e+00 +3.0000e+00 +0.0000e+00 +3.0000e+00 +0.0000e+00 +0.0000e+00 +0.0000e+00 +0.0000e+00 +3.0000e+00 +0.0000e+00 +0.0000e+00
173 +1.106276365e+02 +1.106276365e+02 +4.970763648e+01 +4.970763648e+01 +0.0000e+00 +2.0000e+00 +2.0000e+00 +0.0000e+00 +0.0000e+00 +2.0000e+00 +2.0000e+00 +2.0000e+00 +2.0000e+00 +0.0000e+00 +0.0000e+00 +2.0000e+00 +0.0000e+00 +2.0000e+00 +2.0000e+00 +0.0000e+00 +0.0000e+00 +0.0000e+00 +0.0000e+00 +2.0000e+00
% function evaluation | noise-free fitness - Fopt (-1.948000000000e+01) | best noise-free fitness - Fopt | measured fitness | best measured fitness | x1 | x2...
1 +8.332671372e+03 +8.332671372e+03 +8.313191372e+03 +8.313191372e+03 +1.8000e+01 +2.5000e+01 +2.1000e+01 +2.6000e+01 +2.6000e+01 +2.8000e+01 +2.1000e+01 +2.0000e+01 +1.3000e+01 +2.6000e+01 +2.5000e+01 +2.1000e+01 +2.6000e+01 +1.0000e+00 +1.3000e+01 +2.1000e+01 +1.3000e+01 +2.1000e+01 +1.1000e+01 +1.1000e+01
6 +2.379613772e+03 +2.379613772e+03 +2.360133772e+03 +2.360133772e+03 +3.0000e+00 +1.0000e+01 +1.0000e+01 +1.1000e+01 +1.1000e+01 +1.5000e+01 +1.0000e+01 +5.0000e+00 +0.0000e+00 +1.1000e+01 +1.0000e+01 +1.0000e+01 +1.1000e+01 +1.4000e+01 +0.0000e+00 +1.3000e+01 +2.4000e+01 +1.3000e+01 +4.0000e+00 +4.0000e+00
24 +1.468466572e+03 +1.468466572e+03 +1.448986572e+03 +1.448986572e+03 +4.0000e+00 +1.5000e+01 +7.0000e+00 +0.0000e+00 +7.0000e+00 +5.0000e+00 +0.0000e+00 +1.2000e+01 +8.0000e+00 +8.0000e+00 +1.2000e+01 +1.2000e+01 +8.0000e+00 +7.0000e+00 +7.0000e+00 +8.0000e+00 +8.0000e+00 +1.2000e+01 +7.0000e+00 +8.0000e+00
36 +9.601497722e+02 +9.601497722e+02 +9.406697722e+02 +9.406697722e+02 +6.0000e+00 +1.0000e+01 +6.0000e+00 +6.0000e+00 +6.0000e+00 +6.0000e+00 +5.0000e+00 +1.0000e+01 +6.0000e+00 +6.0000e+00 +6.0000e+00 +1.0000e+01 +5.0000e+00 +6.0000e+00 +1.0000e+01 +5.0000e+00 +5.0000e+00 +6.0000e+00 +6.0000e+00 +0.0000e+00
48 +4.509737722e+02 +4.509737722e+02 +4.314937722e+02 +4.314937722e+02 +0.0000e+00 +7.0000e+00 +4.0000e+00 +3.0000e+00 +3.0000e+00 +8.0000e+00 +3.0000e+00 +0.0000e+00 +3.0000e+00 +4.0000e+00 +3.0000e+00 +4.0000e+00 +3.0000e+00 +3.0000e+00 +8.0000e+00 +4.0000e+00 +8.0000e+00 +4.0000e+00 +3.0000e+00 +4.0000e+00
60 +3.376121722e+02 +3.376121722e+02 +3.181321722e+02 +3.181321722e+02 +2.0000e+00 +2.0000e+00 +6.0000e+00 +2.0000e+00 +2.0000e+00 +2.0000e+00 +2.0000e+00 +2.0000e+00 +6.0000e+00 +6.0000e+00 +5.0000e+00 +0.0000e+00 +2.0000e+00 +2.0000e+00 +2.0000e+00 +5.0000e+00 +6.0000e+00 +6.0000e+00 +2.0000e+00 +6.0000e+00
72 +2.035721722e+02 +2.035721722e+02 +1.840921722e+02 +1.840921722e+02 +0.0000e+00 +0.0000e+00 +0.0000e+00 +0.0000e+00 +4.0000e+00 +4.0000e+00 +0.0000e+00 +0.0000e+00 +0.0000e+00 +0.0000e+00 +0.0000e+00 +4.0000e+00 +0.0000e+00 +0.0000e+00 +4.0000e+00 +0.0000e+00 +4.0000e+00 +0.0000e+00 +0.0000e+00 +0.0000e+00
78 +1.069481722e+02 +1.069481722e+02 +8.746817216e+01 +8.746817216e+01 +0.0000e+00 +0.0000e+00 +0.0000e+00 +0.0000e+00 +3.0000e+00 +3.0000e+00 +0.0000e+00 +0.0000e+00 +0.0000e+00 +3.0000e+00 +0.0000e+00 +0.0000e+00 +0.0000e+00 +0.0000e+00 +0.0000e+00 +0.0000e+00 +0.0000e+00 +0.0000e+00 +0.0000e+00 +0.0000e+00
% function evaluation | noise-free fitness - Fopt (1.344700000000e+02) | best noise-free fitness - Fopt | measured fitness | best measured fitness | x1 | x2...
1 +1.068178787e+04 +1.068178787e+04 +1.081625787e+04 +1.081625787e+04 +2.7000e+01 +2.7000e+01 +3.0000e+01 +0.0000e+00 +2.3000e+01 +2.1000e+01 +2.8000e+01 +2.1000e+01 +2.7000e+01 +2.8000e+01 +3.0000e+01 +0.0000e+00 +0.0000e+00 +1.6000e+01 +2.8000e+01 +1.6000e+01 +2.3000e+01 +2.4000e+01 +0.0000e+00 +2.1000e+01
3 +8.769834266e+03 +8.769834266e+03 +8.904304266e+03 +8.904304266e+03 +2.0000e+01 +2.0000e+01 +1.8000e+01 +2.8000e+01 +2.6000e+01 +9.0000e+00 +1.5000e+01 +9.0000e+00 +2.6000e+01 +1.5000e+01 +1.8000e+01 +1.8000e+01 +1.8000e+01 +1.2000e+01 +2.6000e+01 +1.2000e+01 +2.6000e+01 +1.9000e+01 +2.8000e+01 +2.0000e+00
6 +5.812847066e+03 +5.812847066e+03 +5.947317066e+03 +5.947317066e+03 +1.0000e+01 +1.0000e+01 +8.0000e+00 +9.0000e+00 +2.3000e+01 +2.8000e+01 +1.1000e+01 +2.8000e+01 +0.0000e+00 +1.1000e+01 +8.0000e+00 +1.2000e+01 +1.2000e+01 +0.0000e+00 +1.8000e+01 +0.0000e+00 +2.3000e+01 +2.5000e+01 +9.0000e+00 +2.4000e+01
47 +3.238949466e+03 +3.238949466e+03 +3.373419466e+03 +3.373419466e+03 +1.5000e+01 +0.0000e+00 +1.2000e+01 +1.5000e+01 +1.2000e+01 +1.2000e+01 +1.2000e+01 +1.5000e+01 +0.0000e+00 +2.0000e+01 +1.2000e+01 +1.2000e+01 +1.5000e+01 +0.0000e+00 +0.0000e+00 +0.0000e+00 +1.2000e+01 +1.2000e+01 +1.2000e+01 +1.2000e+01
65 +2.011866266e+03 +2.011866266e+03 +2.146336266e+03 +2.146336266e+03 +9.0000e+00 +9.0000e+00 +9.0000e+00 +9.0000e+00 +9.0000e+00 +9.0000e+00 +9.0000e+00 +9.0000e+00 +1.2000e+01 +9.0000e+00 +1.2000e+01 +9.0000e+00 +9.0000e+00 +9.0000e+00 +9.0000e+00 +0.0000e+00 +9.0000e+00 +9.0000e+00 +0.0000e+00 +9.0000e+00
77 +1.393133466e+03 +1.393133466e+03 +1.527603466e+03 +1.527603466e+03 +7.0000e+00 +7.0000e+00 +7.0000e+00 +7.0000e+00 +7.0000e+00 +7.0000e+00 +7.0000e+00 +0.0000e+00 +7.0000e+00 +7.0000e+00 +7.0000e+00 +7.0000e+00 +7.0000e+00 +7.0000e+00 +7.0000e+00 +7.0000e+00 +7.0000e+00 +1.0000e+01 +7.0000e+00 +7.0000e+00
89 +8.239478662e+02 +8.239478662e+02 +9.584178662e+02 +9.584178662e+02 +5.0000e+00 +5.0000e+00 +5.0000e+00 +5.0000e+00 +5.0000e+00 +5.0000e+00 +5.0000e+00 +5.0000e+00 +5.0000e+00 +5.0000e+00 +5.0000e+00 +5.0000e+00 +5.0000e+00 +5.0000e+00 +5.0000e+00 +5.0000e+00 +5.0000e+00 +5.0000e+00 +5.0000e+00 +5.0000e+00
95 +6.021894662e+02 +6.021894662e+02 +7.366594662e+02 +7.366594662e+02 +4.0000e+00 +4.0000e+00 +4.0000e+00 +4.0000e+00 +4.0000e+00 +4.0000e+00 +4.0000e+00 +4.0000e+00 +4.0000e+00 +4.0000e+00 +4.0000e+00 +4.0000e+00 +4.0000e+00 +4.0000e+00 +4.0000e+00 +4.0000e+00 +4.0000e+00 +4.0000e+00 +4.0000e+00 +4.0000e+00
190 +3.811942662e+02 +3.811942662e+02 +5.156642662e+02 +5.156642662e+02 +0.0000e+00 +0.0000e+00 +0.0000e+00 +0.0000e+00 +0.0000e+00 +0.0000e+00 +0.0000e+00 +0.0000e+00 +0.0000e+00 +0.0000e+00 +0.0000e+00 +1.0000e+01 +1.4000e+01 +0.0000e+00 +0.0000e+00 +0.0000e+00 +0.0000e+00 +0.0000e+00 +0.0000e+00 +0.0000e+00
202 +1.151558662e+02 +1.151558662e+02 +2.496258662e+02 +2.496258662e+02 +0.0000e+00 +0.0000e+00 +0.0000e+00 +0.0000e+00 +0.0000e+00 +0.0000e+00 +0.0000e+00 +0.0000e+00 +0.0000e+00 +0.0000e+00 +0.0000e+00 +0.0000e+00 +0.0000e+00 +0.0000e+00 +0.0000e+00 +0.0000e+00 +0.0000e+00 +0.0000e+00 +0.0000e+00 +0.0000e+00
% function evaluation | noise-free fitness - Fopt (4.453500000000e+02) | best noise-free fitness - Fopt | measured fitness | best measured fitness | x1 | x2...
1 +3.416004345e+03 +3.416004345e+03 +3.861354345e+03 +3.861354345e+03 +0.0000e+00 +5.0000e+00 +1.4000e+01 +3.0000e+00 +0.0000e+00 +8.0000e+00 +1.3000e+01 +2.5000e+01 +1.7000e+01 +1.3000e+01 +2.2000e+01 +4.0000e+00 +1.3000e+01 +2.0000e+00 +2.0000e+00 +1.7000e+01 +1.0000e+00 +2.0000e+00 +2.4000e+01 +2.5000e+01
13 +1.535228345e+03 +1.535228345e+03 +1.980578345e+03 +1.980578345e+03 +4.0000e+00 +1.4000e+01 +6.0000e+00 +0.0000e+00 +6.0000e+00 +0.0000e+00 +1.5000e+01 +0.0000e+00 +1.1000e+01 +3.0000e+00 +1.1000e+01 +0.0000e+00 +2.3000e+01 +2.0000e+00 +0.0000e+00 +1.0000e+00 +0.0000e+00 +6.0000e+00 +1.1000e+01 +1.2000e+01
31 +4.393435450e+02 +4.393435450e+02 +8.846935450e+02 +8.846935450e+02 +1.1000e+01 +0.0000e+00 +0.0000e+00 +8.0000e+00 +3.0000e+00 +0.0000e+00 +0.0000e+00 +3.0000e+00 +3.0000e+00 +0.0000e+00 +1.1000e+01 +0.0000e+00 +0.0000e+00 +0.0000e+00 +0.0000e+00 +0.0000e+00 +3.0000e+00 +0.0000e+00 +3.0000e+00 +0.0000e+00
47 +3.121195450e+02 +3.121195450e+02 +7.574695450e+02 +7.574695450e+02 +5.0000e+00 +0.0000e+00 +5.0000e+00 +0.0000e+00 +5.0000e+00 +0.0000e+00 +0.0000e+00 +5.0000e+00 +0.0000e+00 +0.0000e+00 +5.0000e+00 +0.0000e+00 +0.0000e+00 +5.0000e+00 +5.0000e+00 +5.0000e+00 +0.0000e+00 +0.0000e+00 +5.0000e+00 +0.0000e+00
49 +1.893355450e+02 +1.893355450e+02 +6.346855450e+02 +6.346855450e+02 +0.0000e+00 +0.0000e+00 +0.0000e+00 +0.0000e+00 +0.0000e+00 +0.0000e+00 +5.0000e+00 +0.0000e+00 +0.0000e+00 +0.0000e+00 +0.0000e+00 +0.0000e+00 +0.0000e+00 +0.0000e+00 +0.0000e+00 +0.0000e+00 +0.0000e+00 +0.0000e+00 +0.0000e+00 +0.0000e+00
55 +1.186603450e+02 +1.186603450e+02 +5.640103450e+02 +5.640103450e+02 +0.0000e+00 +4.0000e+00 +0.0000e+00 +0.0000e+00 +0.0000e+00 +0.0000e+00 +0.0000e+00 +0.0000e+00 +4.0000e+00 +0.0000e+00 +0.0000e+00 +0.0000e+00 +0.0000e+00 +0.0000e+00 +0.0000e+00 +0.0000e+00 +0.0000e+00 +0.0000e+00 +0.0000e+00 +0.0000e+00
