% function evaluation | noise-free fitness - Fopt (7.948000000000e+01) | best noise-free fitness - Fopt | measured fitness | best measured fitness | x1 | x2...
1 +5.672320017e+03 +5.672320017e+03 +5.751800017e+03 +5.751800017e+03 +1.4000e+01 +1.7000e+01 +1.0000e+00 +1.2000e+01 +1.4000e+01 +2.0000e+00 +1.6000e+01 +4.0000e+00 +6.0000e+00 +3.0000e+01 +1.7000e+01 +6.0000e+00 +2.0000e+01 +1.1000e+01 +2.8000e+01 +2.9000e+01 +2.3000e+01 +1.2000e+01 +1.0000e+00 +2.0000e+01
23 +3.959892817e+03 +3.959892817e+03 +4.039372817e+03 +4.039372817e+03 +5.0000e+00 +8.0000e+00 +2.3000e+01 +2.3000e+01 +2.2000e+01 +1.0000e+00 +2.2000e+01 +9.0000e+00 +8.0000e+00 +8.0000e+00 +0.0000e+00 +2.0000e+01 +8.0000e+00 +8.0000e+00 +8.0000e+00 +5.0000e+00 +0.0000e+00 +1.4000e+01 +3.0000e+00 +2.7000e+01
47 +2.476420817e+03 +2.476420817e+03 +2.555900817e+03 +2.555900817e+03 +1.0000e+00 +4.0000e+00 +1.9000e+01 +1.9000e+01 +1.8000e+01 +0.0000e+00 +1.8000e+01 +5.0000e+00 +4.0000e+00 +4.0000e+00 +0.0000e+00 +1.6000e+01 +4.0000e+00 +4.0000e+00 +4.0000e+00 +1.0000e+00 +0.0000e+00 +1.0000e+01 +0.0000e+00 +2.3000e+01
67 +1.412849617e+03 +1.412849617e+03 +1.492329617e+03 +1.492329617e+03 +3.0000e+00 +6.0000e+00 +0.0000e+00 +1.0000e+00 +3.0000e+00 +0.0000e+00 +5.0000e+00 +0.0000e+00 +0.0000e+00 +1.9000e+01 +6.0000e+00 +0.0000e+00 +9.0000e+00 +0.0000e+00 +1.7000e+01 +1.8000e+01 +1.2000e+01 +1.0000e+00 +0.0000e+00 +9.0000e+00
85 +8.534640173e+02 +8.534640173e+02 +9.329440173e+02 +9.329440173e+02 +0.0000e+00 +3.0000e+00 +0.0000e+00 +0.0000e+00 +0.0000e+00 +0.0000e+00 +2.0000e+00 +0.0000e+00 +0.0000e+00 +1.6000e+01 +3.0000e+00 +0.0000e+00 +6.0000e+00 +0.0000e+00 +1.4000e+01 +1.5000e+01 +9.0000e+00 +0.0000e+00 +0.0000e+00 +6.0000e+00
97 +5.962544173e+02 +5.962544173e+02 +6.757344173e+02 +6.757344173e+02 +0.0000e+00 +1.0000e+00 +0.0000e+00 +0.0000e+00 +0.0000e+00 +0.0000e+00 +0.0000e+00 +0.0000e+00 +0.0000e+00 +1.4000e+01 +1.0000e+00 +0.0000e+00 +4.0000e+00 +0.0000e+00 +1.2000e+01 +1.3000e+01 +7.0000e+00 +0.0000e+00 +0.0000e+00 +4.0000e+00
115 +3.491824173e+02 +3.491824173e+02 +4.286624173e+02 +4.286624173e+02 +0.0000e+00 +0.0000e+00 +0.0000e+00 +0.0000e+00 +0.0000e+00 +0.0000e+00 +0.0000e+00 +0.0000e+00 +0.0000e+00 +1.1000e+01 +0.0000e+00 +0.0000e+00 +1.0000e+00 +0.0000e+00 +9.0000e+00 +1.0000e+01 +4.0000e+00 +0.0000e+00 +0.0000e+00 +1.0000e+00
127 +2.455920173e+02 +2.455920173e+02 +3.250720173e+02 +3.250720173e+02 +0.0000e+00 +0.0000e+00 +0.0000e+00 +0.0000e+00 +0.0000e+00 +0.0000e+00 +0.0000e+00 +0.0000e+00 +0.0000e+00 +9.0000e+00 +0.0000e+00 +0.0000e+00 +0.0000e+00 +0.0000e+00 +7.0000e+00 +8.0000e+00 +2.0000e+00 +0.0000e+00 +0.0000e+00 +0.0000e+00
143 +1.497312173e+02 +1.497312173e+02 +2.292112173e+02 +2.292112173e+02 +0.0000e+00 +0.0000e+00 +3.0000e+00 +3.0000e+00 +2.0000e+00 +0.0000e+00 +2.0000e+00 +0.0000e+00 +0.0000e+00 +0.0000e+00 +0.0000e+00 +0.0000e+00 +0.0000e+00 +0.0000e+00 +0.0000e+00 +0.0000e+00 +0.0000e+00 +0.0000e+00 +0.0000e+00 +7.0000e+00
159 +9.792481728e+01 +9.792481728e+01 +1.774048173e+02 +1.774048173e+02 +0.0000e+00 +0.0000e+00 +0.0000e+00 +0.0000e+00 +0.0000e+00 +0.0000e+00 +0.0000e+00 +3.0000e+00 +0.0000e+00 +0.0000e+00 +0.0000e+00 +4.0000e+00 +0.0000e+00 +0.0000e+00 +0.0000e+00 +0.0000e+00 +0.0000e+00 +0.0000e+00 +0.0000e+00 +0.0000e+00
% function evaluation | noise-free fitness - Fopt (3.944800000000e+02) | best noise-free fitness - Fopt | measured fitness | best measured fitness | x1 | x2...
1 +7.831235682e+03 +7.831235682e+03 +8.225715682e+03 +8.225715682e+03 +2.2000e+01 +1.9000e+01 +2.5000e+01 +2.1000e+01 +1.9000e+01 +1.0000e+00 +5.0000e+00 +1.6000e+01 +2.0000e+01 +2.2000e+01 +2.2000e+01 +1.0000e+01 +0.0000e+00 +2.2000e+01 +3.0000e+01 +2.9000e+01 +8.0000e+00 +0.0000e+00 +3.0000e+01 +1.5000e+01
4 +4.902477282e+03 +4.902477282e+03 +5.296957282e+03 +5.296957282e+03 +1.7000e+01 +0.0000e+00 +1.4000e+01 +9.0000e+00 +2.1000e+01 +1.7000e+01 +1.4000e+01 +1.8000e+01 +2.0000e+00 +1.6000e+01 +2.3000e+01 +1.8000e+01 +2.0000e+00 +1.3000e+01 +6.0000e+00 +3.0000e+01 +5.0000e+00 +0.0000e+00 +1.4000e+01 +2.5000e+01
16 +3.912643682e+03 +3.912643682e+03 +4.307123682e+03 +4.307123682e+03 +1.5000e+01 +0.0000e+00 +1.2000e+01 +7.0000e+00 +1.9000e+01 +1.5000e+01 +1.2000e+01 +1.6000e+01 +0.0000e+00 +1.4000e+01 +2.1000e+01 +1.6000e+01 +0.0000e+00 +1.1000e+01 +4.0000e+00 +2.8000e+01 +3.0000e+00 +0.0000e+00 +1.2000e+01 +2.3000e+01
40 +2.332261282e+03 +2.332261282e+03 +2.726741282e+03 +2.726741282e+03 +1.1000e+01 +0.0000e+00 +8.0000e+00 +3.0000e+00 +1.5000e+01 +1.1000e+01 +8.0000e+00 +1.2000e+01 +0.0000e+00 +1.0000e+01 +1.7000e+01 +1.2000e+01 +0.0000e+00 +7.0000e+00 +0.0000e+00 +2.4000e+01 +0.0000e+00 +0.0000e+00 +8.0000e+00 +1.9000e+01
58 +1.495659682e+03 +1.495659682e+03 +1.890139682e+03 +1.890139682e+03 +8.0000e+00 +0.0000e+00 +5.0000e+00 +0.0000e+00 +1.2000e+01 +8.0000e+00 +5.0000e+00 +9.0000e+00 +0.0000e+00 +7.0000e+00 +1.4000e+01 +9.0000e+00 +0.0000e+00 +4.0000e+00 +0.0000e+00 +2.1000e+01 +0.0000e+00 +0.0000e+00 +5.0000e+00 +1.6000e+01
76 +8.786244819e+02 +8.786244819e+02 +1.273104482e+03 +1.273104482e+03 +5.0000e+00 +0.0000e+00 +2.0000e+00 +0.0000e+00 +9.0000e+00 +5.0000e+00 +2.0000e+00 +6.0000e+00 +0.0000e+00 +4.0000e+00 +1.1000e+01 +6.0000e+00 +0.0000e+00 +1.0000e+00 +0.0000e+00 +1.8000e+01 +0.0000e+00 +0.0000e+00 +2.0000e+00 +1.3000e+01
88 +5.887252819e+02 +5.887252819e+02 +9.832052819e+02 +9.832052819e+02 +3.0000e+00 +0.0000e+00 +0.0000e+00 +0.0000e+00 +7.0000e+00 +3.0000e+00 +0.0000e+00 +4.0000e+00 +0.0000e+00 +2.0000e+00 +9.0000e+00 +4.0000e+00 +0.0000e+00 +0.0000e+00 +0.0000e+00 +1.6000e+01 +0.0000e+00 +0.0000e+00 +0.0000e+00 +1.1000e+01
100 +3.772980819e+02 +3.772980819e+02 +7.717780819e+02 +7.717780819e+02 +1.0000e+00 +0.0000e+00 +0.0000e+00 +0.0000e+00 +5.0000e+00 +1.0000e+00 +0.0000e+00 +2.0000e+00 +0.0000e+00 +0.0000e+00 +7.0000e+00 +2.0000e+00 +0.0000e+00 +0.0000e+00 +0.0000e+00 +1.4000e+01 +0.0000e+00 +0.0000e+00 +0.0000e+00 +9.0000e+00
118 +2.244404819e+02 +2.244404819e+02 +6.189204819e+02 +6.189204819e+02 +0.0000e+00 +0.0000e+00 +0.0000e+00 +0.0000e+00 +2.0000e+00 +0.0000e+00 +0.0000e+00 +0.0000e+00 +0.0000e+00 +0.0000e+00 +4.0000e+00 +0.0000e+00 +0.0000e+00 +0.0000e+00 +0.0000e+00 +1.1000e+01 +0.0000e+00 +0.0000e+00 +0.0000e+00 +6.0000e+00
142 +1.530932819e+02 +1.530932819e+02 +5.475732819e+02 +5.475732819e+02 +0.0000e+00 +0.0000e+00 +0.0000e+00 +0.0000e+00 +0.0000e+00 +0.0000e+00 +0.0000e+00 +0.0000e+00 +0.0000e+00 +0.0000e+00 +0.0000e+00 +0.0000e+00 +0.0000e+00 +0.0000e+00 +0.0000e+00 +7.0000e+00 +0.0000e+00 +0.0000e+00 +0.0000e+00 +2.0000e+00
% function evaluation | noise-free fitness - Fopt (-2.471100000000e+02) | best noise-free fitness - Fopt | measured fitness | best measured fitness | x1 | x2...
1 +4.664382996e+03 +4.664382996e+03 +4.417272996e+03 +4.417272996e+03 +0.0000e+00 +1.8000e+01 +0.0000e+00 +1.7000e+01 +4.0000e+00 +1.7000e+01 +1.1000e+01 +2.4000e+01 +2.4000e+01 +1.4000e+01 +0.0000e+00 +2.9000e+01 +1.2000e+01 +1.6000e+01 +9.0000e+00 +1.0000e+01 +2.8000e+01 +1.3000e+01 +1.2000e+01 +2.0000e+00
13 +3.743237396e+03 +3.743237396e+03 +3.496127396e+03 +3.496127396e+03 +0.0000e+00 +1.6000e+01 +0.0000e+00 +1.5000e+01 +2.0000e+00 +1.5000e+01 +9.0000e+00 +2.2000e+01 +2.2000e+01 +1.2000e+01 +0.0000e+00 +2.7000e+01 +1.0000e+01 +1.4000e+01 +7.0000e+00 +8.0000e+00 +2.6000e+01 +1.1000e+01 +1.0000e+01 +0.0000e+00
37 +2.299070996e+03 +2.299070996e+03 +2.051960996e+03 +2.051960996e+03 +0.0000e+00 +1.2000e+01 +0.0000e+00 +1.1000e+01 +0.0000e+00 +1.1000e+01 +5.0000e+00 +1.8000e+01 +1.8000e+01 +8.0000e+00 +0.0000e+00 +2.3000e+01 +6.0000e+00 +1.0000e+01 +3.0000e+00 +4.0000e+00 +2.2000e+01 +7.0000e+00 +6.0000e+00 +0.0000e+00
70 +1.404235796e+03 +1.404235796e+03 +1.157125796e+03 +1.157125796e+03 +1.0000e+01 +0.0000e+00 +5.0000e+00 +1.1000e+01 +7.0000e+00 +2.1000e+01 +0.0000e+00 +1.6000e+01 +6.0000e+00 +0.0000e+00 +2.0000e+00 +6.0000e+00 +1.0000e+00 +2.0000e+00 +3.0000e+00 +0.0000e+00 +7.0000e+00 +2.0000e+00 +6.0000e+00 +0.0000e+00
88 +9.055653958e+02 +9.055653958e+02 +6.584553958e+02 +6.584553958e+02 +7.0000e+00 +0.0000e+00 +2.0000e+00 +8.0000e+00 +4.0000e+00 +1.8000e+01 +0.0000e+00 +1.3000e+01 +3.0000e+00 +0.0000e+00 +0.0000e+00 +3.0000e+00 +0.0000e+00 +0.0000e+00 +0.0000e+00 +0.0000e+00 +4.0000e+00 +0.0000e+00 +3.0000e+00 +0.0000e+00
106 +5.675909958e+02 +5.675909958e+02 +3.204809958e+02 +3.204809958e+02 +4.0000e+00 +0.0000e+00 +0.0000e+00 +5.0000e+00 +1.0000e+00 +1.5000e+01 +0.0000e+00 +1.0000e+01 +0.0000e+00 +0.0000e+00 +0.0000e+00 +0.0000e+00 +0.0000e+00 +0.0000e+00 +0.0000e+00 +0.0000e+00 +1.0000e+00 +0.0000e+00 +0.0000e+00 +0.0000e+00
124 +3.427493958e+02 +3.427493958e+02 +9.563939584e+01 +9.563939584e+01 +1.0000e+00 +0.0000e+00 +0.0000e+00 +2.0000e+00 +0.0000e+00 +1.2000e+01 +0.0000e+00 +7.0000e+00 +0.0000e+00 +0.0000e+00 +0.0000e+00 +0.0000e+00 +0.0000e+00 +0.0000e+00 +0.0000e+00 +0.0000e+00 +0.0000e+00 +0.0000e+00 +0.0000e+00 +0.0000e+00
136 +2.409909958e+02 +2.409909958e+02 -6.119004160e+00 -6.119004160e+00 +0.0000e+00 +0.0000e+00 +0.0000e+00 +0.0000e+00 +0.0000e+00 +1.0000e+01 +0.0000e+00 +5.0000e+00 +0.0000e+00 +0.0000e+00 +0.0000e+00 +0.0000e+00 +0.0000e+00 +0.0000e+00 +0.0000e+00 +0.0000e+00 +0.0000e+00 +0.0000e+00 +0.0000e+00 +0.0000e+00
160 +1.401973958e+02 +1.401973958e+02 -1.069126042e+02 -1.069126042e+02 +0.0000e+00 +0.0000e+00 +0.0000e+00 +0.0000e+00 +0.0000e+00 +6.0000e+00 +0.0000e+00 +1.0000e+00 +0.0000e+00 +0.0000e+00 +0.0000e+00 +0.0000e+00 +0.0000e+00 +0.0000e+00 +0.0000e+00 +0.0000e+00 +0.0000e+00 +0.0000e+00 +0.0000e+00 +0.0000e+00
% function evaluation | noise-free fitness - Fopt (-1.520400000000e+02) | best noise-free fitness - Fopt | measured fitness | best measured fitness | x1 | x2...
1 +6.916008835e+03 +6.916008835e+03 +6.763968835e+03 +6.763968835e+03 +7.0000e+00 +5.0000e+00 +2.6000e+01 +1.1000e+01 +2.2000e+01 +3.0000e+01 +5.0000e+00 +2.3000e+01 +1.6000e+01 +2.8000e+01 +2.7000e+01 +1.9000e+01 +2.6000e+01 +2.5000e+01 +9.0000e+00 +1.7000e+01 +1.6000e+01 +0.0000e+00 +5.0000e+00 +1.3000e+01
2 +5.998332035e+03 +5.998332035e+03 +5.846292035e+03 +5.846292035e+03 +2.0000e+00 +3.0000e+01 +1.1000e+01 +2.2000e+01 +1.4000e+01 +1.4000e+01 +5.0000e+00 +1.8000e+01 +1.8000e+01 +2.0000e+00 +2.2000e+01 +2.2000e+01 +1.1000e+01 +8.0000e+00 +1.6000e+01 +1.6000e+01 +2.7000e+01 +1.7000e+01 +1.4000e+01 +3.0000e+01
24 +3.834564035e+03 +3.834564035e+03 +3.682524035e+03 +3.682524035e+03 +1.6000e+01 +2.0000e+00 +8.0000e+00 +1.6000e+01 +7.0000e+00 +5.0000e+00 +1.2000e+01 +0.0000e+00 +2.7000e+01 +1.5000e+01 +2.2000e+01 +1.6000e+01 +1.7000e+01 +2.0000e+00 +1.4000e+01 +8.0000e+00 +0.0000e+00 +2.6000e+01 +7.0000e+00 +7.0000e+00
48 +2.350151235e+03 +2.350151235e+03 +2.198111235e+03 +2.198111235e+03 +1.2000e+01 +0.0000e+00 +4.0000e+00 +1.2000e+01 +3.0000e+00 +1.0000e+00 +8.0000e+00 +0.0000e+00 +2.3000e+01 +1.1000e+01 +1.8000e+01 +1.2000e+01 +1.3000e+01 +0.0000e+00 +1.0000e+01 +4.0000e+00 +0.0000e+00 +2.2000e+01 +3.0000e+00 +3.0000e+00
66 +1.558287235e+03 +1.558287235e+03 +1.406247235e+03 +1.406247235e+03 +9.0000e+00 +0.0000e+00 +1.0000e+00 +9.0000e+00 +0.0000e+00 +0.0000e+00 +5.0000e+00 +0.0000e+00 +2.0000e+01 +8.0000e+00 +1.5000e+01 +9.0000e+00 +1.0000e+01 +0.0000e+00 +7.0000e+00 +1.0000e+00 +0.0000e+00 +1.9000e+01 +0.0000e+00 +0.0000e+00
80 +9.529624352e+02 +9.529624352e+02 +8.009224352e+02 +8.009224352e+02 +0.0000e+00 +1.7000e+01 +0.0000e+00 +9.0000e+00 +1.0000e+00 +1.0000e+00 +0.0000e+00 +5.0000e+00 +5.0000e+00 +0.0000e+00 +9.0000e+00 +9.0000e+00 +0.0000e+00 +0.0000e+00 +3.0000e+00 +3.0000e+00 +1.4000e+01 +4.0000e+00 +1.0000e+00 +1.7000e+01
98 +5.425096352e+02 +5.425096352e+02 +3.904696352e+02 +3.904696352e+02 +0.0000e+00 +1.4000e+01 +0.0000e+00 +6.0000e+00 +0.0000e+00 +0.0000e+00 +0.0000e+00 +2.0000e+00 +2.0000e+00 +0.0000e+00 +6.0000e+00 +6.0000e+00 +0.0000e+00 +0.0000e+00 +0.0000e+00 +0.0000e+00 +1.1000e+01 +1.0000e+00 +0.0000e+00 +1.4000e+01
110 +3.622520352e+02 +3.622520352e+02 +2.102120352e+02 +2.102120352e+02 +0.0000e+00 +1.2000e+01 +0.0000e+00 +4.0000e+00 +0.0000e+00 +0.0000e+00 +0.0000e+00 +0.0000e+00 +0.0000e+00 +0.0000e+00 +4.0000e+00 +4.0000e+00 +0.0000e+00 +0.0000e+00 +0.0000e+00 +0.0000e+00 +9.0000e+00 +0.0000e+00 +0.0000e+00 +1.2000e+01
122 +2.351992352e+02 +2.351992352e+02 +8.315923520e+01 +8.315923520e+01 +0.0000e+00 +1.0000e+01 +0.0000e+00 +2.0000e+00 +0.0000e+00 +0.0000e+00 +0.0000e+00 +0.0000e+00 +0.0000e+00 +0.0000e+00 +2.0000e+00 +2.0000e+00 +0.0000e+00 +0.0000e+00 +0.0000e+00 +0.0000e+00 +7.0000e+00 +0.0000e+00 +0.0000e+00 +1.0000e+01
134 +1.561464352e+02 +1.561464352e+02 +4.106435200e+00 +4.106435200e+00 +0.0000e+00 +8.0000e+00 +0.0000e+00 +0.0000e+00 +0.0000e+00 +0.0000e+00 +0.0000e+00 +0.0000e+00 +0.0000e+00 +0.0000e+00 +0.0000e+00 +0.0000e+00 +0.0000e+00 +0.0000e+00 +0.0000e+00 +0.0000e+00 +5.0000e+00 +0.0000e+00 +0.0000e+00 +8.0000e+00
158 +9.555123520e+01 +9.555123520e+01 -5.648876480e+01 -5.648876480e+01 +0.0000e+00 +4.0000e+00 +0.0000e+00 +0.0000e+00 +0.0000e+00 +0.0000e+00 +0.0000e+00 +0.0000e+00 +0.0000e+00 +0.0000e+00 +0.0000e+00 +0.0000e+00 +0.0000e+00 +0.0000e+00 +0.0000e+00 +0.0000e+00 +1.0000e+00 +0.0000e+00 +0.0000e+00 +4.0000e+00
% function evaluation | noise-free fitness - Fopt (-2.525000000000e+01) | best noise-free fitness - Fopt | measured fitness | best measured fitness | x1 | x2...
1 +4.617961228e+03 +4.617961228e+03 +4.592711228e+03 +4.592711228e+03 +9.0000e+00 +0.0000e+00 +1.8000e+01 +2.2000e+01 +1.2000e+01 +2.0000e+01 +2.7000e+01 +1.4000e+01 +0.0000e+00 +1.8000e+01 +2.0000e+01 +3.0000e+00 +0.0000e+00 +1.2000e+01 +4.0000e+00 +2.8000e+01 +1.2000e+01 +1.2000e+01 +5.0000e+00 +3.0000e+00
13 +3.728754828e+03 +3.728754828e+03 +3.703504828e+03 +3.703504828e+03 +7.0000e+00 +0.0000e+00 +1.6000e+01 +2.0000e+01 +1.0000e+01 +1.8000e+01 +2.5000e+01 +1.2000e+01 +0.0000e+00 +1.6000e+01 +1.8000e+01 +1.0000e+00 +0.0000e+00 +1.0000e+01 +2.0000e+00 +2.6000e+01 +1.0000e+01 +1.0000e+01 +3.0000e+00 +1.0000e+00
37 +2.326668428e+03 +2.326668428e+03 +2.301418428e+03 +2.301418428e+03 +3.0000e+00 +0.0000e+00 +1.2000e+01 +1.6000e+01 +6.0000e+00 +1.4000e+01 +2.1000e+01 +8.0000e+00 +0.0000e+00 +1.2000e+01 +1.4000e+01 +0.0000e+00 +0.0000e+00 +6.0000e+00 +0.0000e+00 +2.2000e+01 +6.0000e+00 +6.0000e+00 +0.0000e+00 +0.0000e+00
55 +1.551660428e+03 +1.551660428e+03 +1.526410428e+03 +1.526410428e+03 +0.0000e+00 +0.0000e+00 +9.0000e+00 +1.3000e+01 +3.0000e+00 +1.1000e+01 +1.8000e+01 +5.0000e+00 +0.0000e+00 +9.0000e+00 +1.1000e+01 +0.0000e+00 +0.0000e+00 +3.0000e+00 +0.0000e+00 +1.9000e+01 +3.0000e+00 +3.0000e+00 +0.0000e+00 +0.0000e+00
73 +9.799660282e+02 +9.799660282e+02 +9.547160282e+02 +9.547160282e+02 +0.0000e+00 +0.0000e+00 +6.0000e+00 +1.0000e+01 +0.0000e+00 +8.0000e+00 +1.5000e+01 +2.0000e+00 +0.0000e+00 +6.0000e+00 +8.0000e+00 +0.0000e+00 +0.0000e+00 +0.0000e+00 +0.0000e+00 +1.6000e+01 +0.0000e+00 +0.0000e+00 +0.0000e+00 +0.0000e+00
91 +5.825020282e+02 +5.825020282e+02 +5.572520282e+02 +5.572520282e+02 +0.0000e+00 +0.0000e+00 +3.0000e+00 +7.0000e+00 +0.0000e+00 +5.0000e+00 +1.2000e+01 +0.0000e+00 +0.0000e+00 +3.0000e+00 +5.0000e+00 +0.0000e+00 +0.0000e+00 +0.0000e+00 +0.0000e+00 +1.3000e+01 +0.0000e+00 +0.0000e+00 +0.0000e+00 +0.0000e+00
103 +3.950332282e+02 +3.950332282e+02 +3.697832282e+02 +3.697832282e+02 +0.0000e+00 +0.0000e+00 +1.0000e+00 +5.0000e+00 +0.0000e+00 +3.0000e+00 +1.0000e+01 +0.0000e+00 +0.0000e+00 +1.0000e+00 +3.0000e+00 +0.0000e+00 +0.0000e+00 +0.0000e+00 +0.0000e+00 +1.1000e+01 +0.0000e+00 +0.0000e+00 +0.0000e+00 +0.0000e+00
121 +2.272076282e+02 +2.272076282e+02 +2.019576282e+02 +2.019576282e+02 +0.0000e+00 +0.0000e+00 +0.0000e+00 +2.0000e+00 +0.0000e+00 +0.0000e+00 +7.0000e+00 +0.0000e+00 +0.0000e+00 +0.0000e+00 +0.0000e+00 +0.0000e+00 +0.0000e+00 +0.0000e+00 +0.0000e+00 +8.0000e+00 +0.0000e+00 +0.0000e+00 +0.0000e+00 +0.0000e+00
133 +1.539532282e+02 +1.539532282e+02 +1.287032282e+02 +1.287032282e+02 +0.0000e+00 +0.0000e+00 +0.0000e+00 +0.0000e+00 +0.0000e+00 +0.0000e+00 +5.0000e+00 +0.0000e+00 +0.0000e+00 +0.0000e+00 +0.0000e+00 +0.0000e+00 +0.0000e+00 +0.0000e+00 +0.0000e+00 +6.0000e+00 +0.0000e+00 +0.0000e+00 +0.0000e+00 +0.0000e+00
149 +8.924762816e+01 +8.924762816e+01 +6.399762816e+01 +6.399762816e+01 +4.0000e+00 +0.0000e+00 +0.0000e+00 +0.0000e+00 +0.0000e+00 +0.0000e+00 +0.0000e+00 +2.0000e+00 +0.0000e+00 +0.0000e+00 +0.0000e+00 +0.0000e+00 +1.0000e+00 +0.0000e+00 +0.0000e+00 +0.0000e+00 +3.0000e+00 +0.0000e+00 +0.0000e+00 +0.0000e+00
% function evaluation | noise-free fitness - Fopt (2.230000000000e+00) | best noise-free fitness - Fopt | measured fitness | best measured fitness | x1 | x2...
1 +5.733020983e+03 +5.733020983e+03 +5.735250983e+03 +5.735250983e+03 +1.2000e+01 +0.0000e+00 +1.5000e+01 +1.1000e+01 +1.8000e+01 +4.0000e+00 +1.7000e+01 +2.0000e+01 +1.8000e+01 +2.5000e+01 +1.1000e+01 +2.9000e+01 +2.2000e+01 +5.0000e+00 +2.8000e+01 +2.1000e+01 +9.0000e+00 +2.0000e+00 +5.0000e+00 +1.6000e+01
17 +3.925676983e+03 +3.925676983e+03 +3.927906983e+03 +3.927906983e+03 +0.0000e+00 +5.0000e+00 +1.0000e+00 +2.0000e+00 +2.5000e+01 +5.0000e+00 +1.9000e+01 +0.0000e+00 +2.6000e+01 +3.0000e+00 +2.2000e+01 +2.8000e+01 +1.0000e+01 +2.2000e+01 +1.0000e+01 +0.0000e+00 +0.0000e+00 +0.0000e+00 +3.0000e+00 +6.0000e+00
47 +2.344064183e+03 +2.344064183e+03 +2.346294183e+03 +2.346294183e+03 +0.0000e+00 +0.0000e+00 +0.0000e+00 +0.0000e+00 +2.0000e+01 +0.0000e+00 +1.4000e+01 +0.0000e+00 +2.1000e+01 +0.0000e+00 +1.7000e+01 +2.3000e+01 +5.0000e+00 +1.7000e+01 +5.0000e+00 +0.0000e+00 +0.0000e+00 +0.0000e+00 +0.0000e+00 +1.0000e+00
66 +1.577932983e+03 +1.577932983e+03 +1.580162983e+03 +1.580162983e+03 +1.3000e+01 +1.6000e+01 +0.0000e+00 +1.5000e+01 +0.0000e+00 +0.0000e+00 +0.0000e+00 +0.0000e+00 +1.8000e+01 +1.2000e+01 +0.0000e+00 +1.0000e+01 +0.0000e+00 +6.0000e+00 +0.0000e+00 +0.0000e+00 +0.0000e+00 +1.0000e+00 +1.1000e+01 +1.2000e+01
81 +9.190849830e+02 +9.190849830e+02 +9.213149830e+02 +9.213149830e+02 +0.0000e+00 +6.0000e+00 +5.0000e+00 +1.0000e+01 +1.5000e+01 +0.0000e+00 +4.0000e+00 +0.0000e+00 +9.0000e+00 +8.0000e+00 +0.0000e+00 +0.0000e+00 +1.1000e+01 +0.0000e+00 +0.0000e+00 +0.0000e+00 +1.4000e+01 +4.0000e+00 +1.0000e+01 +8.0000e+00
93 +5.811361830e+02 +5.811361830e+02 +5.833661830e+02 +5.833661830e+02 +0.0000e+00 +4.0000e+00 +3.0000e+00 +8.0000e+00 +1.3000e+01 +0.0000e+00 +2.0000e+00 +0.0000e+00 +7.0000e+00 +6.0000e+00 +0.0000e+00 +0.0000e+00 +9.0000e+00 +0.0000e+00 +0.0000e+00 +0.0000e+00 +1.2000e+01 +2.0000e+00 +8.0000e+00 +6.0000e+00
105 +3.391873830e+02 +3.391873830e+02 +3.414173830e+02 +3.414173830e+02 +0.0000e+00 +2.0000e+00 +1.0000e+00 +6.0000e+00 +1.1000e+01 +0.0000e+00 +0.0000e+00 +0.0000e+00 +5.0000e+00 +4.0000e+00 +0.0000e+00 +0.0000e+00 +7.0000e+00 +0.0000e+00 +0.0000e+00 +0.0000e+00 +1.0000e+01 +0.0000e+00 +6.0000e+00 +4.0000e+00
117 +1.892913830e+02 +1.892913830e+02 +1.915213830e+02 +1.915213830e+02 +0.0000e+00 +0.0000e+00 +0.0000e+00 +4.0000e+00 +9.0000e+00 +0.0000e+00 +0.0000e+00 +0.0000e+00 +3.0000e+00 +2.0000e+00 +0.0000e+00 +0.0000e+00 +5.0000e+00 +0.0000e+00 +0.0000e+00 +0.0000e+00 +8.0000e+00 +0.0000e+00 +4.0000e+00 +2.0000e+00
123 +1.455697830e+02 +1.455697830e+02 +1.477997830e+02 +1.477997830e+02 +0.0000e+00 +0.0000e+00 +0.0000e+00 +3.0000e+00 +8.0000e+00 +0.0000e+00 +0.0000e+00 +0.0000e+00 +2.0000e+00 +1.0000e+00 +0.0000e+00 +0.0000e+00 +4.0000e+00 +0.0000e+00 +0.0000e+00 +0.0000e+00 +7.0000e+00 +0.0000e+00 +3.0000e+00 +1.0000e+00
135 +9.699378304e+01 +9.699378304e+01 +9.922378304e+01 +9.922378304e+01 +0.0000e+00 +0.0000e+00 +0.0000e+00 +1.0000e+00 +6.0000e+00 +0.0000e+00 +0.0000e+00 +0.0000e+00 +0.0000e+00 +0.0000e+00 +0.0000e+00 +0.0000e+00 +2.0000e+00 +0.0000e+00 +0.0000e+00 +0.0000e+00 +5.0000e+00 +0.0000e+00 +1.0000e+00 +0.0000e+00
% function evaluation | noise-free fitness - Fopt (-1.308000000000e+01) | best noise-free fitness - Fopt | measured fitness | best measured fitness | x1 | x2...
1 +6.425787347e+03 +6.425787347e+03 +6.412707347e+03 +6.412707347e+03 +1.3000e+01 +1.6000e+01 +1.2000e+01 +2.7000e+01 +0.0000e+00 +1.3000e+01 +1.6000e+01 +2.0000e+01 +0.0000e+00 +2.4000e+01 +3.0000e+00 +0.0000e+00 +2.2000e+01 +2.8000e+01 +2.6000e+01 +3.0000e+01 +2.8000e+01 +0.0000e+00 +2.0000e+00 +6.0000e+00
2 +4.826638547e+03 +4.826638547e+03 +4.813558547e+03 +4.813558547e+03 +2.0000e+01 +1.6000e+01 +1.5000e+01 +1.0000e+00 +1.6000e+01 +0.0000e+00 +1.1000e+01 +2.9000e+01 +1.3000e+01 +2.2000e+01 +7.0000e+00 +5.0000e+00 +1.7000e+01 +3.0000e+00 +5.0000e+00 +0.0000e+00 +2.4000e+01 +2.6000e+01 +9.0000e+00 +1.6000e+01
14 +3.904728147e+03 +3.904728147e+03 +3.891648147e+03 +3.891648147e+03 +1.8000e+01 +1.4000e+01 +1.3000e+01 +0.0000e+00 +1.4000e+01 +0.0000e+00 +9.0000e+00 +2.7000e+01 +1.1000e+01 +2.0000e+01 +5.0000e+00 +3.0000e+00 +1.5000e+01 +1.0000e+00 +3.0000e+00 +0.0000e+00 +2.2000e+01 +2.4000e+01 +7.0000e+00 +1.4000e+01
38 +2.441758547e+03 +2.441758547e+03 +2.428678547e+03 +2.428678547e+03 +1.4000e+01 +1.0000e+01 +9.0000e+00 +0.0000e+00 +1.0000e+01 +0.0000e+00 +5.0000e+00 +2.3000e+01 +7.0000e+00 +1.6000e+01 +1.0000e+00 +0.0000e+00 +1.1000e+01 +0.0000e+00 +0.0000e+00 +0.0000e+00 +1.8000e+01 +2.0000e+01 +3.0000e+00 +1.0000e+01
62 +1.420523347e+03 +1.420523347e+03 +1.407443347e+03 +1.407443347e+03 +1.0000e+01 +6.0000e+00 +5.0000e+00 +0.0000e+00 +6.0000e+00 +0.0000e+00 +1.0000e+00 +1.9000e+01 +3.0000e+00 +1.2000e+01 +0.0000e+00 +0.0000e+00 +7.0000e+00 +0.0000e+00 +0.0000e+00 +0.0000e+00 +1.4000e+01 +1.6000e+01 +0.0000e+00 +6.0000e+00
78 +9.551329466e+02 +9.551329466e+02 +9.420529466e+02 +9.420529466e+02 +6.0000e+00 +0.0000e+00 +0.0000e+00 +0.0000e+00 +5.0000e+00 +1.0000e+00 +3.0000e+00 +0.0000e+00 +0.0000e+00 +0.0000e+00 +3.0000e+00 +0.0000e+00 +1.7000e+01 +1.3000e+01 +0.0000e+00 +1.0000e+00 +1.6000e+01 +3.0000e+00 +9.0000e+00 +1.2000e+01
96 +5.665265466e+02 +5.665265466e+02 +5.534465466e+02 +5.534465466e+02 +3.0000e+00 +0.0000e+00 +0.0000e+00 +0.0000e+00 +2.0000e+00 +0.0000e+00 +0.0000e+00 +0.0000e+00 +0.0000e+00 +0.0000e+00 +0.0000e+00 +0.0000e+00 +1.4000e+01 +1.0000e+01 +0.0000e+00 +0.0000e+00 +1.3000e+01 +0.0000e+00 +6.0000e+00 +9.0000e+00
108 +3.827889466e+02 +3.827889466e+02 +3.697089466e+02 +3.697089466e+02 +1.0000e+00 +0.0000e+00 +0.0000e+00 +0.0000e+00 +0.0000e+00 +0.0000e+00 +0.0000e+00 +0.0000e+00 +0.0000e+00 +0.0000e+00 +0.0000e+00 +0.0000e+00 +1.2000e+01 +8.0000e+00 +0.0000e+00 +0.0000e+00 +1.1000e+01 +0.0000e+00 +4.0000e+00 +7.0000e+00
126 +2.125361466e+02 +2.125361466e+02 +1.994561466e+02 +1.994561466e+02 +0.0000e+00 +0.0000e+00 +0.0000e+00 +0.0000e+00 +0.0000e+00 +0.0000e+00 +0.0000e+00 +0.0000e+00 +0.0000e+00 +0.0000e+00 +0.0000e+00 +0.0000e+00 +9.0000e+00 +5.0000e+00 +0.0000e+00 +0.0000e+00 +8.0000e+00 +0.0000e+00 +1.0000e+00 +4.0000e+00
138 +1.460081466e+02 +1.460081466e+02 +1.329281466e+02 +1.329281466e+02 +0.0000e+00 +0.0000e+00 +0.0000e+00 +0.0000e+00 +0.0000e+00 +0.0000e+00 +0.0000e+00 +0.0000e+00 +0.0000e+00 +0.0000e+00 +0.0000e+00 +0.0000e+00 +7.0000e+00 +3.0000e+00 +0.0000e+00 +0.0000e+00 +6.0000e+00 +0.0000e+00 +0.0000e+00 +2.0000e+00
156 +9.819854656e+01 +9.819854656e+01 +8.511854656e+01 +8.511854656e+01 +0.0000e+00 +0.0000e+00 +0.0000e+00 +0.0000e+00 +0.0000e+00 +0.0000e+00 +0.0000e+00 +0.0000e+00 +0.0000e+00 +0.0000e+00 +0.0000e+00 +0.0000e+00 +4.0000e+00 +0.0000e+00 +0.0000e+00 +0.0000e+00 +3.0000e+00 +0.0000e+00 +0.0000e+00 +0.0000e+00
% function evaluation | noise-free fitness - Fopt (2.671600000000e+02) | best noise-free fitness - Fopt | measured fitness | best measured fitness | x1 | x2...
1 +7.383728184e+03 +7.383728184e+03 +7.650888184e+03 +7.650888184e+03 +0.0000e+00 +2.9000e+01 +7.0000e+00 +1.4000e+01 +2.1000e+01 +6.0000e+00 +2.4000e+01 +2.6000e+01 +2.9000e+01 +4.0000e+00 +1.3000e+01 +2.3000e+01 +0.0000e+00 +0.0000e+00 +3.0000e+01 +2.3000e+01 +9.0000e+00 +1.0000e+01 +1.8000e+01 +1.8000e+01
3 +5.548752184e+03 +5.548752184e+03 +5.815912184e+03 +5.815912184e+03 +2.2000e+01 +6.0000e+00 +1.5000e+01 +1.9000e+01 +1.4000e+01 +1.5000e+01 +1.5000e+01 +2.0000e+00 +2.0000e+00 +2.4000e+01 +2.6000e+01 +1.6000e+01 +6.0000e+00 +1.6000e+01 +2.0000e+01 +6.0000e+00 +9.0000e+00 +7.0000e+00 +2.9000e+01 +4.0000e+00
4 +3.291678584e+03 +3.291678584e+03 +3.558838584e+03 +3.558838584e+03 +1.3000e+01 +5.0000e+00 +1.2000e+01 +8.0000e+00 +5.0000e+00 +0.0000e+00 +6.0000e+00 +2.0000e+01 +5.0000e+00 +2.0000e+01 +1.6000e+01 +2.2000e+01 +1.7000e+01 +9.0000e+00 +7.0000e+00 +1.1000e+01 +8.0000e+00 +1.3000e+01 +5.0000e+00 +7.0000e+00
16 +2.462155384e+03 +2.462155384e+03 +2.729315384e+03 +2.729315384e+03 +1.1000e+01 +3.0000e+00 +1.0000e+01 +6.0000e+00 +3.0000e+00 +0.0000e+00 +4.0000e+00 +1.8000e+01 +3.0000e+00 +1.8000e+01 +1.4000e+01 +2.0000e+01 +1.5000e+01 +7.0000e+00 +5.0000e+00 +9.0000e+00 +6.0000e+00 +1.1000e+01 +3.0000e+00 +5.0000e+00
34 +1.502870584e+03 +1.502870584e+03 +1.770030584e+03 +1.770030584e+03 +8.0000e+00 +0.0000e+00 +7.0000e+00 +3.0000e+00 +0.0000e+00 +0.0000e+00 +1.0000e+00 +1.5000e+01 +0.0000e+00 +1.5000e+01 +1.1000e+01 +1.7000e+01 +1.2000e+01 +4.0000e+00 +2.0000e+00 +6.0000e+00 +3.0000e+00 +8.0000e+00 +0.0000e+00 +2.0000e+00
52 +8.701073843e+02 +8.701073843e+02 +1.137267384e+03 +1.137267384e+03 +5.0000e+00 +0.0000e+00 +4.0000e+00 +0.0000e+00 +0.0000e+00 +0.0000e+00 +0.0000e+00 +1.2000e+01 +0.0000e+00 +1.2000e+01 +8.0000e+00 +1.4000e+01 +9.0000e+00 +1.0000e+00 +0.0000e+00 +3.0000e+00 +0.0000e+00 +5.0000e+00 +0.0000e+00 +0.0000e+00
64 +5.928289843e+02 +5.928289843e+02 +8.599889843e+02 +8.599889843e+02 +3.0000e+00 +0.0000e+00 +2.0000e+00 +0.0000e+00 +0.0000e+00 +0.0000e+00 +0.0000e+00 +1.0000e+01 +0.0000e+00 +1.0000e+01 +6.0000e+00 +1.2000e+01 +7.0000e+00 +0.0000e+00 +0.0000e+00 +1.0000e+00 +0.0000e+00 +3.0000e+00 +0.0000e+00 +0.0000e+00
76 +3.899537843e+02 +3.899537843e+02 +6.571137843e+02 +6.571137843e+02 +1.0000e+00 +0.0000e+00 +0.0000e+00 +0.0000e+00 +0.0000e+00 +0.0000e+00 +0.0000e+00 +8.0000e+00 +0.0000e+00 +8.0000e+00 +4.0000e+00 +1.0000e+01 +5.0000e+00 +0.0000e+00 +0.0000e+00 +0.0000e+00 +0.0000e+00 +1.0000e+00 +0.0000e+00 +0.0000e+00
94 +2.102721843e+02 +2.102721843e+02 +4.774321843e+02 +4.774321843e+02 +0.0000e+00 +0.0000e+00 +0.0000e+00 +0.0000e+00 +0.0000e+00 +0.0000e+00 +0.0000e+00 +5.0000e+00 +0.0000e+00 +5.0000e+00 +1.0000e+00 +7.0000e+00 +2.0000e+00 +0.0000e+00 +0.0000e+00 +0.0000e+00 +0.0000e+00 +0.0000e+00 +0.0000e+00 +0.0000e+00
106 +1.457985843e+02 +1.457985843e+02 +4.129585843e+02 +4.129585843e+02 +0.0000e+00 +0.0000e+00 +0.0000e+00 +0.0000e+00 +0.0000e+00 +0.0000e+00 +0.0000e+00 +3.0000e+00 +0.0000e+00 +3.0000e+00 +0.0000e+00 +5.0000e+00 +0.0000e+00 +0.0000e+00 +0.0000e+00 +0.0000e+00 +0.0000e+00 +0.0000e+00 +0.0000e+00 +0.0000e+00
% function evaluation | noise-free fitness - Fopt (3.710000000000e+00) | best noise-free fitness - Fopt | measured fitness | best measured fitness | x1 | x2...
1 +4.779974109e+03 +4.779974109e+03 +4.783684109e+03 +4.783684109e+03 +2.3000e+01 +1.2000e+01 +1.3000e+01 +1.8000e+01 +1.8000e+01 +1.7000e+01 +1.7000e+01 +2.1000e+01 +1.4000e+01 +1.0000e+01 +1.2000e+01 +2.9000e+01 +9.0000e+00 +0.0000e+00 +7.0000e+00 +4.0000e+00 +6.0000e+00 +1.2000e+01 +6.0000e+00 +1.9000e+01
13 +3.733046109e+03 +3.733046109e+03 +3.736756109e+03 +3.736756109e+03 +2.1000e+01 +1.0000e+01 +1.1000e+01 +1.6000e+01 +1.6000e+01 +1.5000e+01 +1.5000e+01 +1.9000e+01 +1.2000e+01 +8.0000e+00 +1.0000e+01 +2.7000e+01 +7.0000e+00 +0.0000e+00 +5.0000e+00 +2.0000e+00 +4.0000e+00 +1.0000e+01 +4.0000e+00 +1.7000e+01
31 +2.454314909e+03 +2.454314909e+03 +2.458024909e+03 +2.458024909e+03 +1.8000e+01 +7.0000e+00 +8.0000e+00 +1.3000e+01 +1.3000e+01 +1.2000e+01 +1.2000e+01 +1.6000e+01 +9.0000e+00 +5.0000e+00 +7.0000e+00 +2.4000e+01 +4.0000e+00 +0.0000e+00 +2.0000e+00 +0.0000e+00 +1.0000e+00 +7.0000e+00 +1.0000e+00 +1.4000e+01
49 +1.530863709e+03 +1.530863709e+03 +1.534573709e+03 +1.534573709e+03 +1.5000e+01 +4.0000e+00 +5.0000e+00 +1.0000e+01 +1.0000e+01 +9.0000e+00 +9.0000e+00 +1.3000e+01 +6.0000e+00 +2.0000e+00 +4.0000e+00 +2.1000e+01 +1.0000e+00 +0.0000e+00 +0.0000e+00 +0.0000e+00 +0.0000e+00 +4.0000e+00 +0.0000e+00 +1.1000e+01
67 +8.994141094e+02 +8.994141094e+02 +9.031241094e+02 +9.031241094e+02 +1.2000e+01 +1.0000e+00 +2.0000e+00 +7.0000e+00 +7.0000e+00 +6.0000e+00 +6.0000e+00 +1.0000e+01 +3.0000e+00 +0.0000e+00 +1.0000e+00 +1.8000e+01 +0.0000e+00 +0.0000e+00 +0.0000e+00 +0.0000e+00 +0.0000e+00 +1.0000e+00 +0.0000e+00 +8.0000e+00
79 +6.242845094e+02 +6.242845094e+02 +6.279945094e+02 +6.279945094e+02 +1.0000e+01 +0.0000e+00 +0.0000e+00 +5.0000e+00 +5.0000e+00 +4.0000e+00 +4.0000e+00 +8.0000e+00 +1.0000e+00 +0.0000e+00 +0.0000e+00 +1.6000e+01 +0.0000e+00 +0.0000e+00 +0.0000e+00 +0.0000e+00 +0.0000e+00 +0.0000e+00 +0.0000e+00 +6.0000e+00
96 +3.741325094e+02 +3.741325094e+02 +3.778425094e+02 +3.778425094e+02 +7.0000e+00 +0.0000e+00 +7.0000e+00 +0.0000e+00 +1.1000e+01 +2.0000e+00 +0.0000e+00 +0.0000e+00 +0.0000e+00 +0.0000e+00 +0.0000e+00 +5.0000e+00 +0.0000e+00 +6.0000e+00 +0.0000e+00 +0.0000e+00 +0.0000e+00 +3.0000e+00 +3.0000e+00 +0.0000e+00
108 +2.244237094e+02 +2.244237094e+02 +2.281337094e+02 +2.281337094e+02 +5.0000e+00 +0.0000e+00 +5.0000e+00 +0.0000e+00 +9.0000e+00 +0.0000e+00 +0.0000e+00 +0.0000e+00 +0.0000e+00 +0.0000e+00 +0.0000e+00 +3.0000e+00 +0.0000e+00 +4.0000e+00 +0.0000e+00 +0.0000e+00 +0.0000e+00 +1.0000e+00 +1.0000e+00 +0.0000e+00
120 +1.371837094e+02 +1.371837094e+02 +1.408937094e+02 +1.408937094e+02 +3.0000e+00 +0.0000e+00 +3.0000e+00 +0.0000e+00 +7.0000e+00 +0.0000e+00 +0.0000e+00 +0.0000e+00 +0.0000e+00 +0.0000e+00 +0.0000e+00 +1.0000e+00 +0.0000e+00 +2.0000e+00 +0.0000e+00 +0.0000e+00 +0.0000e+00 +0.0000e+00 +0.0000e+00 +0.0000e+00
150 +9.746850944e+01 +9.746850944e+01 +1.011785094e+02 +1.011785094e+02 +0.0000e+00 +0.0000e+00 +0.0000e+00 +0.0000e+00 +2.0000e+00 +0.0000e+00 +0.0000e+00 +0.0000e+00 +0.0000e+00 +0.0000e+00 +0.0000e+00 +0.0000e+00 +0.0000e+00 +0.0000e+00 +0.0000e+00 +0.0000e+00 +0.0000e+00 +0.0000e+00 +0.0000e+00 +0.0000e+00
% function evaluation | noise-free fitness - Fopt (9.478000000000e+01) | best noise-free fitness - Fopt | measured fitness | best measured fitness | x1 | x2...
1 +7.286746233e+03 +7.286746233e+03 +7.381526233e+03 +7.381526233e+03 +2.2000e+01 +2.4000e+01 +2.9000e+01 +2.7000e+01 +3.0000e+00 +1.6000e+01 +4.0000e+00 +3.0000e+01 +0.0000e+00 +2.0000e+01 +1.9000e+01 +2.5000e+01 +1.3000e+01 +1.3000e+01 +3.0000e+00 +1.7000e+01 +2.7000e+01 +2.8000e+01 +0.0000e+00 +4.0000e+00
3 +6.197136633e+03 +6.197136633e+03 +6.291916633e+03 +6.291916633e+03 +2.8000e+01 +2.8000e+01 +8.0000e+00 +6.0000e+00 +1.8000e+01 +8.0000e+00 +2.1000e+01 +6.0000e+00 +3.0000e+01 +2.3000e+01 +1.3000e+01 +2.9000e+01 +1.0000e+00 +0.0000e+00 +1.4000e+01 +1.8000e+01 +1.7000e+01 +4.0000e+00 +0.0000e+00 +2.4000e+01
6 +3.867195833e+03 +3.867195833e+03 +3.961975833e+03 +3.961975833e+03 +1.5000e+01 +1.0000e+00 +3.0000e+01 +1.1000e+01 +0.0000e+00 +5.0000e+00 +0.0000e+00 +2.8000e+01 +0.0000e+00 +1.9000e+01 +0.0000e+00 +8.0000e+00 +1.0000e+01 +2.3000e+01 +1.0000e+01 +1.5000e+01 +4.0000e+00 +1.2000e+01 +1.0000e+01 +1.6000e+01
30 +2.384619833e+03 +2.384619833e+03 +2.479399833e+03 +2.479399833e+03 +1.1000e+01 +0.0000e+00 +2.6000e+01 +7.0000e+00 +0.0000e+00 +1.0000e+00 +0.0000e+00 +2.4000e+01 +0.0000e+00 +1.5000e+01 +0.0000e+00 +4.0000e+00 +6.0000e+00 +1.9000e+01 +6.0000e+00 +1.1000e+01 +0.0000e+00 +8.0000e+00 +6.0000e+00 +1.2000e+01
48 +1.569634233e+03 +1.569634233e+03 +1.664414233e+03 +1.664414233e+03 +8.0000e+00 +0.0000e+00 +2.3000e+01 +4.0000e+00 +0.0000e+00 +0.0000e+00 +0.0000e+00 +2.1000e+01 +0.0000e+00 +1.2000e+01 +0.0000e+00 +1.0000e+00 +3.0000e+00 +1.6000e+01 +3.0000e+00 +8.0000e+00 +0.0000e+00 +5.0000e+00 +3.0000e+00 +9.0000e+00
66 +9.888662330e+02 +9.888662330e+02 +1.083646233e+03 +1.083646233e+03 +5.0000e+00 +0.0000e+00 +2.0000e+01 +1.0000e+00 +0.0000e+00 +0.0000e+00 +0.0000e+00 +1.8000e+01 +0.0000e+00 +9.0000e+00 +0.0000e+00 +0.0000e+00 +0.0000e+00 +1.3000e+01 +0.0000e+00 +5.0000e+00 +0.0000e+00 +2.0000e+00 +0.0000e+00 +6.0000e+00
84 +6.096950330e+02 +6.096950330e+02 +7.044750330e+02 +7.044750330e+02 +2.0000e+00 +0.0000e+00 +1.7000e+01 +0.0000e+00 +0.0000e+00 +0.0000e+00 +0.0000e+00 +1.5000e+01 +0.0000e+00 +6.0000e+00 +0.0000e+00 +0.0000e+00 +0.0000e+00 +1.0000e+01 +0.0000e+00 +2.0000e+00 +0.0000e+00 +0.0000e+00 +0.0000e+00 +3.0000e+00
102 +3.623958330e+02 +3.623958330e+02 +4.571758330e+02 +4.571758330e+02 +0.0000e+00 +0.0000e+00 +1.4000e+01 +0.0000e+00 +0.0000e+00 +0.0000e+00 +0.0000e+00 +1.2000e+01 +0.0000e+00 +3.0000e+00 +0.0000e+00 +0.0000e+00 +0.0000e+00 +7.0000e+00 +0.0000e+00 +0.0000e+00 +0.0000e+00 +0.0000e+00 +0.0000e+00 +0.0000e+00
120 +2.254374330e+02 +2.254374330e+02 +3.202174330e+02 +3.202174330e+02 +0.0000e+00 +0.0000e+00 +1.1000e+01 +0.0000e+00 +0.0000e+00 +0.0000e+00 +0.0000e+00 +9.0000e+00 +0.0000e+00 +0.0000e+00 +0.0000e+00 +0.0000e+00 +0.0000e+00 +4.0000e+00 +0.0000e+00 +0.0000e+00 +0.0000e+00 +0.0000e+00 +0.0000e+00 +0.0000e+00
132 +1.577542330e+02 +1.577542330e+02 +2.525342330e+02 +2.525342330e+02 +0.0000e+00 +0.0000e+00 +9.0000e+00 +0.0000e+00 +0.0000e+00 +0.0000e+00 +0.0000e+00 +7.0000e+00 +0.0000e+00 +0.0000e+00 +0.0000e+00 +0.0000e+00 +0.0000e+00 +2.0000e+00 +0.0000e+00 +0.0000e+00 +0.0000e+00 +0.0000e+00 +0.0000e+00 +0.0000e+00
156 +9.729983296e+01 +9.729983296e+01 +1.920798330e+02 +1.920798330e+02 +0.0000e+00 +0.0000e+00 +5.0000e+00 +0.0000e+00 +0.0000e+00 +0.0000e+00 +0.0000e+00 +3.0000e+00 +0.0000e+00 +0.0000e+00 +0.0000e+00 +0.0000e+00 +0.0000e+00 +0.0000e+00 +0.0000e+00 +0.0000e+00 +0.0000e+00 +0.0000e+00 +0.0000e+00 +0.0000e+00
% function evaluation | noise-free fitness - Fopt (2.339200000000e+02) | best noise-free fitness - Fopt | measured fitness | best measured fitness | x1 | x2...
1 +6.021406220e+03 +6.021406220e+03 +6.255326220e+03 +6.255326220e+03 +1.4000e+01 +9.0000e+00 +2.0000e+00 +2.8000e+01 +1.5000e+01 +2.0000e+01 +0.0000e+00 +2.8000e+01 +2.8000e+01 +1.2000e+01 +2.3000e+01 +2.3000e+01 +2.1000e+01 +1.0000e+00 +1.0000e+00 +7.0000e+00 +1.1000e+01 +0.0000e+00 +2.4000e+01 +6.0000e+00
17 +3.877865420e+03 +3.877865420e+03 +4.111785420e+03 +4.111785420e+03 +1.9000e+01 +5.0000e+00 +9.0000e+00 +1.0000e+00 +2.1000e+01 +3.0000e+00 +9.0000e+00 +2.0000e+01 +0.0000e+00 +3.0000e+00 +4.0000e+00 +1.0000e+01 +0.0000e+00 +5.0000e+00 +1.9000e+01 +9.0000e+00 +2.7000e+01 +2.6000e+01 +1.2000e+01 +1.5000e+01
41 +2.417673420e+03 +2.417673420e+03 +2.651593420e+03 +2.651593420e+03 +1.5000e+01 +1.0000e+00 +5.0000e+00 +0.0000e+00 +1.7000e+01 +0.0000e+00 +5.0000e+00 +1.6000e+01 +0.0000e+00 +0.0000e+00 +0.0000e+00 +6.0000e+00 +0.0000e+00 +1.0000e+00 +1.5000e+01 +5.0000e+00 +2.3000e+01 +2.2000e+01 +8.0000e+00 +1.1000e+01
62 +1.544767820e+03 +1.544767820e+03 +1.778687820e+03 +1.778687820e+03 +0.0000e+00 +6.0000e+00 +0.0000e+00 +0.0000e+00 +7.0000e+00 +6.0000e+00 +6.0000e+00 +0.0000e+00 +1.5000e+01 +1.2000e+01 +1.4000e+01 +0.0000e+00 +1.8000e+01 +1.2000e+01 +0.0000e+00 +0.0000e+00 +3.0000e+00 +1.6000e+01 +0.0000e+00 +3.0000e+00
80 +9.734622195e+02 +9.734622195e+02 +1.207382220e+03 +1.207382220e+03 +0.0000e+00 +3.0000e+00 +0.0000e+00 +0.0000e+00 +4.0000e+00 +3.0000e+00 +3.0000e+00 +0.0000e+00 +1.2000e+01 +9.0000e+00 +1.1000e+01 +0.0000e+00 +1.5000e+01 +9.0000e+00 +0.0000e+00 +0.0000e+00 +0.0000e+00 +1.3000e+01 +0.0000e+00 +0.0000e+00
98 +5.885694195e+02 +5.885694195e+02 +8.224894195e+02 +8.224894195e+02 +0.0000e+00 +0.0000e+00 +0.0000e+00 +0.0000e+00 +1.0000e+00 +0.0000e+00 +0.0000e+00 +0.0000e+00 +9.0000e+00 +6.0000e+00 +8.0000e+00 +0.0000e+00 +1.2000e+01 +6.0000e+00 +0.0000e+00 +0.0000e+00 +0.0000e+00 +1.0000e+01 +0.0000e+00 +0.0000e+00
110 +3.979470195e+02 +3.979470195e+02 +6.318670195e+02 +6.318670195e+02 +0.0000e+00 +0.0000e+00 +0.0000e+00 +0.0000e+00 +0.0000e+00 +0.0000e+00 +0.0000e+00 +0.0000e+00 +7.0000e+00 +4.0000e+00 +6.0000e+00 +0.0000e+00 +1.0000e+01 +4.0000e+00 +0.0000e+00 +0.0000e+00 +0.0000e+00 +8.0000e+00 +0.0000e+00 +0.0000e+00
125 +2.297774195e+02 +2.297774195e+02 +4.636974195e+02 +4.636974195e+02 +1.0000e+00 +0.0000e+00 +0.0000e+00 +0.0000e+00 +3.0000e+00 +0.0000e+00 +0.0000e+00 +2.0000e+00 +0.0000e+00 +0.0000e+00 +0.0000e+00 +0.0000e+00 +0.0000e+00 +0.0000e+00 +1.0000e+00 +0.0000e+00 +9.0000e+00 +8.0000e+00 +0.0000e+00 +0.0000e+00
137 +1.540046195e+02 +1.540046195e+02 +3.879246195e+02 +3.879246195e+02 +0.0000e+00 +0.0000e+00 +0.0000e+00 +0.0000e+00 +1.0000e+00 +0.0000e+00 +0.0000e+00 +0.0000e+00 +0.0000e+00 +0.0000e+00 +0.0000e+00 +0.0000e+00 +0.0000e+00 +0.0000e+00 +0.0000e+00 +0.0000e+00 +7.0000e+00 +6.0000e+00 +0.0000e+00 +0.0000e+00
152 +9.263181952e+01 +9.263181952e+01 +3.265518195e+02 +3.265518195e+02 +0.0000e+00 +0.0000e+00 +0.0000e+00 +0.0000e+00 +0.0000e+00 +0.0000e+00 +0.0000e+00 +0.0000e+00 +0.0000e+00 +0.0000e+00 +0.0000e+00 +0.0000e+00 +3.0000e+00 +0.0000e+00 +0.0000e+00 +0.0000e+00 +0.0000e+00 +1.0000e+00 +0.0000e+00 +0.0000e+00
% function evaluation | noise-free fitness - Fopt (-6.092000000000e+01) | best noise-free fitness - Fopt | measured fitness | best measured fitness | x1 | x2...
1 +7.003541236e+03 +7.003541236e+03 +6.942621236e+03 +6.942621236e+03 +1.2000e+01 +4.0000e+00 +1.2000e+01 +2.4000e+01 +1.9000e+01 +1.1000e+01 +2.9000e+01 +1.0000e+00 +8.0000e+00 +2.7000e+01 +2.4000e+01 +2.5000e+01 +1.4000e+01 +1.0000e+00 +1.5000e+01 +1.0000e+01 +9.0000e+00 +2.0000e+01 +2.8000e+01 +2.8000e+01
2 +4.310854836e+03 +4.310854836e+03 +4.249934836e+03 +4.249934836e+03 +2.4000e+01 +5.0000e+00 +2.0000e+00 +2.8000e+01 +2.1000e+01 +2.8000e+01 +9.0000e+00 +0.0000e+00 +1.0000e+00 +9.0000e+00 +4.0000e+00 +5.0000e+00 +1.5000e+01 +3.0000e+00 +0.0000e+00 +4.0000e+00 +3.0000e+00 +2.0000e+00 +7.0000e+00 +2.9000e+01
8 +3.927734836e+03 +3.927734836e+03 +3.866814836e+03 +3.866814836e+03 +2.3000e+01 +4.0000e+00 +1.0000e+00 +2.7000e+01 +2.0000e+01 +2.7000e+01 +8.0000e+00 +0.0000e+00 +0.0000e+00 +8.0000e+00 +3.0000e+00 +4.0000e+00 +1.4000e+01 +2.0000e+00 +0.0000e+00 +3.0000e+00 +2.0000e+00 +1.0000e+00 +6.0000e+00 +2.8000e+01
35 +2.270878836e+03 +2.270878836e+03 +2.209958836e+03 +2.209958836e+03 +1.1000e+01 +8.0000e+00 +0.0000e+00 +1.7000e+01 +1.3000e+01 +0.0000e+00 +1.0000e+00 +1.1000e+01 +0.0000e+00 +1.0000e+01 +1.2000e+01 +1.2000e+01 +0.0000e+00 +0.0000e+00 +9.0000e+00 +5.0000e+00 +2.4000e+01 +1.9000e+01 +0.0000e+00 +0.0000e+00
53 +1.461586036e+03 +1.461586036e+03 +1.400666036e+03 +1.400666036e+03 +8.0000e+00 +5.0000e+00 +0.0000e+00 +1.4000e+01 +1.0000e+01 +0.0000e+00 +0.0000e+00 +8.0000e+00 +0.0000e+00 +7.0000e+00 +9.0000e+00 +9.0000e+00 +0.0000e+00 +0.0000e+00 +6.0000e+00 +2.0000e+00 +2.1000e+01 +1.6000e+01 +0.0000e+00 +0.0000e+00
71 +8.730388365e+02 +8.730388365e+02 +8.121188365e+02 +8.121188365e+02 +5.0000e+00 +2.0000e+00 +0.0000e+00 +1.1000e+01 +7.0000e+00 +0.0000e+00 +0.0000e+00 +5.0000e+00 +0.0000e+00 +4.0000e+00 +6.0000e+00 +6.0000e+00 +0.0000e+00 +0.0000e+00 +3.0000e+00 +0.0000e+00 +1.8000e+01 +1.3000e+01 +0.0000e+00 +0.0000e+00
83 +6.022388365e+02 +6.022388365e+02 +5.413188365e+02 +5.413188365e+02 +3.0000e+00 +0.0000e+00 +0.0000e+00 +9.0000e+00 +5.0000e+00 +0.0000e+00 +0.0000e+00 +3.0000e+00 +0.0000e+00 +2.0000e+00 +4.0000e+00 +4.0000e+00 +0.0000e+00 +0.0000e+00 +1.0000e+00 +0.0000e+00 +1.6000e+01 +1.1000e+01 +0.0000e+00 +0.0000e+00
101 +3.359668365e+02 +3.359668365e+02 +2.750468365e+02 +2.750468365e+02 +0.0000e+00 +0.0000e+00 +0.0000e+00 +6.0000e+00 +2.0000e+00 +0.0000e+00 +0.0000e+00 +0.0000e+00 +0.0000e+00 +0.0000e+00 +1.0000e+00 +1.0000e+00 +0.0000e+00 +0.0000e+00 +0.0000e+00 +0.0000e+00 +1.3000e+01 +8.0000e+00 +0.0000e+00 +0.0000e+00
113 +2.309908365e+02 +2.309908365e+02 +1.700708365e+02 +1.700708365e+02 +0.0000e+00 +0.0000e+00 +0.0000e+00 +4.0000e+00 +0.0000e+00 +0.0000e+00 +0.0000e+00 +0.0000e+00 +0.0000e+00 +0.0000e+00 +0.0000e+00 +0.0000e+00 +0.0000e+00 +0.0000e+00 +0.0000e+00 +0.0000e+00 +1.1000e+01 +6.0000e+00 +0.0000e+00 +0.0000e+00
131 +1.456180365e+02 +1.456180365e+02 +8.469803648e+01 +8.469803648e+01 +0.0000e+00 +0.0000e+00 +0.0000e+00 +1.0000e+00 +0.0000e+00 +0.0000e+00 +0.0000e+00 +0.0000e+00 +0.0000e+00 +0.0000e+00 +0.0000e+00 +0.0000e+00 +0.0000e+00 +0.0000e+00 +0.0000e+00 +0.0000e+00 +8.0000e+00 +3.0000e+00 +0.0000e+00 +0.0000e+00
% function evaluation | noise-free fitness - Fopt (-1.948000000000e+01) | best noise-free fitness - Fopt | measured fitness | best measured fitness | x1 | x2...
1 +8.177612172e+03 +8.177612172e+03 +8.158132172e+03 +8.158132172e+03 +5.0000e+00 +2.6000e+01 +7.0000e+00 +2.8000e+01 +7.0000e+00 +1.0000e+01 +4.0000e+00 +1.9000e+01 +2.8000e+01 +1.7000e+01 +2.9000e+01 +2.8000e+01 +2.5000e+01 +1.1000e+01 +2.8000e+01 +3.0000e+01 +2.8000e+01 +6.0000e+00 +8.0000e+00 +9.0000e+00
3 +4.934978572e+03 +4.934978572e+03 +4.915498572e+03 +4.915498572e+03 +1.0000e+01 +0.0000e+00 +2.3000e+01 +1.2000e+01 +1.1000e+01 +9.0000e+00 +1.1000e+01 +2.0000e+00 +3.0000e+00 +1.0000e+00 +1.4000e+01 +0.0000e+00 +7.0000e+00 +3.0000e+01 +4.0000e+00 +2.7000e+01 +1.9000e+01 +2.9000e+01 +3.0000e+01 +8.0000e+00
5 +3.857877772e+03 +3.857877772e+03 +3.838397772e+03 +3.838397772e+03 +1.9000e+01 +1.2000e+01 +1.2000e+01 +7.0000e+00 +2.1000e+01 +8.0000e+00 +1.7000e+01 +1.1000e+01 +2.2000e+01 +1.1000e+01 +1.4000e+01 +2.0000e+01 +1.9000e+01 +0.0000e+00 +4.0000e+00 +1.8000e+01 +0.0000e+00 +8.0000e+00 +1.6000e+01 +1.0000e+00
29 +2.249445772e+03 +2.249445772e+03 +2.229965772e+03 +2.229965772e+03 +1.5000e+01 +8.0000e+00 +8.0000e+00 +3.0000e+00 +1.7000e+01 +4.0000e+00 +1.3000e+01 +7.0000e+00 +1.8000e+01 +7.0000e+00 +1.0000e+01 +1.6000e+01 +1.5000e+01 +0.0000e+00 +0.0000e+00 +1.4000e+01 +0.0000e+00 +4.0000e+00 +1.2000e+01 +0.0000e+00
47 +1.387605772e+03 +1.387605772e+03 +1.368125772e+03 +1.368125772e+03 +1.2000e+01 +5.0000e+00 +5.0000e+00 +0.0000e+00 +1.4000e+01 +1.0000e+00 +1.0000e+01 +4.0000e+00 +1.5000e+01 +4.0000e+00 +7.0000e+00 +1.3000e+01 +1.2000e+01 +0.0000e+00 +0.0000e+00 +1.1000e+01 +0.0000e+00 +1.0000e+00 +9.0000e+00 +0.0000e+00
59 +9.565289722e+02 +9.565289722e+02 +9.370489722e+02 +9.370489722e+02 +1.0000e+01 +3.0000e+00 +3.0000e+00 +0.0000e+00 +1.2000e+01 +0.0000e+00 +8.0000e+00 +2.0000e+00 +1.3000e+01 +2.0000e+00 +5.0000e+00 +1.1000e+01 +1.0000e+01 +0.0000e+00 +0.0000e+00 +9.0000e+00 +0.0000e+00 +0.0000e+00 +7.0000e+00 +0.0000e+00
71 +6.268617722e+02 +6.268617722e+02 +6.073817722e+02 +6.073817722e+02 +8.0000e+00 +1.0000e+00 +1.0000e+00 +0.0000e+00 +1.0000e+01 +0.0000e+00 +6.0000e+00 +0.0000e+00 +1.1000e+01 +0.0000e+00 +3.0000e+00 +9.0000e+00 +8.0000e+00 +0.0000e+00 +0.0000e+00 +7.0000e+00 +0.0000e+00 +0.0000e+00 +5.0000e+00 +0.0000e+00
83 +3.896153722e+02 +3.896153722e+02 +3.701353722e+02 +3.701353722e+02 +6.0000e+00 +0.0000e+00 +0.0000e+00 +0.0000e+00 +8.0000e+00 +0.0000e+00 +4.0000e+00 +0.0000e+00 +9.0000e+00 +0.0000e+00 +1.0000e+00 +7.0000e+00 +6.0000e+00 +0.0000e+00 +0.0000e+00 +5.0000e+00 +0.0000e+00 +0.0000e+00 +3.0000e+00 +0.0000e+00
95 +2.251241722e+02 +2.251241722e+02 +2.056441722e+02 +2.056441722e+02 +4.0000e+00 +0.0000e+00 +0.0000e+00 +0.0000e+00 +6.0000e+00 +0.0000e+00 +2.0000e+00 +0.0000e+00 +7.0000e+00 +0.0000e+00 +0.0000e+00 +5.0000e+00 +4.0000e+00 +0.0000e+00 +0.0000e+00 +3.0000e+00 +0.0000e+00 +0.0000e+00 +1.0000e+00 +0.0000e+00
107 +1.296521722e+02 +1.296521722e+02 +1.101721722e+02 +1.101721722e+02 +2.0000e+00 +0.0000e+00 +0.0000e+00 +0.0000e+00 +4.0000e+00 +0.0000e+00 +0.0000e+00 +0.0000e+00 +5.0000e+00 +0.0000e+00 +0.0000e+00 +3.0000e+00 +2.0000e+00 +0.0000e+00 +0.0000e+00 +1.0000e+00 +0.0000e+00 +0.0000e+00 +0.0000e+00 +0.0000e+00
119 +9.951457216e+01 +9.951457216e+01 +8.003457216e+01 +8.003457216e+01 +0.0000e+00 +0.0000e+00 +0.0000e+00 +0.0000e+00 +2.0000e+00 +0.0000e+00 +0.0000e+00 +0.0000e+00 +3.0000e+00 +0.0000e+00 +0.0000e+00 +1.0000e+00 +0.0000e+00 +0.0000e+00 +0.0000e+00 +0.0000e+00 +0.0000e+00 +0.0000e+00 +0.0000e+00 +0.0000e+00
% function evaluation | noise-free fitness - Fopt (1.344700000000e+02) | best noise-free fitness - Fopt | measured fitness | best measured fitness | x1 | x2...
1 +7.317135066e+03 +7.317135066e+03 +7.451605066e+03 +7.451605066e+03 +1.0000e+01 +9.0000e+00 +1.9000e+01 +5.0000e+00 +0.0000e+00 +8.0000e+00 +2.9000e+01 +1.4000e+01 +7.0000e+00 +2.6000e+01 +2.9000e+01 +2.9000e+01 +2.5000e+01 +5.0000e+00 +8.0000e+00 +1.5000e+01 +2.2000e+01 +1.7000e+01 +3.0000e+01 +1.4000e+01
3 +5.606927066e+03 +5.606927066e+03 +5.741397066e+03 +5.741397066e+03 +9.0000e+00 +8.0000e+00 +2.5000e+01 +8.0000e+00 +2.8000e+01 +1.3000e+01 +4.0000e+00 +5.0000e+00 +6.0000e+00 +1.1000e+01 +2.2000e+01 +2.4000e+01 +2.6000e+01 +4.0000e+00 +1.1000e+01 +2.4000e+01 +2.0000e+00 +0.0000e+00 +1.8000e+01 +1.9000e+01
27 +3.634763866e+03 +3.634763866e+03 +3.769233866e+03 +3.769233866e+03 +5.0000e+00 +4.0000e+00 +2.1000e+01 +4.0000e+00 +2.4000e+01 +9.0000e+00 +0.0000e+00 +1.0000e+00 +2.0000e+00 +7.0000e+00 +1.8000e+01 +2.0000e+01 +2.2000e+01 +0.0000e+00 +7.0000e+00 +2.0000e+01 +0.0000e+00 +0.0000e+00 +1.4000e+01 +1.5000e+01
51 +2.227835866e+03 +2.227835866e+03 +2.362305866e+03 +2.362305866e+03 +1.0000e+00 +0.0000e+00 +1.7000e+01 +0.0000e+00 +2.0000e+01 +5.0000e+00 +0.0000e+00 +0.0000e+00 +0.0000e+00 +3.0000e+00 +1.4000e+01 +1.6000e+01 +1.8000e+01 +0.0000e+00 +3.0000e+00 +1.6000e+01 +0.0000e+00 +0.0000e+00 +1.0000e+01 +1.1000e+01
69 +1.470746266e+03 +1.470746266e+03 +1.605216266e+03 +1.605216266e+03 +0.0000e+00 +0.0000e+00 +1.4000e+01 +0.0000e+00 +1.7000e+01 +2.0000e+00 +0.0000e+00 +0.0000e+00 +0.0000e+00 +0.0000e+00 +1.1000e+01 +1.3000e+01 +1.5000e+01 +0.0000e+00 +0.0000e+00 +1.3000e+01 +0.0000e+00 +0.0000e+00 +7.0000e+00 +8.0000e+00
87 +9.390246662e+02 +9.390246662e+02 +1.073494666e+03 +1.073494666e+03 +0.0000e+00 +0.0000e+00 +1.1000e+01 +0.0000e+00 +1.4000e+01 +0.0000e+00 +0.0000e+00 +0.0000e+00 +0.0000e+00 +0.0000e+00 +8.0000e+00 +1.0000e+01 +1.2000e+01 +0.0000e+00 +0.0000e+00 +1.0000e+01 +0.0000e+00 +0.0000e+00 +4.0000e+00 +5.0000e+00
105 +5.543142662e+02 +5.543142662e+02 +6.887842662e+02 +6.887842662e+02 +0.0000e+00 +0.0000e+00 +8.0000e+00 +0.0000e+00 +1.1000e+01 +0.0000e+00 +0.0000e+00 +0.0000e+00 +0.0000e+00 +0.0000e+00 +5.0000e+00 +7.0000e+00 +9.0000e+00 +0.0000e+00 +0.0000e+00 +7.0000e+00 +0.0000e+00 +0.0000e+00 +1.0000e+00 +2.0000e+00
117 +3.816550662e+02 +3.816550662e+02 +5.161250662e+02 +5.161250662e+02 +0.0000e+00 +0.0000e+00 +6.0000e+00 +0.0000e+00 +9.0000e+00 +0.0000e+00 +0.0000e+00 +0.0000e+00 +0.0000e+00 +0.0000e+00 +3.0000e+00 +5.0000e+00 +7.0000e+00 +0.0000e+00 +0.0000e+00 +5.0000e+00 +0.0000e+00 +0.0000e+00 +0.0000e+00 +0.0000e+00
135 +2.197510662e+02 +2.197510662e+02 +3.542210662e+02 +3.542210662e+02 +0.0000e+00 +0.0000e+00 +3.0000e+00 +0.0000e+00 +6.0000e+00 +0.0000e+00 +0.0000e+00 +0.0000e+00 +0.0000e+00 +0.0000e+00 +0.0000e+00 +2.0000e+00 +4.0000e+00 +0.0000e+00 +0.0000e+00 +2.0000e+00 +0.0000e+00 +0.0000e+00 +0.0000e+00 +0.0000e+00
153 +1.436854662e+02 +1.436854662e+02 +2.781554662e+02 +2.781554662e+02 +0.0000e+00 +0.0000e+00 +0.0000e+00 +0.0000e+00 +3.0000e+00 +0.0000e+00 +0.0000e+00 +0.0000e+00 +0.0000e+00 +0.0000e+00 +0.0000e+00 +0.0000e+00 +1.0000e+00 +0.0000e+00 +0.0000e+00 +0.0000e+00 +0.0000e+00 +0.0000e+00 +0.0000e+00 +0.0000e+00
% function evaluation | noise-free fitness - Fopt (4.453500000000e+02) | best noise-free fitness - Fopt | measured fitness | best measured fitness | x1 | x2...
1 +3.634967545e+03 +3.634967545e+03 +4.080317545e+03 +4.080317545e+03 +4.0000e+00 +2.0000e+00 +0.0000e+00 +1.9000e+01 +1.0000e+00 +1.4000e+01 +5.0000e+00 +2.2000e+01 +5.0000e+00 +1.8000e+01 +1.8000e+01 +1.6000e+01 +9.0000e+00 +5.0000e+00 +1.9000e+01 +8.0000e+00 +2.8000e+01 +1.7000e+01 +7.0000e+00 +7.0000e+00
19 +2.498644345e+03 +2.498644345e+03 +2.943994345e+03 +2.943994345e+03 +1.0000e+00 +0.0000e+00 +0.0000e+00 +1.6000e+01 +0.0000e+00 +1.1000e+01 +2.0000e+00 +1.9000e+01 +2.0000e+00 +1.5000e+01 +1.5000e+01 +1.3000e+01 +6.0000e+00 +2.0000e+00 +1.6000e+01 +5.0000e+00 +2.5000e+01 +1.4000e+01 +4.0000e+00 +4.0000e+00
43 +1.457634745e+03 +1.457634745e+03 +1.902984745e+03 +1.902984745e+03 +0.0000e+00 +0.0000e+00 +0.0000e+00 +1.2000e+01 +0.0000e+00 +7.0000e+00 +0.0000e+00 +1.5000e+01 +0.0000e+00 +1.1000e+01 +1.1000e+01 +9.0000e+00 +2.0000e+00 +0.0000e+00 +1.2000e+01 +1.0000e+00 +2.1000e+01 +1.0000e+01 +0.0000e+00 +0.0000e+00
61 +9.232459450e+02 +9.232459450e+02 +1.368595945e+03 +1.368595945e+03 +0.0000e+00 +0.0000e+00 +0.0000e+00 +9.0000e+00 +0.0000e+00 +4.0000e+00 +0.0000e+00 +1.2000e+01 +0.0000e+00 +8.0000e+00 +8.0000e+00 +6.0000e+00 +0.0000e+00 +0.0000e+00 +9.0000e+00 +0.0000e+00 +1.8000e+01 +7.0000e+00 +0.0000e+00 +0.0000e+00
79 +5.603899450e+02 +5.603899450e+02 +1.005739945e+03 +1.005739945e+03 +0.0000e+00 +0.0000e+00 +0.0000e+00 +6.0000e+00 +0.0000e+00 +1.0000e+00 +0.0000e+00 +9.0000e+00 +0.0000e+00 +5.0000e+00 +5.0000e+00 +3.0000e+00 +0.0000e+00 +0.0000e+00 +6.0000e+00 +0.0000e+00 +1.5000e+01 +4.0000e+00 +0.0000e+00 +0.0000e+00
97 +3.419979450e+02 +3.419979450e+02 +7.873479450e+02 +7.873479450e+02 +0.0000e+00 +0.0000e+00 +0.0000e+00 +3.0000e+00 +0.0000e+00 +0.0000e+00 +0.0000e+00 +6.0000e+00 +0.0000e+00 +2.0000e+00 +2.0000e+00 +0.0000e+00 +0.0000e+00 +0.0000e+00 +3.0000e+00 +0.0000e+00 +1.2000e+01 +1.0000e+00 +0.0000e+00 +0.0000e+00
115 +2.340107450e+02 +2.340107450e+02 +6.793607450e+02 +6.793607450e+02 +0.0000e+00 +0.0000e+00 +0.0000e+00 +0.0000e+00 +0.0000e+00 +0.0000e+00 +0.0000e+00 +3.0000e+00 +0.0000e+00 +0.0000e+00 +0.0000e+00 +0.0000e+00 +0.0000e+00 +0.0000e+00 +0.0000e+00 +0.0000e+00 +9.0000e+00 +0.0000e+00 +0.0000e+00 +0.0000e+00
134 +1.384603450e+02 +1.384603450e+02 +5.838103450e+02 +5.838103450e+02 +0.0000e+00 +0.0000e+00 +0.0000e+00 +0.0000e+00 +0.0000e+00 +0.0000e+00 +0.0000e+00 +0.0000e+00 +2.0000e+00 +0.0000e+00 +5.0000e+00 +0.0000e+00 +0.0000e+00 +0.0000e+00 +0.0000e+00 +2.0000e+00 +0.0000e+00 +0.0000e+00 +0.0000e+00 +6.0000e+00
