% function evaluation | noise-free fitness - Fopt (7.948000000000e+01) | best noise-free fitness - Fopt | measured fitness | best measured fitness | x1 | x2...
1 +3.992850870e+03 +3.992850870e+03 +4.072330870e+03 +4.072330870e+03 +1.3000e+01 +1.8000e+01 +2.6000e+01 +1.7000e+01 +2.3000e+01 +5.0000e+00 +2.6000e+01 +2.2000e+01 +2.2000e+01 +8.0000e+00
2 +3.846225270e+03 +3.846225270e+03 +3.925705270e+03 +3.925705270e+03 +2.4000e+01 +2.9000e+01 +2.7000e+01 +9.0000e+00 +5.0000e+00 +1.0000e+00 +1.0000e+00 +1.9000e+01 +2.2000e+01 +2.1000e+01
7 +2.411998070e+03 +2.411998070e+03 +2.491478070e+03 +2.491478070e+03 +1.7000e+01 +1.3000e+01 +2.3000e+01 +2.5000e+01 +5.0000e+00 +9.0000e+00 +0.0000e+00 +1.6000e+01 +1.9000e+01 +2.0000e+00
23 +1.480106870e+03 +1.480106870e+03 +1.559586870e+03 +1.559586870e+03 +1.3000e+01 +9.0000e+00 +1.9000e+01 +2.1000e+01 +1.0000e+00 +5.0000e+00 +0.0000e+00 +1.2000e+01 +1.5000e+01 +0.0000e+00
39 +8.802284698e+02 +8.802284698e+02 +9.597084698e+02 +9.597084698e+02 +1.3000e+01 +1.0000e+00 +1.5000e+01 +1.7000e+01 +0.0000e+00 +1.0000e+00 +0.0000e+00 +8.0000e+00 +1.1000e+01 +0.0000e+00
47 +6.010012698e+02 +6.010012698e+02 +6.804812698e+02 +6.804812698e+02 +8.0000e+00 +3.0000e+00 +1.3000e+01 +1.5000e+01 +0.0000e+00 +0.0000e+00 +0.0000e+00 +6.0000e+00 +9.0000e+00 +0.0000e+00
59 +3.269628698e+02 +3.269628698e+02 +4.064428698e+02 +4.064428698e+02 +1.0000e+00 +4.0000e+00 +1.0000e+01 +1.2000e+01 +0.0000e+00 +0.0000e+00 +0.0000e+00 +3.0000e+00 +6.0000e+00 +0.0000e+00
63 +2.500668698e+02 +2.500668698e+02 +3.295468698e+02 +3.295468698e+02 +3.0000e+00 +0.0000e+00 +9.0000e+00 +1.1000e+01 +0.0000e+00 +0.0000e+00 +0.0000e+00 +2.0000e+00 +5.0000e+00 +0.0000e+00
71 +1.498172698e+02 +1.498172698e+02 +2.292972698e+02 +2.292972698e+02 +1.0000e+00 +0.0000e+00 +7.0000e+00 +9.0000e+00 +0.0000e+00 +0.0000e+00 +0.0000e+00 +0.0000e+00 +3.0000e+00 +0.0000e+00
79 +8.358206976e+01 +8.358206976e+01 +1.630620698e+02 +1.630620698e+02 +0.0000e+00 +0.0000e+00 +5.0000e+00 +7.0000e+00 +0.0000e+00 +0.0000e+00 +0.0000e+00 +0.0000e+00 +1.0000e+00 +0.0000e+00
83 +5.971166976e+01 +5.971166976e+01 +1.391916698e+02 +1.391916698e+02 +0.0000e+00 +0.0000e+00 +4.0000e+00 +6.0000e+00 +0.0000e+00 +0.0000e+00 +0.0000e+00 +0.0000e+00 +0.0000e+00 +0.0000e+00
91 +3.252126976e+01 +3.252126976e+01 +1.120012698e+02 +1.120012698e+02 +0.0000e+00 +0.0000e+00 +2.0000e+00 +4.0000e+00 +0.0000e+00 +0.0000e+00 +0.0000e+00 +0.0000e+00 +0.0000e+00 +0.0000e+00
95 +2.492606976e+01 +2.492606976e+01 +1.044060698e+02 +1.044060698e+02 +0.0000e+00 +0.0000e+00 +1.0000e+00 +3.0000e+00 +0.0000e+00 +0.0000e+00 +0.0000e+00 +0.0000e+00 +0.0000e+00 +0.0000e+00
% function evaluation | noise-free fitness - Fopt (3.944800000000e+02) | best noise-free fitness - Fopt | measured fitness | best measured fitness | x1 | x2...
1 +2.950819375e+03 +2.950819375e+03 +3.345299375e+03 +3.345299375e+03 +1.0000e+00 +2.4000e+01 +1.7000e+01 +4.0000e+00 +2.1000e+01 +2.2000e+01 +7.0000e+00 +2.5000e+01 +0.0000e+00 +5.0000e+00
7 +2.372460975e+03 +2.372460975e+03 +2.766940975e+03 +2.766940975e+03 +1.3000e+01 +7.0000e+00 +3.0000e+00 +2.9000e+01 +1.1000e+01 +5.0000e+00 +2.4000e+01 +9.0000e+00 +2.4000e+01 +0.0000e+00
23 +1.504947375e+03 +1.504947375e+03 +1.899427375e+03 +1.899427375e+03 +1.1000e+01 +1.0000e+00 +0.0000e+00 +2.5000e+01 +7.0000e+00 +1.0000e+00 +2.0000e+01 +5.0000e+00 +2.0000e+01 +0.0000e+00
37 +9.999761754e+02 +9.999761754e+02 +1.394456175e+03 +1.394456175e+03 +3.0000e+00 +8.0000e+00 +8.0000e+00 +0.0000e+00 +1.2000e+01 +1.3000e+01 +0.0000e+00 +1.6000e+01 +0.0000e+00 +0.0000e+00
49 +6.145553754e+02 +6.145553754e+02 +1.009035375e+03 +1.009035375e+03 +0.0000e+00 +5.0000e+00 +5.0000e+00 +0.0000e+00 +9.0000e+00 +1.0000e+01 +0.0000e+00 +1.3000e+01 +0.0000e+00 +0.0000e+00
61 +3.555569754e+02 +3.555569754e+02 +7.500369754e+02 +7.500369754e+02 +2.0000e+00 +0.0000e+00 +2.0000e+00 +0.0000e+00 +6.0000e+00 +7.0000e+00 +0.0000e+00 +1.0000e+01 +0.0000e+00 +0.0000e+00
69 +2.261713754e+02 +2.261713754e+02 +6.206513754e+02 +6.206513754e+02 +0.0000e+00 +0.0000e+00 +0.0000e+00 +0.0000e+00 +4.0000e+00 +5.0000e+00 +0.0000e+00 +8.0000e+00 +0.0000e+00 +0.0000e+00
81 +1.352977754e+02 +1.352977754e+02 +5.297777754e+02 +5.297777754e+02 +0.0000e+00 +0.0000e+00 +0.0000e+00 +0.0000e+00 +1.0000e+00 +2.0000e+00 +0.0000e+00 +5.0000e+00 +0.0000e+00 +0.0000e+00
91 +9.353297536e+01 +9.353297536e+01 +4.880129754e+02 +4.880129754e+02 +0.0000e+00 +0.0000e+00 +0.0000e+00 +8.0000e+00 +0.0000e+00 +0.0000e+00 +3.0000e+00 +0.0000e+00 +3.0000e+00 +0.0000e+00
% function evaluation | noise-free fitness - Fopt (-2.471100000000e+02) | best noise-free fitness - Fopt | measured fitness | best measured fitness | x1 | x2...
1 +5.559751718e+03 +5.559751718e+03 +5.312641718e+03 +5.312641718e+03 +2.4000e+01 +2.3000e+01 +2.9000e+01 +2.9000e+01 +3.0000e+00 +1.8000e+01 +1.3000e+01 +2.1000e+01 +2.7000e+01 +2.7000e+01
2 +3.718927718e+03 +3.718927718e+03 +3.471817718e+03 +3.471817718e+03 +3.0000e+00 +2.5000e+01 +1.1000e+01 +1.9000e+01 +2.5000e+01 +1.7000e+01 +2.5000e+01 +2.2000e+01 +1.3000e+01 +1.2000e+01
7 +2.342961318e+03 +2.342961318e+03 +2.095851318e+03 +2.095851318e+03 +1.6000e+01 +4.0000e+00 +1.3000e+01 +4.0000e+00 +2.1000e+01 +9.0000e+00 +2.2000e+01 +1.0000e+00 +2.6000e+01 +0.0000e+00
23 +1.497239718e+03 +1.497239718e+03 +1.250129718e+03 +1.250129718e+03 +1.2000e+01 +0.0000e+00 +9.0000e+00 +0.0000e+00 +1.7000e+01 +5.0000e+00 +1.8000e+01 +0.0000e+00 +2.2000e+01 +0.0000e+00
35 +9.939005178e+02 +9.939005178e+02 +7.467905178e+02 +7.467905178e+02 +7.0000e+00 +1.0000e+00 +6.0000e+00 +0.0000e+00 +1.4000e+01 +2.0000e+00 +1.5000e+01 +0.0000e+00 +1.9000e+01 +0.0000e+00
51 +5.310445178e+02 +5.310445178e+02 +2.839345178e+02 +2.839345178e+02 +0.0000e+00 +3.0000e+00 +2.0000e+00 +0.0000e+00 +1.0000e+01 +0.0000e+00 +1.1000e+01 +0.0000e+00 +1.5000e+01 +0.0000e+00
59 +3.932941178e+02 +3.932941178e+02 +1.461841178e+02 +1.461841178e+02 +1.0000e+00 +0.0000e+00 +0.0000e+00 +0.0000e+00 +8.0000e+00 +0.0000e+00 +9.0000e+00 +0.0000e+00 +1.3000e+01 +0.0000e+00
68 +2.342029178e+02 +2.342029178e+02 -1.290708224e+01 -1.290708224e+01 +2.0000e+00 +0.0000e+00 +1.0000e+00 +1.0000e+00 +9.0000e+00 +0.0000e+00 +4.0000e+00 +0.0000e+00 +0.0000e+00 +0.0000e+00
80 +1.449693178e+02 +1.449693178e+02 -1.021406822e+02 -1.021406822e+02 +0.0000e+00 +0.0000e+00 +0.0000e+00 +0.0000e+00 +6.0000e+00 +0.0000e+00 +1.0000e+00 +0.0000e+00 +0.0000e+00 +0.0000e+00
90 +9.449411776e+01 +9.449411776e+01 -1.526158822e+02 -1.526158822e+02 +0.0000e+00 +0.0000e+00 +0.0000e+00 +0.0000e+00 +3.0000e+00 +0.0000e+00 +3.0000e+00 +0.0000e+00 +0.0000e+00 +0.0000e+00
% function evaluation | noise-free fitness - Fopt (-1.520400000000e+02) | best noise-free fitness - Fopt | measured fitness | best measured fitness | x1 | x2...
1 +2.681504742e+03 +2.681504742e+03 +2.529464742e+03 +2.529464742e+03 +2.0000e+00 +1.4000e+01 +1.3000e+01 +1.0000e+00 +8.0000e+00 +2.2000e+01 +2.5000e+01 +1.6000e+01 +1.9000e+01 +2.5000e+01
2 +1.469687142e+03 +1.469687142e+03 +1.317647142e+03 +1.317647142e+03 +0.0000e+00 +1.5000e+01 +2.0000e+00 +1.3000e+01 +1.8000e+01 +5.0000e+00 +0.0000e+00 +4.0000e+00 +2.9000e+01 +1.4000e+01
14 +9.944103418e+02 +9.944103418e+02 +8.423703418e+02 +8.423703418e+02 +0.0000e+00 +1.2000e+01 +0.0000e+00 +1.0000e+01 +1.5000e+01 +2.0000e+00 +0.0000e+00 +1.0000e+00 +2.6000e+01 +1.1000e+01
30 +6.006359418e+02 +6.006359418e+02 +4.485959418e+02 +4.485959418e+02 +8.0000e+00 +0.0000e+00 +0.0000e+00 +6.0000e+00 +1.1000e+01 +0.0000e+00 +0.0000e+00 +0.0000e+00 +2.2000e+01 +7.0000e+00
42 +3.673015418e+02 +3.673015418e+02 +2.152615418e+02 +2.152615418e+02 +0.0000e+00 +5.0000e+00 +0.0000e+00 +3.0000e+00 +8.0000e+00 +0.0000e+00 +0.0000e+00 +0.0000e+00 +1.9000e+01 +4.0000e+00
54 +2.510263418e+02 +2.510263418e+02 +9.898634176e+01 +9.898634176e+01 +0.0000e+00 +2.0000e+00 +0.0000e+00 +0.0000e+00 +5.0000e+00 +0.0000e+00 +0.0000e+00 +0.0000e+00 +1.6000e+01 +1.0000e+00
69 +1.577335418e+02 +1.577335418e+02 +5.693541760e+00 +5.693541760e+00 +0.0000e+00 +0.0000e+00 +0.0000e+00 +0.0000e+00 +0.0000e+00 +5.0000e+00 +8.0000e+00 +0.0000e+00 +2.0000e+00 +8.0000e+00
77 +9.874474176e+01 +9.874474176e+01 -5.329525824e+01 -5.329525824e+01 +0.0000e+00 +0.0000e+00 +0.0000e+00 +0.0000e+00 +0.0000e+00 +3.0000e+00 +6.0000e+00 +0.0000e+00 +0.0000e+00 +6.0000e+00
85 +6.175594176e+01 +6.175594176e+01 -9.028405824e+01 -9.028405824e+01 +0.0000e+00 +0.0000e+00 +0.0000e+00 +0.0000e+00 +0.0000e+00 +1.0000e+00 +4.0000e+00 +0.0000e+00 +0.0000e+00 +4.0000e+00
99 +3.799114176e+01 +3.799114176e+01 -1.140488582e+02 -1.140488582e+02 +0.0000e+00 +0.0000e+00 +0.0000e+00 +0.0000e+00 +0.0000e+00 +0.0000e+00 +0.0000e+00 +0.0000e+00 +3.0000e+00 +3.0000e+00
% function evaluation | noise-free fitness - Fopt (-2.525000000000e+01) | best noise-free fitness - Fopt | measured fitness | best measured fitness | x1 | x2...
1 +4.280516543e+03 +4.280516543e+03 +4.255266543e+03 +4.255266543e+03 +2.6000e+01 +2.2000e+01 +1.5000e+01 +2.1000e+01 +1.6000e+01 +9.0000e+00 +4.0000e+00 +3.0000e+01 +1.6000e+01 +2.9000e+01
2 +3.816332543e+03 +3.816332543e+03 +3.791082543e+03 +3.791082543e+03 +1.3000e+01 +1.3000e+01 +8.0000e+00 +2.2000e+01 +2.7000e+01 +3.0000e+01 +2.1000e+01 +7.0000e+00 +1.7000e+01 +2.1000e+01
4 +2.212679743e+03 +2.212679743e+03 +2.187429743e+03 +2.187429743e+03 +1.5000e+01 +1.9000e+01 +5.0000e+00 +2.1000e+01 +9.0000e+00 +3.0000e+00 +1.0000e+01 +1.0000e+00 +6.0000e+00 +2.8000e+01
20 +1.423534143e+03 +1.423534143e+03 +1.398284143e+03 +1.398284143e+03 +1.1000e+01 +1.5000e+01 +1.0000e+00 +1.7000e+01 +5.0000e+00 +0.0000e+00 +6.0000e+00 +0.0000e+00 +2.0000e+00 +2.4000e+01
32 +9.845821434e+02 +9.845821434e+02 +9.593321434e+02 +9.593321434e+02 +1.2000e+01 +8.0000e+00 +0.0000e+00 +1.4000e+01 +2.0000e+00 +0.0000e+00 +3.0000e+00 +0.0000e+00 +0.0000e+00 +2.1000e+01
48 +6.294765434e+02 +6.294765434e+02 +6.042265434e+02 +6.042265434e+02 +1.2000e+01 +0.0000e+00 +0.0000e+00 +1.0000e+01 +0.0000e+00 +0.0000e+00 +0.0000e+00 +0.0000e+00 +0.0000e+00 +1.7000e+01
59 +3.869133434e+02 +3.869133434e+02 +3.616633434e+02 +3.616633434e+02 +1.3000e+01 +5.0000e+00 +0.0000e+00 +0.0000e+00 +0.0000e+00 +0.0000e+00 +4.0000e+00 +0.0000e+00 +0.0000e+00 +1.2000e+01
72 +2.496285434e+02 +2.496285434e+02 +2.243785434e+02 +2.243785434e+02 +3.0000e+00 +0.0000e+00 +0.0000e+00 +4.0000e+00 +0.0000e+00 +0.0000e+00 +0.0000e+00 +0.0000e+00 +0.0000e+00 +1.1000e+01
79 +1.418797434e+02 +1.418797434e+02 +1.166297434e+02 +1.166297434e+02 +8.0000e+00 +0.0000e+00 +0.0000e+00 +0.0000e+00 +0.0000e+00 +0.0000e+00 +0.0000e+00 +0.0000e+00 +0.0000e+00 +7.0000e+00
87 +9.364614336e+01 +9.364614336e+01 +6.839614336e+01 +6.839614336e+01 +6.0000e+00 +0.0000e+00 +0.0000e+00 +0.0000e+00 +0.0000e+00 +0.0000e+00 +0.0000e+00 +0.0000e+00 +0.0000e+00 +5.0000e+00
95 +6.141254336e+01 +6.141254336e+01 +3.616254336e+01 +3.616254336e+01 +4.0000e+00 +0.0000e+00 +0.0000e+00 +0.0000e+00 +0.0000e+00 +0.0000e+00 +0.0000e+00 +0.0000e+00 +0.0000e+00 +3.0000e+00
% function evaluation | noise-free fitness - Fopt (2.230000000000e+00) | best noise-free fitness - Fopt | measured fitness | best measured fitness | x1 | x2...
1 +4.033298206e+03 +4.033298206e+03 +4.035528206e+03 +4.035528206e+03 +1.4000e+01 +1.8000e+01 +1.7000e+01 +1.0000e+01 +4.0000e+00 +2.3000e+01 +2.5000e+01 +2.4000e+01 +2.9000e+01 +1.0000e+01
2 +3.115063006e+03 +3.115063006e+03 +3.117293006e+03 +3.117293006e+03 +8.0000e+00 +1.5000e+01 +0.0000e+00 +2.5000e+01 +9.0000e+00 +2.0000e+00 +2.0000e+01 +2.0000e+01 +2.4000e+01 +2.2000e+01
4 +2.467194206e+03 +2.467194206e+03 +2.469424206e+03 +2.469424206e+03 +1.1000e+01 +1.1000e+01 +1.0000e+01 +2.9000e+01 +5.0000e+00 +1.6000e+01 +2.0000e+00 +4.0000e+00 +8.0000e+00 +2.7000e+01
24 +1.454610206e+03 +1.454610206e+03 +1.456840206e+03 +1.456840206e+03 +6.0000e+00 +6.0000e+00 +5.0000e+00 +2.4000e+01 +0.0000e+00 +1.1000e+01 +0.0000e+00 +0.0000e+00 +3.0000e+00 +2.2000e+01
40 +9.254422061e+02 +9.254422061e+02 +9.276722061e+02 +9.276722061e+02 +2.0000e+00 +2.0000e+00 +1.0000e+00 +2.0000e+01 +0.0000e+00 +7.0000e+00 +0.0000e+00 +0.0000e+00 +0.0000e+00 +1.8000e+01
54 +5.884742061e+02 +5.884742061e+02 +5.907042061e+02 +5.907042061e+02 +2.0000e+00 +0.0000e+00 +0.0000e+00 +1.2000e+01 +0.0000e+00 +0.0000e+00 +7.0000e+00 +7.0000e+00 +1.1000e+01 +9.0000e+00
66 +3.362246061e+02 +3.362246061e+02 +3.384546061e+02 +3.384546061e+02 +0.0000e+00 +0.0000e+00 +0.0000e+00 +9.0000e+00 +0.0000e+00 +0.0000e+00 +4.0000e+00 +4.0000e+00 +8.0000e+00 +6.0000e+00
74 +2.102758061e+02 +2.102758061e+02 +2.125058061e+02 +2.125058061e+02 +0.0000e+00 +0.0000e+00 +0.0000e+00 +7.0000e+00 +0.0000e+00 +0.0000e+00 +2.0000e+00 +2.0000e+00 +6.0000e+00 +4.0000e+00
82 +1.243270061e+02 +1.243270061e+02 +1.265570061e+02 +1.265570061e+02 +0.0000e+00 +0.0000e+00 +0.0000e+00 +5.0000e+00 +0.0000e+00 +0.0000e+00 +0.0000e+00 +0.0000e+00 +4.0000e+00 +2.0000e+00
90 +8.924540608e+01 +8.924540608e+01 +9.147540608e+01 +9.147540608e+01 +0.0000e+00 +0.0000e+00 +0.0000e+00 +3.0000e+00 +0.0000e+00 +0.0000e+00 +0.0000e+00 +0.0000e+00 +2.0000e+00 +0.0000e+00
% function evaluation | noise-free fitness - Fopt (-1.308000000000e+01) | best noise-free fitness - Fopt | measured fitness | best measured fitness | x1 | x2...
1 +3.087542467e+03 +3.087542467e+03 +3.074462467e+03 +3.074462467e+03 +1.0000e+00 +2.2000e+01 +2.1000e+01 +2.6000e+01 +9.0000e+00 +2.3000e+01 +2.5000e+01 +5.0000e+00 +1.3000e+01 +9.0000e+00
2 +2.081091267e+03 +2.081091267e+03 +2.068011267e+03 +2.068011267e+03 +2.0000e+01 +3.0000e+01 +1.9000e+01 +1.3000e+01 +0.0000e+00 +9.0000e+00 +1.2000e+01 +2.0000e+00 +8.0000e+00 +0.0000e+00
14 +1.425545667e+03 +1.425545667e+03 +1.412465667e+03 +1.412465667e+03 +2.5000e+01 +1.9000e+01 +1.6000e+01 +1.0000e+01 +0.0000e+00 +6.0000e+00 +9.0000e+00 +0.0000e+00 +5.0000e+00 +0.0000e+00
30 +9.703744672e+02 +9.703744672e+02 +9.572944672e+02 +9.572944672e+02 +2.7000e+01 +9.0000e+00 +1.2000e+01 +6.0000e+00 +0.0000e+00 +2.0000e+00 +5.0000e+00 +0.0000e+00 +1.0000e+00 +0.0000e+00
43 +5.904384672e+02 +5.904384672e+02 +5.773584672e+02 +5.773584672e+02 +5.0000e+00 +3.0000e+00 +0.0000e+00 +0.0000e+00 +7.0000e+00 +7.0000e+00 +1.0000e+00 +0.0000e+00 +1.8000e+01 +0.0000e+00
55 +3.569760672e+02 +3.569760672e+02 +3.438960672e+02 +3.438960672e+02 +2.0000e+00 +0.0000e+00 +0.0000e+00 +0.0000e+00 +4.0000e+00 +4.0000e+00 +0.0000e+00 +0.0000e+00 +1.5000e+01 +0.0000e+00
65 +2.182320672e+02 +2.182320672e+02 +2.051520672e+02 +2.051520672e+02 +0.0000e+00 +0.0000e+00 +5.0000e+00 +1.0000e+01 +0.0000e+00 +7.0000e+00 +9.0000e+00 +0.0000e+00 +0.0000e+00 +0.0000e+00
73 +1.337872672e+02 +1.337872672e+02 +1.207072672e+02 +1.207072672e+02 +0.0000e+00 +0.0000e+00 +3.0000e+00 +8.0000e+00 +0.0000e+00 +5.0000e+00 +7.0000e+00 +0.0000e+00 +0.0000e+00 +0.0000e+00
81 +8.134246720e+01 +8.134246720e+01 +6.826246720e+01 +6.826246720e+01 +0.0000e+00 +0.0000e+00 +1.0000e+00 +6.0000e+00 +0.0000e+00 +3.0000e+00 +5.0000e+00 +0.0000e+00 +0.0000e+00 +0.0000e+00
89 +5.287686720e+01 +5.287686720e+01 +3.979686720e+01 +3.979686720e+01 +0.0000e+00 +0.0000e+00 +0.0000e+00 +4.0000e+00 +0.0000e+00 +1.0000e+00 +3.0000e+00 +0.0000e+00 +0.0000e+00 +0.0000e+00
% function evaluation | noise-free fitness - Fopt (2.671600000000e+02) | best noise-free fitness - Fopt | measured fitness | best measured fitness | x1 | x2...
1 +5.362185157e+03 +5.362185157e+03 +5.629345157e+03 +5.629345157e+03 +3.1000e+01 +2.1000e+01 +2.0000e+01 +2.9000e+01 +1.3000e+01 +1.2000e+01 +3.0000e+01 +8.0000e+00 +2.6000e+01 +0.0000e+00
3 +3.473226757e+03 +3.473226757e+03 +3.740386757e+03 +3.740386757e+03 +6.0000e+00 +7.0000e+00 +3.0000e+00 +3.0000e+00 +5.0000e+00 +3.0000e+01 +2.5000e+01 +2.5000e+01 +2.4000e+01 +1.3000e+01
19 +2.404940357e+03 +2.404940357e+03 +2.672100357e+03 +2.672100357e+03 +3.0000e+00 +2.0000e+00 +0.0000e+00 +0.0000e+00 +1.0000e+00 +2.6000e+01 +2.1000e+01 +2.1000e+01 +2.0000e+01 +9.0000e+00
39 +1.471634757e+03 +1.471634757e+03 +1.738794757e+03 +1.738794757e+03 +0.0000e+00 +0.0000e+00 +0.0000e+00 +0.0000e+00 +0.0000e+00 +2.1000e+01 +1.6000e+01 +1.6000e+01 +1.5000e+01 +4.0000e+00
54 +9.285723571e+02 +9.285723571e+02 +1.195732357e+03 +1.195732357e+03 +4.0000e+00 +7.0000e+00 +0.0000e+00 +1.2000e+01 +1.4000e+01 +1.1000e+01 +3.0000e+00 +0.0000e+00 +1.3000e+01 +3.0000e+00
66 +5.611243571e+02 +5.611243571e+02 +8.282843571e+02 +8.282843571e+02 +0.0000e+00 +5.0000e+00 +0.0000e+00 +9.0000e+00 +1.1000e+01 +8.0000e+00 +0.0000e+00 +0.0000e+00 +1.0000e+01 +0.0000e+00
74 +3.746859571e+02 +3.746859571e+02 +6.418459571e+02 +6.418459571e+02 +3.0000e+00 +0.0000e+00 +0.0000e+00 +7.0000e+00 +9.0000e+00 +6.0000e+00 +0.0000e+00 +0.0000e+00 +8.0000e+00 +0.0000e+00
82 +2.353195571e+02 +2.353195571e+02 +5.024795571e+02 +5.024795571e+02 +1.0000e+00 +0.0000e+00 +0.0000e+00 +5.0000e+00 +7.0000e+00 +4.0000e+00 +0.0000e+00 +0.0000e+00 +6.0000e+00 +0.0000e+00
90 +1.408123571e+02 +1.408123571e+02 +4.079723571e+02 +4.079723571e+02 +0.0000e+00 +0.0000e+00 +0.0000e+00 +3.0000e+00 +5.0000e+00 +2.0000e+00 +0.0000e+00 +0.0000e+00 +4.0000e+00 +0.0000e+00
98 +8.516435712e+01 +8.516435712e+01 +3.523243571e+02 +3.523243571e+02 +0.0000e+00 +0.0000e+00 +0.0000e+00 +1.0000e+00 +3.0000e+00 +0.0000e+00 +0.0000e+00 +0.0000e+00 +2.0000e+00 +0.0000e+00
% function evaluation | noise-free fitness - Fopt (3.710000000000e+00) | best noise-free fitness - Fopt | measured fitness | best measured fitness | x1 | x2...
1 +3.531777465e+03 +3.531777465e+03 +3.535487465e+03 +3.535487465e+03 +8.0000e+00 +1.1000e+01 +2.3000e+01 +9.0000e+00 +2.7000e+01 +0.0000e+00 +1.3000e+01 +2.5000e+01 +2.9000e+01 +2.3000e+01
8 +2.426324665e+03 +2.426324665e+03 +2.430034665e+03 +2.430034665e+03 +1.2000e+01 +2.2000e+01 +4.0000e+00 +2.0000e+00 +1.2000e+01 +0.0000e+00 +2.9000e+01 +1.2000e+01 +2.4000e+01 +6.0000e+00
27 +1.530767865e+03 +1.530767865e+03 +1.534477865e+03 +1.534477865e+03 +1.0000e+00 +3.0000e+00 +1.8000e+01 +2.0000e+01 +5.0000e+00 +1.3000e+01 +6.0000e+00 +0.0000e+00 +0.0000e+00 +2.1000e+01
38 +9.825822650e+02 +9.825822650e+02 +9.862922650e+02 +9.862922650e+02 +1.7000e+01 +1.3000e+01 +1.0000e+01 +0.0000e+00 +0.0000e+00 +9.0000e+00 +1.6000e+01 +3.0000e+00 +9.0000e+00 +5.0000e+00
50 +6.011886650e+02 +6.011886650e+02 +6.048986650e+02 +6.048986650e+02 +1.8000e+01 +6.0000e+00 +7.0000e+00 +0.0000e+00 +0.0000e+00 +6.0000e+00 +1.3000e+01 +0.0000e+00 +6.0000e+00 +2.0000e+00
62 +3.297806650e+02 +3.297806650e+02 +3.334906650e+02 +3.334906650e+02 +1.5000e+01 +3.0000e+00 +4.0000e+00 +0.0000e+00 +0.0000e+00 +3.0000e+00 +1.0000e+01 +0.0000e+00 +3.0000e+00 +0.0000e+00
70 +2.072078650e+02 +2.072078650e+02 +2.109178650e+02 +2.109178650e+02 +9.0000e+00 +5.0000e+00 +2.0000e+00 +0.0000e+00 +0.0000e+00 +1.0000e+00 +8.0000e+00 +0.0000e+00 +1.0000e+00 +0.0000e+00
78 +1.306142650e+02 +1.306142650e+02 +1.343242650e+02 +1.343242650e+02 +7.0000e+00 +3.0000e+00 +0.0000e+00 +0.0000e+00 +0.0000e+00 +0.0000e+00 +6.0000e+00 +0.0000e+00 +0.0000e+00 +0.0000e+00
82 +9.945106496e+01 +9.945106496e+01 +1.031610650e+02 +1.031610650e+02 +6.0000e+00 +2.0000e+00 +0.0000e+00 +0.0000e+00 +0.0000e+00 +0.0000e+00 +5.0000e+00 +0.0000e+00 +0.0000e+00 +0.0000e+00
94 +4.739666496e+01 +4.739666496e+01 +5.110666496e+01 +5.110666496e+01 +3.0000e+00 +0.0000e+00 +0.0000e+00 +0.0000e+00 +0.0000e+00 +0.0000e+00 +2.0000e+00 +0.0000e+00 +0.0000e+00 +0.0000e+00
% function evaluation | noise-free fitness - Fopt (9.478000000000e+01) | best noise-free fitness - Fopt | measured fitness | best measured fitness | x1 | x2...
1 +3.220274508e+03 +3.220274508e+03 +3.315054508e+03 +3.315054508e+03 +8.0000e+00 +7.0000e+00 +2.5000e+01 +2.2000e+01 +9.0000e+00 +2.8000e+01 +1.3000e+01 +3.0000e+00 +2.7000e+01 +2.5000e+01
3 +1.689117708e+03 +1.689117708e+03 +1.783897708e+03 +1.783897708e+03 +1.9000e+01 +4.0000e+00 +2.0000e+00 +1.2000e+01 +2.6000e+01 +8.0000e+00 +8.0000e+00 +1.0000e+01 +2.2000e+01 +0.0000e+00
7 +1.518343308e+03 +1.518343308e+03 +1.613123308e+03 +1.613123308e+03 +1.9000e+01 +2.0000e+00 +1.0000e+00 +1.1000e+01 +2.5000e+01 +7.0000e+00 +7.0000e+00 +9.0000e+00 +2.1000e+01 +0.0000e+00
19 +9.516105082e+02 +9.516105082e+02 +1.046390508e+03 +1.046390508e+03 +1.2000e+01 +3.0000e+00 +0.0000e+00 +8.0000e+00 +2.2000e+01 +4.0000e+00 +4.0000e+00 +6.0000e+00 +1.8000e+01 +0.0000e+00
31 +5.855497082e+02 +5.855497082e+02 +6.803297082e+02 +6.803297082e+02 +8.0000e+00 +1.0000e+00 +0.0000e+00 +5.0000e+00 +1.9000e+01 +1.0000e+00 +1.0000e+00 +3.0000e+00 +1.5000e+01 +0.0000e+00
43 +3.581321082e+02 +3.581321082e+02 +4.529121082e+02 +4.529121082e+02 +5.0000e+00 +0.0000e+00 +0.0000e+00 +2.0000e+00 +1.6000e+01 +0.0000e+00 +0.0000e+00 +0.0000e+00 +1.2000e+01 +0.0000e+00
55 +2.087177082e+02 +2.087177082e+02 +3.034977082e+02 +3.034977082e+02 +2.0000e+00 +0.0000e+00 +0.0000e+00 +0.0000e+00 +1.3000e+01 +0.0000e+00 +0.0000e+00 +0.0000e+00 +9.0000e+00 +0.0000e+00
63 +1.511209082e+02 +1.511209082e+02 +2.459009082e+02 +2.459009082e+02 +0.0000e+00 +0.0000e+00 +0.0000e+00 +0.0000e+00 +1.1000e+01 +0.0000e+00 +0.0000e+00 +0.0000e+00 +7.0000e+00 +0.0000e+00
75 +9.512410816e+01 +9.512410816e+01 +1.899041082e+02 +1.899041082e+02 +0.0000e+00 +0.0000e+00 +0.0000e+00 +0.0000e+00 +8.0000e+00 +0.0000e+00 +0.0000e+00 +0.0000e+00 +4.0000e+00 +0.0000e+00
% function evaluation | noise-free fitness - Fopt (2.339200000000e+02) | best noise-free fitness - Fopt | measured fitness | best measured fitness | x1 | x2...
1 +3.371070448e+03 +3.371070448e+03 +3.604990448e+03 +3.604990448e+03 +1.0000e+00 +7.0000e+00 +2.7000e+01 +2.6000e+01 +1.1000e+01 +1.1000e+01 +1.8000e+01 +4.0000e+00 +2.9000e+01 +1.8000e+01
2 +2.365872048e+03 +2.365872048e+03 +2.599792048e+03 +2.599792048e+03 +1.2000e+01 +2.5000e+01 +1.4000e+01 +1.1000e+01 +2.8000e+01 +1.5000e+01 +0.0000e+00 +9.0000e+00 +0.0000e+00 +8.0000e+00
18 +1.563947248e+03 +1.563947248e+03 +1.797867248e+03 +1.797867248e+03 +5.0000e+00 +2.4000e+01 +1.0000e+01 +7.0000e+00 +2.4000e+01 +1.1000e+01 +0.0000e+00 +5.0000e+00 +0.0000e+00 +4.0000e+00
30 +9.892736480e+02 +9.892736480e+02 +1.223193648e+03 +1.223193648e+03 +6.0000e+00 +1.7000e+01 +7.0000e+00 +4.0000e+00 +2.1000e+01 +8.0000e+00 +0.0000e+00 +2.0000e+00 +0.0000e+00 +1.0000e+00
46 +6.109280480e+02 +6.109280480e+02 +8.448480480e+02 +8.448480480e+02 +1.0000e+00 +1.6000e+01 +3.0000e+00 +0.0000e+00 +1.7000e+01 +4.0000e+00 +0.0000e+00 +0.0000e+00 +0.0000e+00 +0.0000e+00
62 +3.579104480e+02 +3.579104480e+02 +5.918304480e+02 +5.918304480e+02 +0.0000e+00 +1.2000e+01 +0.0000e+00 +0.0000e+00 +1.3000e+01 +0.0000e+00 +0.0000e+00 +0.0000e+00 +0.0000e+00 +0.0000e+00
70 +2.371120480e+02 +2.371120480e+02 +4.710320480e+02 +4.710320480e+02 +3.0000e+00 +6.0000e+00 +0.0000e+00 +0.0000e+00 +1.1000e+01 +0.0000e+00 +0.0000e+00 +0.0000e+00 +0.0000e+00 +0.0000e+00
82 +1.301296480e+02 +1.301296480e+02 +3.640496480e+02 +3.640496480e+02 +0.0000e+00 +4.0000e+00 +0.0000e+00 +0.0000e+00 +8.0000e+00 +0.0000e+00 +0.0000e+00 +0.0000e+00 +0.0000e+00 +0.0000e+00
90 +9.068324800e+01 +9.068324800e+01 +3.246032480e+02 +3.246032480e+02 +0.0000e+00 +2.0000e+00 +0.0000e+00 +0.0000e+00 +6.0000e+00 +0.0000e+00 +0.0000e+00 +0.0000e+00 +0.0000e+00 +0.0000e+00
100 +6.126084800e+01 +6.126084800e+01 +2.951808480e+02 +2.951808480e+02 +0.0000e+00 +0.0000e+00 +0.0000e+00 +2.0000e+00 +0.0000e+00 +0.0000e+00 +1.0000e+00 +0.0000e+00 +0.0000e+00 +0.0000e+00
% function evaluation | noise-free fitness - Fopt (-6.092000000000e+01) | best noise-free fitness - Fopt | measured fitness | best measured fitness | x1 | x2...
1 +2.975006668e+03 +2.975006668e+03 +2.914086668e+03 +2.914086668e+03 +2.4000e+01 +2.2000e+01 +1.2000e+01 +1.9000e+01 +0.0000e+00 +1.6000e+01 +5.0000e+00 +8.0000e+00 +2.7000e+01 +1.9000e+01
3 +2.122283468e+03 +2.122283468e+03 +2.061363468e+03 +2.061363468e+03 +1.2000e+01 +5.0000e+00 +7.0000e+00 +2.3000e+01 +1.9000e+01 +2.6000e+01 +0.0000e+00 +4.0000e+00 +5.0000e+00 +1.4000e+01
15 +1.484641868e+03 +1.484641868e+03 +1.423721868e+03 +1.423721868e+03 +6.0000e+00 +5.0000e+00 +4.0000e+00 +2.0000e+01 +1.6000e+01 +2.3000e+01 +0.0000e+00 +1.0000e+00 +2.0000e+00 +1.1000e+01
31 +9.220290682e+02 +9.220290682e+02 +8.611090682e+02 +8.611090682e+02 +2.0000e+00 +1.0000e+00 +0.0000e+00 +1.6000e+01 +1.2000e+01 +1.9000e+01 +0.0000e+00 +0.0000e+00 +0.0000e+00 +7.0000e+00
43 +6.091106682e+02 +6.091106682e+02 +5.481906682e+02 +5.481906682e+02 +0.0000e+00 +0.0000e+00 +0.0000e+00 +1.3000e+01 +9.0000e+00 +1.6000e+01 +0.0000e+00 +0.0000e+00 +0.0000e+00 +4.0000e+00
55 +3.644306682e+02 +3.644306682e+02 +3.035106682e+02 +3.035106682e+02 +0.0000e+00 +0.0000e+00 +0.0000e+00 +1.0000e+01 +6.0000e+00 +1.3000e+01 +0.0000e+00 +0.0000e+00 +0.0000e+00 +1.0000e+00
63 +2.456002682e+02 +2.456002682e+02 +1.846802682e+02 +1.846802682e+02 +0.0000e+00 +0.0000e+00 +0.0000e+00 +8.0000e+00 +4.0000e+00 +1.1000e+01 +0.0000e+00 +0.0000e+00 +0.0000e+00 +0.0000e+00
71 +1.570594682e+02 +1.570594682e+02 +9.613946816e+01 +9.613946816e+01 +0.0000e+00 +0.0000e+00 +0.0000e+00 +6.0000e+00 +2.0000e+00 +9.0000e+00 +0.0000e+00 +0.0000e+00 +0.0000e+00 +0.0000e+00
79 +9.251866816e+01 +9.251866816e+01 +3.159866816e+01 +3.159866816e+01 +0.0000e+00 +0.0000e+00 +0.0000e+00 +4.0000e+00 +0.0000e+00 +7.0000e+00 +0.0000e+00 +0.0000e+00 +0.0000e+00 +0.0000e+00
87 +6.033946816e+01 +6.033946816e+01 -5.805318400e-01 -5.805318400e-01 +0.0000e+00 +0.0000e+00 +0.0000e+00 +2.0000e+00 +0.0000e+00 +5.0000e+00 +0.0000e+00 +0.0000e+00 +0.0000e+00 +0.0000e+00
% function evaluation | noise-free fitness - Fopt (-1.948000000000e+01) | best noise-free fitness - Fopt | measured fitness | best measured fitness | x1 | x2...
1 +1.967272750e+03 +1.967272750e+03 +1.947792750e+03 +1.947792750e+03 +1.4000e+01 +1.4000e+01 +1.3000e+01 +1.8000e+01 +1.9000e+01 +6.0000e+00 +1.0000e+00 +3.0000e+00 +1.6000e+01 +2.7000e+01
9 +1.502901550e+03 +1.502901550e+03 +1.483421550e+03 +1.483421550e+03 +1.2000e+01 +1.2000e+01 +1.1000e+01 +1.6000e+01 +1.7000e+01 +4.0000e+00 +0.0000e+00 +1.0000e+00 +1.4000e+01 +2.5000e+01
21 +9.593207501e+02 +9.593207501e+02 +9.398407501e+02 +9.398407501e+02 +9.0000e+00 +9.0000e+00 +8.0000e+00 +1.3000e+01 +1.4000e+01 +1.0000e+00 +0.0000e+00 +0.0000e+00 +1.1000e+01 +2.2000e+01
33 +5.663207501e+02 +5.663207501e+02 +5.468407501e+02 +5.468407501e+02 +6.0000e+00 +6.0000e+00 +5.0000e+00 +1.0000e+01 +1.1000e+01 +0.0000e+00 +0.0000e+00 +0.0000e+00 +8.0000e+00 +1.9000e+01
41 +3.762887501e+02 +3.762887501e+02 +3.568087501e+02 +3.568087501e+02 +4.0000e+00 +4.0000e+00 +3.0000e+00 +8.0000e+00 +9.0000e+00 +0.0000e+00 +0.0000e+00 +0.0000e+00 +6.0000e+00 +1.7000e+01
49 +2.422567501e+02 +2.422567501e+02 +2.227767501e+02 +2.227767501e+02 +2.0000e+00 +2.0000e+00 +1.0000e+00 +6.0000e+00 +7.0000e+00 +0.0000e+00 +0.0000e+00 +0.0000e+00 +4.0000e+00 +1.5000e+01
61 +1.341063501e+02 +1.341063501e+02 +1.146263501e+02 +1.146263501e+02 +0.0000e+00 +0.0000e+00 +0.0000e+00 +3.0000e+00 +4.0000e+00 +0.0000e+00 +0.0000e+00 +0.0000e+00 +1.0000e+00 +1.2000e+01
69 +9.868235008e+01 +9.868235008e+01 +7.920235008e+01 +7.920235008e+01 +0.0000e+00 +0.0000e+00 +0.0000e+00 +1.0000e+00 +2.0000e+00 +0.0000e+00 +0.0000e+00 +0.0000e+00 +0.0000e+00 +1.0000e+01
85 +5.906795008e+01 +5.906795008e+01 +3.958795008e+01 +3.958795008e+01 +0.0000e+00 +0.0000e+00 +0.0000e+00 +0.0000e+00 +0.0000e+00 +0.0000e+00 +0.0000e+00 +0.0000e+00 +0.0000e+00 +6.0000e+00
% function evaluation | noise-free fitness - Fopt (1.344700000000e+02) | best noise-free fitness - Fopt | measured fitness | best measured fitness | x1 | x2...
1 +3.039762060e+03 +3.039762060e+03 +3.174232060e+03 +3.174232060e+03 +2.0000e+00 +1.1000e+01 +1.3000e+01 +1.7000e+01 +2.0000e+00 +2.9000e+01 +9.0000e+00 +2.9000e+01 +1.7000e+01 +1.1000e+01
6 +2.301378060e+03 +2.301378060e+03 +2.435848060e+03 +2.435848060e+03 +2.0000e+00 +2.0000e+00 +6.0000e+00 +1.1000e+01 +2.3000e+01 +4.0000e+00 +0.0000e+00 +1.6000e+01 +2.9000e+01 +1.0000e+00
24 +1.459875660e+03 +1.459875660e+03 +1.594345660e+03 +1.594345660e+03 +1.7000e+01 +1.3000e+01 +1.8000e+01 +8.0000e+00 +1.5000e+01 +0.0000e+00 +3.0000e+00 +0.0000e+00 +2.0000e+00 +1.0000e+01
36 +9.142676595e+02 +9.142676595e+02 +1.048737660e+03 +1.048737660e+03 +1.0000e+01 +1.4000e+01 +1.5000e+01 +5.0000e+00 +1.2000e+01 +0.0000e+00 +0.0000e+00 +0.0000e+00 +0.0000e+00 +7.0000e+00
48 +5.900884595e+02 +5.900884595e+02 +7.245584595e+02 +7.245584595e+02 +1.1000e+01 +7.0000e+00 +1.2000e+01 +2.0000e+00 +9.0000e+00 +0.0000e+00 +0.0000e+00 +0.0000e+00 +0.0000e+00 +4.0000e+00
56 +3.610772595e+02 +3.610772595e+02 +4.955472595e+02 +4.955472595e+02 +1.0000e+00 +1.3000e+01 +1.0000e+01 +0.0000e+00 +7.0000e+00 +0.0000e+00 +0.0000e+00 +0.0000e+00 +0.0000e+00 +2.0000e+00
64 +2.134644595e+02 +2.134644595e+02 +3.479344595e+02 +3.479344595e+02 +3.0000e+00 +7.0000e+00 +8.0000e+00 +0.0000e+00 +5.0000e+00 +0.0000e+00 +0.0000e+00 +0.0000e+00 +0.0000e+00 +0.0000e+00
76 +1.449236595e+02 +1.449236595e+02 +2.793936595e+02 +2.793936595e+02 +4.0000e+00 +0.0000e+00 +5.0000e+00 +0.0000e+00 +2.0000e+00 +0.0000e+00 +0.0000e+00 +0.0000e+00 +0.0000e+00 +0.0000e+00
83 +9.447245952e+01 +9.447245952e+01 +2.289424595e+02 +2.289424595e+02 +0.0000e+00 +0.0000e+00 +2.0000e+00 +3.0000e+00 +0.0000e+00 +0.0000e+00 +3.0000e+00 +0.0000e+00 +1.0000e+00 +0.0000e+00
84 +6.271565952e+01 +6.271565952e+01 +1.971856595e+02 +1.971856595e+02 +0.0000e+00 +2.0000e+00 +3.0000e+00 +0.0000e+00 +0.0000e+00 +0.0000e+00 +0.0000e+00 +0.0000e+00 +0.0000e+00 +0.0000e+00
% function evaluation | noise-free fitness - Fopt (4.453500000000e+02) | best noise-free fitness - Fopt | measured fitness | best measured fitness | x1 | x2...
1 +2.509979105e+03 +2.509979105e+03 +2.955329105e+03 +2.955329105e+03 +2.0000e+00 +1.0000e+00 +2.4000e+01 +2.0000e+01 +1.0000e+01 +1.0000e+01 +2.0000e+01 +6.0000e+00 +1.5000e+01 +2.3000e+01
14 +1.561065505e+03 +1.561065505e+03 +2.006415505e+03 +2.006415505e+03 +0.0000e+00 +4.0000e+00 +1.6000e+01 +0.0000e+00 +2.7000e+01 +6.0000e+00 +8.0000e+00 +1.7000e+01 +1.0000e+01 +1.4000e+01
30 +9.263583053e+02 +9.263583053e+02 +1.371708305e+03 +1.371708305e+03 +0.0000e+00 +0.0000e+00 +1.2000e+01 +0.0000e+00 +2.3000e+01 +2.0000e+00 +4.0000e+00 +1.3000e+01 +6.0000e+00 +1.0000e+01
42 +5.815679053e+02 +5.815679053e+02 +1.026917905e+03 +1.026917905e+03 +0.0000e+00 +0.0000e+00 +9.0000e+00 +0.0000e+00 +2.0000e+01 +0.0000e+00 +1.0000e+00 +1.0000e+01 +3.0000e+00 +7.0000e+00
54 +3.467903053e+02 +3.467903053e+02 +7.921403053e+02 +7.921403053e+02 +0.0000e+00 +0.0000e+00 +6.0000e+00 +0.0000e+00 +1.7000e+01 +0.0000e+00 +0.0000e+00 +7.0000e+00 +0.0000e+00 +4.0000e+00
62 +2.360479053e+02 +2.360479053e+02 +6.813979053e+02 +6.813979053e+02 +0.0000e+00 +0.0000e+00 +4.0000e+00 +0.0000e+00 +1.5000e+01 +0.0000e+00 +0.0000e+00 +5.0000e+00 +0.0000e+00 +2.0000e+00
70 +1.573055053e+02 +1.573055053e+02 +6.026555053e+02 +6.026555053e+02 +0.0000e+00 +0.0000e+00 +2.0000e+00 +0.0000e+00 +1.3000e+01 +0.0000e+00 +0.0000e+00 +3.0000e+00 +0.0000e+00 +0.0000e+00
85 +9.235510528e+01 +9.235510528e+01 +5.377051053e+02 +5.377051053e+02 +0.0000e+00 +0.0000e+00 +3.0000e+00 +0.0000e+00 +0.0000e+00 +0.0000e+00 +0.0000e+00 +0.0000e+00 +0.0000e+00 +2.0000e+00
102 +5.998070528e+01 +5.998070528e+01 +5.053307053e+02 +5.053307053e+02 +0.0000e+00 +0.0000e+00 +0.0000e+00 +0.0000e+00 +5.0000e+00 +0.0000e+00 +0.0000e+00 +0.0000e+00 +0.0000e+00 +0.0000e+00
