% function evaluation | noise-free fitness - Fopt (7.948000000000e+01) | best noise-free fitness - Fopt | measured fitness | best measured fitness | x1 | x2...
1 +2.877148794e+26 +2.877148794e+26 +2.877148794e+26 +2.877148794e+26 +1.6962e+13 +0.0000e+00 +0.0000e+00 +0.0000e+00 +0.0000e+00 +0.0000e+00 +0.0000e+00 +0.0000e+00 +0.0000e+00 +0.0000e+00
2 +4.581954260e+24 +4.581954260e+24 +4.581954260e+24 +4.581954260e+24 +2.1405e+12 +0.0000e+00 +0.0000e+00 +0.0000e+00 +0.0000e+00 +0.0000e+00 +0.0000e+00 +0.0000e+00 +0.0000e+00 +0.0000e+00
36 +2.934671763e+24 +2.934671763e+24 +2.934671763e+24 +2.934671763e+24 +1.7131e+12 +0.0000e+00 +0.0000e+00 +0.0000e+00 +0.0000e+00 +0.0000e+00 +0.0000e+00 +0.0000e+00 +0.0000e+00 +0.0000e+00
85 +2.000801214e+24 +2.000801214e+24 +2.000801214e+24 +2.000801214e+24 +1.4145e+12 +0.0000e+00 +0.0000e+00 +0.0000e+00 +0.0000e+00 +0.0000e+00 +0.0000e+00 +0.0000e+00 +0.0000e+00 +0.0000e+00
% function evaluation | noise-free fitness - Fopt (3.944800000000e+02) | best noise-free fitness - Fopt | measured fitness | best measured fitness | x1 | x2...
1 +5.909799524e+26 +5.909799524e+26 +5.909799524e+26 +5.909799524e+26 +2.4310e+13 +0.0000e+00 +0.0000e+00 +0.0000e+00 +0.0000e+00 +0.0000e+00 +0.0000e+00 +0.0000e+00 +0.0000e+00 +0.0000e+00
5 +2.114546202e+25 +2.114546202e+25 +2.114546202e+25 +2.114546202e+25 +4.5984e+12 +0.0000e+00 +0.0000e+00 +0.0000e+00 +0.0000e+00 +0.0000e+00 +0.0000e+00 +0.0000e+00 +0.0000e+00 +0.0000e+00
14 +4.869778731e+24 +4.869778731e+24 +4.869778731e+24 +4.869778731e+24 +2.2068e+12 +0.0000e+00 +0.0000e+00 +0.0000e+00 +0.0000e+00 +0.0000e+00 +0.0000e+00 +0.0000e+00 +0.0000e+00 +0.0000e+00
78 +1.214259074e+24 +1.214259074e+24 +1.214259074e+24 +1.214259074e+24 +1.1019e+12 +0.0000e+00 +0.0000e+00 +0.0000e+00 +0.0000e+00 +0.0000e+00 +0.0000e+00 +0.0000e+00 +0.0000e+00 +0.0000e+00
100 +3.167737105e+23 +3.167737105e+23 +3.167737105e+23 +3.167737105e+23 +5.6283e+11 +0.0000e+00 +0.0000e+00 +0.0000e+00 +0.0000e+00 +0.0000e+00 +0.0000e+00 +0.0000e+00 +0.0000e+00 +0.0000e+00
% function evaluation | noise-free fitness - Fopt (-2.471100000000e+02) | best noise-free fitness - Fopt | measured fitness | best measured fitness | x1 | x2...
1 +1.047759842e+27 +1.047759842e+27 +1.047759842e+27 +1.047759842e+27 +3.2369e+13 +0.0000e+00 +0.0000e+00 +0.0000e+00 +0.0000e+00 +0.0000e+00 +0.0000e+00 +0.0000e+00 +0.0000e+00 +0.0000e+00
2 +8.970432856e+25 +8.970432856e+25 +8.970432856e+25 +8.970432856e+25 +9.4712e+12 +0.0000e+00 +0.0000e+00 +0.0000e+00 +0.0000e+00 +0.0000e+00 +0.0000e+00 +0.0000e+00 +0.0000e+00 +0.0000e+00
5 +8.896330757e+24 +8.896330757e+24 +8.896330757e+24 +8.896330757e+24 +2.9827e+12 +0.0000e+00 +0.0000e+00 +0.0000e+00 +0.0000e+00 +0.0000e+00 +0.0000e+00 +0.0000e+00 +0.0000e+00 +0.0000e+00
11 +4.278799812e+24 +4.278799812e+24 +4.278799812e+24 +4.278799812e+24 +2.0685e+12 +0.0000e+00 +0.0000e+00 +0.0000e+00 +0.0000e+00 +0.0000e+00 +0.0000e+00 +0.0000e+00 +0.0000e+00 +0.0000e+00
41 +3.026134283e+24 +3.026134283e+24 +3.026134283e+24 +3.026134283e+24 +1.7396e+12 +0.0000e+00 +0.0000e+00 +0.0000e+00 +0.0000e+00 +0.0000e+00 +0.0000e+00 +0.0000e+00 +0.0000e+00 +0.0000e+00
65 +2.162280366e+24 +2.162280366e+24 +2.162280366e+24 +2.162280366e+24 +1.4705e+12 +0.0000e+00 +0.0000e+00 +0.0000e+00 +0.0000e+00 +0.0000e+00 +0.0000e+00 +0.0000e+00 +0.0000e+00 +0.0000e+00
% function evaluation | noise-free fitness - Fopt (-1.520400000000e+02) | best noise-free fitness - Fopt | measured fitness | best measured fitness | x1 | x2...
1 +1.027604203e+27 +1.027604203e+27 +1.027604203e+27 +1.027604203e+27 +3.2056e+13 +0.0000e+00 +0.0000e+00 +0.0000e+00 +0.0000e+00 +0.0000e+00 +0.0000e+00 +0.0000e+00 +0.0000e+00 +0.0000e+00
2 +3.523063927e+25 +3.523063927e+25 +3.523063927e+25 +3.523063927e+25 +5.9355e+12 +0.0000e+00 +0.0000e+00 +0.0000e+00 +0.0000e+00 +0.0000e+00 +0.0000e+00 +0.0000e+00 +0.0000e+00 +0.0000e+00
28 +7.433748808e+24 +7.433748808e+24 +7.433748808e+24 +7.433748808e+24 +2.7265e+12 +0.0000e+00 +0.0000e+00 +0.0000e+00 +0.0000e+00 +0.0000e+00 +0.0000e+00 +0.0000e+00 +0.0000e+00 +0.0000e+00
78 +2.156130913e+24 +2.156130913e+24 +2.156130913e+24 +2.156130913e+24 +1.4684e+12 +0.0000e+00 +0.0000e+00 +0.0000e+00 +0.0000e+00 +0.0000e+00 +0.0000e+00 +0.0000e+00 +0.0000e+00 +0.0000e+00
% function evaluation | noise-free fitness - Fopt (-2.525000000000e+01) | best noise-free fitness - Fopt | measured fitness | best measured fitness | x1 | x2...
1 +9.534121288e+26 +9.534121288e+26 +9.534121288e+26 +9.534121288e+26 +3.0877e+13 +0.0000e+00 +0.0000e+00 +0.0000e+00 +0.0000e+00 +0.0000e+00 +0.0000e+00 +0.0000e+00 +0.0000e+00 +0.0000e+00
2 +1.525220764e+26 +1.525220764e+26 +1.525220764e+26 +1.525220764e+26 +1.2350e+13 +0.0000e+00 +0.0000e+00 +0.0000e+00 +0.0000e+00 +0.0000e+00 +0.0000e+00 +0.0000e+00 +0.0000e+00 +0.0000e+00
4 +9.293542558e+25 +9.293542558e+25 +9.293542558e+25 +9.293542558e+25 +9.6403e+12 +0.0000e+00 +0.0000e+00 +0.0000e+00 +0.0000e+00 +0.0000e+00 +0.0000e+00 +0.0000e+00 +0.0000e+00 +0.0000e+00
5 +1.924661745e+25 +1.924661745e+25 +1.924661745e+25 +1.924661745e+25 +4.3871e+12 +0.0000e+00 +0.0000e+00 +0.0000e+00 +0.0000e+00 +0.0000e+00 +0.0000e+00 +0.0000e+00 +0.0000e+00 +0.0000e+00
15 +1.175816733e+24 +1.175816733e+24 +1.175816733e+24 +1.175816733e+24 +1.0844e+12 +0.0000e+00 +0.0000e+00 +0.0000e+00 +0.0000e+00 +0.0000e+00 +0.0000e+00 +0.0000e+00 +0.0000e+00 +0.0000e+00
% function evaluation | noise-free fitness - Fopt (2.230000000000e+00) | best noise-free fitness - Fopt | measured fitness | best measured fitness | x1 | x2...
1 +5.207524623e+26 +5.207524623e+26 +5.207524623e+26 +5.207524623e+26 +2.2820e+13 +0.0000e+00 +0.0000e+00 +0.0000e+00 +0.0000e+00 +0.0000e+00 +0.0000e+00 +0.0000e+00 +0.0000e+00 +0.0000e+00
2 +7.437658361e+23 +7.437658361e+23 +7.437658361e+23 +7.437658361e+23 +8.6242e+11 +0.0000e+00 +0.0000e+00 +0.0000e+00 +0.0000e+00 +0.0000e+00 +0.0000e+00 +0.0000e+00 +0.0000e+00 +0.0000e+00
% function evaluation | noise-free fitness - Fopt (-1.308000000000e+01) | best noise-free fitness - Fopt | measured fitness | best measured fitness | x1 | x2...
1 +7.876123310e+23 +7.876123310e+23 +7.876123310e+23 +7.876123310e+23 +8.8748e+11 +0.0000e+00 +0.0000e+00 +0.0000e+00 +0.0000e+00 +0.0000e+00 +0.0000e+00 +0.0000e+00 +0.0000e+00 +0.0000e+00
% function evaluation | noise-free fitness - Fopt (2.671600000000e+02) | best noise-free fitness - Fopt | measured fitness | best measured fitness | x1 | x2...
1 +1.013037726e+27 +1.013037726e+27 +1.013037726e+27 +1.013037726e+27 +3.1828e+13 +0.0000e+00 +0.0000e+00 +0.0000e+00 +0.0000e+00 +0.0000e+00 +0.0000e+00 +0.0000e+00 +0.0000e+00 +0.0000e+00
2 +1.171021660e+25 +1.171021660e+25 +1.171021660e+25 +1.171021660e+25 +3.4220e+12 +0.0000e+00 +0.0000e+00 +0.0000e+00 +0.0000e+00 +0.0000e+00 +0.0000e+00 +0.0000e+00 +0.0000e+00 +0.0000e+00
4 +1.180640335e+24 +1.180640335e+24 +1.180640335e+24 +1.180640335e+24 +1.0866e+12 +0.0000e+00 +0.0000e+00 +0.0000e+00 +0.0000e+00 +0.0000e+00 +0.0000e+00 +0.0000e+00 +0.0000e+00 +0.0000e+00
% function evaluation | noise-free fitness - Fopt (3.710000000000e+00) | best noise-free fitness - Fopt | measured fitness | best measured fitness | x1 | x2...
1 +6.392950876e+26 +6.392950876e+26 +6.392950876e+26 +6.392950876e+26 +2.5284e+13 +0.0000e+00 +0.0000e+00 +0.0000e+00 +0.0000e+00 +0.0000e+00 +0.0000e+00 +0.0000e+00 +0.0000e+00 +0.0000e+00
2 +7.616645235e+25 +7.616645235e+25 +7.616645235e+25 +7.616645235e+25 +8.7273e+12 +0.0000e+00 +0.0000e+00 +0.0000e+00 +0.0000e+00 +0.0000e+00 +0.0000e+00 +0.0000e+00 +0.0000e+00 +0.0000e+00
8 +2.758976435e+25 +2.758976435e+25 +2.758976435e+25 +2.758976435e+25 +5.2526e+12 +0.0000e+00 +0.0000e+00 +0.0000e+00 +0.0000e+00 +0.0000e+00 +0.0000e+00 +0.0000e+00 +0.0000e+00 +0.0000e+00
13 +1.000015822e+25 +1.000015822e+25 +1.000015822e+25 +1.000015822e+25 +3.1623e+12 +0.0000e+00 +0.0000e+00 +0.0000e+00 +0.0000e+00 +0.0000e+00 +0.0000e+00 +0.0000e+00 +0.0000e+00 +0.0000e+00
28 +3.361480292e+24 +3.361480292e+24 +3.361480292e+24 +3.361480292e+24 +1.8334e+12 +0.0000e+00 +0.0000e+00 +0.0000e+00 +0.0000e+00 +0.0000e+00 +0.0000e+00 +0.0000e+00 +0.0000e+00 +0.0000e+00
% function evaluation | noise-free fitness - Fopt (9.478000000000e+01) | best noise-free fitness - Fopt | measured fitness | best measured fitness | x1 | x2...
1 +5.459888940e+26 +5.459888940e+26 +5.459888940e+26 +5.459888940e+26 +2.3366e+13 +0.0000e+00 +0.0000e+00 +0.0000e+00 +0.0000e+00 +0.0000e+00 +0.0000e+00 +0.0000e+00 +0.0000e+00 +0.0000e+00
2 +3.047941660e+26 +3.047941660e+26 +3.047941660e+26 +3.047941660e+26 +1.7458e+13 +0.0000e+00 +0.0000e+00 +0.0000e+00 +0.0000e+00 +0.0000e+00 +0.0000e+00 +0.0000e+00 +0.0000e+00 +0.0000e+00
8 +4.405941053e+22 +4.405941053e+22 +4.405941053e+22 +4.405941053e+22 +2.0990e+11 +0.0000e+00 +0.0000e+00 +0.0000e+00 +0.0000e+00 +0.0000e+00 +0.0000e+00 +0.0000e+00 +0.0000e+00 +0.0000e+00
% function evaluation | noise-free fitness - Fopt (2.339200000000e+02) | best noise-free fitness - Fopt | measured fitness | best measured fitness | x1 | x2...
1 +7.560780566e+26 +7.560780566e+26 +7.560780566e+26 +7.560780566e+26 +2.7497e+13 +0.0000e+00 +0.0000e+00 +0.0000e+00 +0.0000e+00 +0.0000e+00 +0.0000e+00 +0.0000e+00 +0.0000e+00 +0.0000e+00
2 +1.477545720e+26 +1.477545720e+26 +1.477545720e+26 +1.477545720e+26 +1.2155e+13 +0.0000e+00 +0.0000e+00 +0.0000e+00 +0.0000e+00 +0.0000e+00 +0.0000e+00 +0.0000e+00 +0.0000e+00 +0.0000e+00
3 +2.495833040e+25 +2.495833040e+25 +2.495833040e+25 +2.495833040e+25 +4.9958e+12 +0.0000e+00 +0.0000e+00 +0.0000e+00 +0.0000e+00 +0.0000e+00 +0.0000e+00 +0.0000e+00 +0.0000e+00 +0.0000e+00
7 +1.462479143e+25 +1.462479143e+25 +1.462479143e+25 +1.462479143e+25 +3.8242e+12 +0.0000e+00 +0.0000e+00 +0.0000e+00 +0.0000e+00 +0.0000e+00 +0.0000e+00 +0.0000e+00 +0.0000e+00 +0.0000e+00
85 +2.234646683e+23 +2.234646683e+23 +2.234646683e+23 +2.234646683e+23 +4.7272e+11 +0.0000e+00 +0.0000e+00 +0.0000e+00 +0.0000e+00 +0.0000e+00 +0.0000e+00 +0.0000e+00 +0.0000e+00 +0.0000e+00
% function evaluation | noise-free fitness - Fopt (-6.092000000000e+01) | best noise-free fitness - Fopt | measured fitness | best measured fitness | x1 | x2...
1 +2.926302018e+26 +2.926302018e+26 +2.926302018e+26 +2.926302018e+26 +1.7106e+13 +0.0000e+00 +0.0000e+00 +0.0000e+00 +0.0000e+00 +0.0000e+00 +0.0000e+00 +0.0000e+00 +0.0000e+00 +0.0000e+00
6 +1.274438622e+26 +1.274438622e+26 +1.274438622e+26 +1.274438622e+26 +1.1289e+13 +0.0000e+00 +0.0000e+00 +0.0000e+00 +0.0000e+00 +0.0000e+00 +0.0000e+00 +0.0000e+00 +0.0000e+00 +0.0000e+00
11 +3.641285330e+24 +3.641285330e+24 +3.641285330e+24 +3.641285330e+24 +1.9082e+12 +0.0000e+00 +0.0000e+00 +0.0000e+00 +0.0000e+00 +0.0000e+00 +0.0000e+00 +0.0000e+00 +0.0000e+00 +0.0000e+00
39 +2.072350712e+23 +2.072350712e+23 +2.072350712e+23 +2.072350712e+23 +4.5523e+11 +0.0000e+00 +0.0000e+00 +0.0000e+00 +0.0000e+00 +0.0000e+00 +0.0000e+00 +0.0000e+00 +0.0000e+00 +0.0000e+00
% function evaluation | noise-free fitness - Fopt (-1.948000000000e+01) | best noise-free fitness - Fopt | measured fitness | best measured fitness | x1 | x2...
1 +1.257027450e+26 +1.257027450e+26 +1.257027450e+26 +1.257027450e+26 +1.1212e+13 +0.0000e+00 +0.0000e+00 +0.0000e+00 +0.0000e+00 +0.0000e+00 +0.0000e+00 +0.0000e+00 +0.0000e+00 +0.0000e+00
3 +2.103805741e+25 +2.103805741e+25 +2.103805741e+25 +2.103805741e+25 +4.5867e+12 +0.0000e+00 +0.0000e+00 +0.0000e+00 +0.0000e+00 +0.0000e+00 +0.0000e+00 +0.0000e+00 +0.0000e+00 +0.0000e+00
12 +2.081881880e+22 +2.081881880e+22 +2.081881880e+22 +2.081881880e+22 +1.4429e+11 +0.0000e+00 +0.0000e+00 +0.0000e+00 +0.0000e+00 +0.0000e+00 +0.0000e+00 +0.0000e+00 +0.0000e+00 +0.0000e+00
% function evaluation | noise-free fitness - Fopt (1.344700000000e+02) | best noise-free fitness - Fopt | measured fitness | best measured fitness | x1 | x2...
1 +6.376278092e+26 +6.376278092e+26 +6.376278092e+26 +6.376278092e+26 +2.5251e+13 +0.0000e+00 +0.0000e+00 +0.0000e+00 +0.0000e+00 +0.0000e+00 +0.0000e+00 +0.0000e+00 +0.0000e+00 +0.0000e+00
2 +9.656574998e+25 +9.656574998e+25 +9.656574998e+25 +9.656574998e+25 +9.8268e+12 +0.0000e+00 +0.0000e+00 +0.0000e+00 +0.0000e+00 +0.0000e+00 +0.0000e+00 +0.0000e+00 +0.0000e+00 +0.0000e+00
14 +1.435793953e+25 +1.435793953e+25 +1.435793953e+25 +1.435793953e+25 +3.7892e+12 +0.0000e+00 +0.0000e+00 +0.0000e+00 +0.0000e+00 +0.0000e+00 +0.0000e+00 +0.0000e+00 +0.0000e+00 +0.0000e+00
46 +4.117273585e+22 +4.117273585e+22 +4.117273585e+22 +4.117273585e+22 +2.0291e+11 +0.0000e+00 +0.0000e+00 +0.0000e+00 +0.0000e+00 +0.0000e+00 +0.0000e+00 +0.0000e+00 +0.0000e+00 +0.0000e+00
% function evaluation | noise-free fitness - Fopt (4.453500000000e+02) | best noise-free fitness - Fopt | measured fitness | best measured fitness | x1 | x2...
1 +6.829143674e+26 +6.829143674e+26 +6.829143674e+26 +6.829143674e+26 +2.6133e+13 +0.0000e+00 +0.0000e+00 +0.0000e+00 +0.0000e+00 +0.0000e+00 +0.0000e+00 +0.0000e+00 +0.0000e+00 +0.0000e+00
2 +3.608567496e+26 +3.608567496e+26 +3.608567496e+26 +3.608567496e+26 +1.8996e+13 +0.0000e+00 +0.0000e+00 +0.0000e+00 +0.0000e+00 +0.0000e+00 +0.0000e+00 +0.0000e+00 +0.0000e+00 +0.0000e+00
5 +1.513545025e+26 +1.513545025e+26 +1.513545025e+26 +1.513545025e+26 +1.2303e+13 +0.0000e+00 +0.0000e+00 +0.0000e+00 +0.0000e+00 +0.0000e+00 +0.0000e+00 +0.0000e+00 +0.0000e+00 +0.0000e+00
6 +4.688758812e+25 +4.688758812e+25 +4.688758812e+25 +4.688758812e+25 +6.8475e+12 +0.0000e+00 +0.0000e+00 +0.0000e+00 +0.0000e+00 +0.0000e+00 +0.0000e+00 +0.0000e+00 +0.0000e+00 +0.0000e+00
12 +1.849662264e+24 +1.849662264e+24 +1.849662264e+24 +1.849662264e+24 +1.3600e+12 +0.0000e+00 +0.0000e+00 +0.0000e+00 +0.0000e+00 +0.0000e+00 +0.0000e+00 +0.0000e+00 +0.0000e+00 +2.0480e+03
13 +4.749483505e+23 +4.749483505e+23 +4.749483505e+23 +4.749483505e+23 +6.8916e+11 +0.0000e+00 +0.0000e+00 +0.0000e+00 +0.0000e+00 +0.0000e+00 +0.0000e+00 +0.0000e+00 +0.0000e+00 +0.0000e+00
