% function evaluation | noise-free fitness - Fopt (7.948000000000e+01) | best noise-free fitness - Fopt | measured fitness | best measured fitness | x1 | x2...
1 +3.502510070e+03 +3.502510070e+03 +3.581990070e+03 +3.581990070e+03 +2.8000e+01 +0.0000e+00 +0.0000e+00 +2.8000e+01 +1.8000e+01 +3.0000e+00 +1.1000e+01 +4.0000e+00 +1.8000e+01 +3.0000e+01
2 +2.024450870e+03 +2.024450870e+03 +2.103930870e+03 +2.103930870e+03 +2.1000e+01 +5.0000e+00 +5.0000e+00 +2.1000e+01 +0.0000e+00 +2.9000e+01 +4.0000e+00 +1.6000e+01 +0.0000e+00 +5.0000e+00
9 +1.421441270e+03 +1.421441270e+03 +1.500921270e+03 +1.500921270e+03 +0.0000e+00 +4.0000e+00 +4.0000e+00 +0.0000e+00 +8.0000e+00 +2.8000e+01 +5.0000e+00 +1.1000e+01 +8.0000e+00 +1.3000e+01
14 +7.528604698e+02 +7.528604698e+02 +8.323404698e+02 +8.323404698e+02 +2.0000e+00 +4.0000e+00 +0.0000e+00 +0.0000e+00 +0.0000e+00 +6.0000e+00 +6.0000e+00 +1.5000e+01 +1.5000e+01 +9.0000e+00
27 +4.897308698e+02 +4.897308698e+02 +5.692108698e+02 +5.692108698e+02 +0.0000e+00 +7.0000e+00 +0.0000e+00 +0.0000e+00 +3.0000e+00 +3.0000e+00 +3.0000e+00 +1.2000e+01 +0.0000e+00 +1.2000e+01
37 +5.956766976e+01 +5.956766976e+01 +1.390476698e+02 +1.390476698e+02 +2.0000e+00 +2.0000e+00 +0.0000e+00 +0.0000e+00 +0.0000e+00 +2.0000e+00 +2.0000e+00 +0.0000e+00 +0.0000e+00 +2.0000e+00
47 +3.339166976e+01 +3.339166976e+01 +1.128716698e+02 +1.128716698e+02 +0.0000e+00 +0.0000e+00 +0.0000e+00 +0.0000e+00 +1.0000e+00 +0.0000e+00 +1.0000e+00 +1.0000e+00 +0.0000e+00 +0.0000e+00
57 +2.503646976e+01 +2.503646976e+01 +1.045164698e+02 +1.045164698e+02 +0.0000e+00 +0.0000e+00 +0.0000e+00 +0.0000e+00 +0.0000e+00 +0.0000e+00 +0.0000e+00 +0.0000e+00 +0.0000e+00 +0.0000e+00
% function evaluation | noise-free fitness - Fopt (3.944800000000e+02) | best noise-free fitness - Fopt | measured fitness | best measured fitness | x1 | x2...
1 +4.928828975e+03 +4.928828975e+03 +5.323308975e+03 +5.323308975e+03 +1.1000e+01 +2.6000e+01 +6.0000e+00 +1.2000e+01 +1.2000e+01 +2.7000e+01 +2.1000e+01 +2.4000e+01 +2.8000e+01 +2.7000e+01
2 +3.751339375e+03 +3.751339375e+03 +4.145819375e+03 +4.145819375e+03 +1.8000e+01 +2.9000e+01 +2.4000e+01 +1.4000e+01 +1.4000e+01 +5.0000e+00 +2.0000e+00 +0.0000e+00 +2.5000e+01 +1.8000e+01
6 +1.318955375e+03 +1.318955375e+03 +1.713435375e+03 +1.713435375e+03 +1.3000e+01 +1.3000e+01 +0.0000e+00 +1.0000e+00 +1.0000e+00 +8.0000e+00 +2.0000e+00 +0.0000e+00 +1.8000e+01 +1.3000e+01
40 +9.612097754e+02 +9.612097754e+02 +1.355689775e+03 +1.355689775e+03 +0.0000e+00 +0.0000e+00 +0.0000e+00 +1.0000e+00 +1.0000e+00 +0.0000e+00 +1.0000e+00 +2.0000e+01 +1.0000e+00 +1.8000e+01
80 +6.160689754e+02 +6.160689754e+02 +1.010548975e+03 +1.010548975e+03 +0.0000e+00 +0.0000e+00 +0.0000e+00 +0.0000e+00 +0.0000e+00 +0.0000e+00 +0.0000e+00 +1.6000e+01 +1.5000e+01 +0.0000e+00
90 +8.939697536e+01 +8.939697536e+01 +4.838769754e+02 +4.838769754e+02 +0.0000e+00 +0.0000e+00 +0.0000e+00 +0.0000e+00 +0.0000e+00 +0.0000e+00 +0.0000e+00 +0.0000e+00 +0.0000e+00 +0.0000e+00
% function evaluation | noise-free fitness - Fopt (-2.471100000000e+02) | best noise-free fitness - Fopt | measured fitness | best measured fitness | x1 | x2...
1 +2.947895718e+03 +2.947895718e+03 +2.700785718e+03 +2.700785718e+03 +2.2000e+01 +1.8000e+01 +1.6000e+01 +2.2000e+01 +1.8000e+01 +1.8000e+01 +1.2000e+01 +7.0000e+00 +1.0000e+01 +9.0000e+00
2 +1.900274918e+03 +1.900274918e+03 +1.653164918e+03 +1.653164918e+03 +7.0000e+00 +2.3000e+01 +1.8000e+01 +7.0000e+00 +0.0000e+00 +0.0000e+00 +2.0000e+00 +2.0000e+00 +2.2000e+01 +1.9000e+01
9 +5.420573178e+02 +5.420573178e+02 +2.949473178e+02 +2.949473178e+02 +4.0000e+00 +1.1000e+01 +0.0000e+00 +7.0000e+00 +5.0000e+00 +5.0000e+00 +8.0000e+00 +8.0000e+00 +2.0000e+00 +0.0000e+00
19 +3.423037178e+02 +3.423037178e+02 +9.519371776e+01 +9.519371776e+01 +0.0000e+00 +0.0000e+00 +1.0000e+01 +0.0000e+00 +1.0000e+01 +4.0000e+00 +3.0000e+00 +0.0000e+00 +0.0000e+00 +6.0000e+00
39 +1.851037178e+02 +1.851037178e+02 -6.200628224e+01 -6.200628224e+01 +4.0000e+00 +0.0000e+00 +4.0000e+00 +1.0000e+00 +2.0000e+00 +1.0000e+00 +0.0000e+00 +1.0000e+00 +4.0000e+00 +4.0000e+00
59 +1.165917178e+02 +1.165917178e+02 -1.305182822e+02 -1.305182822e+02 +2.0000e+00 +2.0000e+00 +0.0000e+00 +2.0000e+00 +0.0000e+00 +2.0000e+00 +2.0000e+00 +2.0000e+00 +0.0000e+00 +2.0000e+00
69 +7.621571776e+01 +7.621571776e+01 -1.708942822e+02 -1.708942822e+02 +1.0000e+00 +1.0000e+00 +1.0000e+00 +0.0000e+00 +0.0000e+00 +1.0000e+00 +1.0000e+00 +0.0000e+00 +1.0000e+00 +1.0000e+00
% function evaluation | noise-free fitness - Fopt (-1.520400000000e+02) | best noise-free fitness - Fopt | measured fitness | best measured fitness | x1 | x2...
1 +1.535946342e+03 +1.535946342e+03 +1.383906342e+03 +1.383906342e+03 +2.4000e+01 +1.0000e+00 +5.0000e+00 +1.0000e+01 +9.0000e+00 +5.0000e+00 +9.0000e+00 +1.7000e+01 +2.0000e+01 +5.0000e+00
37 +7.415015418e+02 +7.415015418e+02 +5.894615418e+02 +5.894615418e+02 +1.1000e+01 +2.0000e+00 +0.0000e+00 +1.3000e+01 +1.3000e+01 +0.0000e+00 +1.3000e+01 +1.3000e+01 +2.0000e+00 +0.0000e+00
67 +5.282311418e+02 +5.282311418e+02 +3.761911418e+02 +3.761911418e+02 +8.0000e+00 +0.0000e+00 +1.0000e+01 +0.0000e+00 +0.0000e+00 +0.0000e+00 +1.0000e+01 +1.0000e+01 +0.0000e+00 +0.0000e+00
77 +1.921095418e+02 +1.921095418e+02 +4.006954176e+01 +4.006954176e+01 +1.0000e+00 +8.0000e+00 +0.0000e+00 +7.0000e+00 +0.0000e+00 +9.0000e+00 +0.0000e+00 +0.0000e+00 +0.0000e+00 +9.0000e+00
87 +1.368119418e+02 +1.368119418e+02 -1.522805824e+01 -1.522805824e+01 +7.0000e+00 +0.0000e+00 +0.0000e+00 +0.0000e+00 +0.0000e+00 +6.0000e+00 +0.0000e+00 +0.0000e+00 +0.0000e+00 +0.0000e+00
93 +4.987594176e+01 +4.987594176e+01 -1.021640582e+02 -1.021640582e+02 +0.0000e+00 +0.0000e+00 +0.0000e+00 +0.0000e+00 +0.0000e+00 +0.0000e+00 +0.0000e+00 +0.0000e+00 +0.0000e+00 +0.0000e+00
% function evaluation | noise-free fitness - Fopt (-2.525000000000e+01) | best noise-free fitness - Fopt | measured fitness | best measured fitness | x1 | x2...
1 +3.916708543e+03 +3.916708543e+03 +3.891458543e+03 +3.891458543e+03 +2.3000e+01 +3.0000e+00 +0.0000e+00 +1.6000e+01 +7.0000e+00 +4.0000e+00 +2.6000e+01 +2.6000e+01 +2.9000e+01 +2.6000e+01
4 +2.048127743e+03 +2.048127743e+03 +2.022877743e+03 +2.022877743e+03 +1.6000e+01 +1.1000e+01 +8.0000e+00 +1.9000e+01 +0.0000e+00 +1.7000e+01 +1.8000e+01 +1.8000e+01 +6.0000e+00 +8.0000e+00
8 +1.487281343e+03 +1.487281343e+03 +1.462031343e+03 +1.462031343e+03 +2.2000e+01 +1.9000e+01 +0.0000e+00 +1.3000e+01 +2.2000e+01 +9.0000e+00 +1.0000e+00 +1.0000e+00 +1.2000e+01 +1.0000e+00
12 +7.899053434e+02 +7.899053434e+02 +7.646553434e+02 +7.646553434e+02 +4.0000e+00 +6.0000e+00 +4.0000e+00 +4.0000e+00 +1.5000e+01 +2.0000e+01 +4.0000e+00 +4.0000e+00 +0.0000e+00 +6.0000e+00
22 +4.130461434e+02 +4.130461434e+02 +3.877961434e+02 +3.877961434e+02 +3.0000e+00 +3.0000e+00 +3.0000e+00 +1.4000e+01 +5.0000e+00 +3.0000e+00 +5.0000e+00 +3.0000e+00 +3.0000e+00 +3.0000e+00
24 +3.477405434e+02 +3.477405434e+02 +3.224905434e+02 +3.224905434e+02 +4.0000e+00 +4.0000e+00 +4.0000e+00 +0.0000e+00 +1.7000e+01 +4.0000e+00 +1.0000e+00 +4.0000e+00 +4.0000e+00 +4.0000e+00
32 +1.063597434e+02 +1.063597434e+02 +8.110974336e+01 +8.110974336e+01 +4.0000e+00 +2.0000e+00 +2.0000e+00 +2.0000e+00 +2.0000e+00 +4.0000e+00 +2.0000e+00 +2.0000e+00 +2.0000e+00 +2.0000e+00
42 +9.815334336e+01 +9.815334336e+01 +7.290334336e+01 +7.290334336e+01 +1.0000e+00 +1.0000e+00 +1.0000e+00 +3.0000e+00 +1.0000e+00 +1.0000e+00 +1.0000e+00 +1.0000e+00 +1.0000e+00 +3.0000e+00
52 +5.075014336e+01 +5.075014336e+01 +2.550014336e+01 +2.550014336e+01 +0.0000e+00 +2.0000e+00 +0.0000e+00 +0.0000e+00 +0.0000e+00 +0.0000e+00 +0.0000e+00 +0.0000e+00 +0.0000e+00 +0.0000e+00
% function evaluation | noise-free fitness - Fopt (2.230000000000e+00) | best noise-free fitness - Fopt | measured fitness | best measured fitness | x1 | x2...
1 +2.974765406e+03 +2.974765406e+03 +2.976995406e+03 +2.976995406e+03 +9.0000e+00 +2.0000e+01 +1.6000e+01 +0.0000e+00 +3.0000e+00 +2.1000e+01 +2.4000e+01 +2.4000e+01 +8.0000e+00 +1.2000e+01
4 +2.474563806e+03 +2.474563806e+03 +2.476793806e+03 +2.476793806e+03 +1.0000e+00 +2.5000e+01 +5.0000e+00 +1.9000e+01 +1.7000e+01 +2.5000e+01 +3.0000e+00 +3.0000e+00 +1.0000e+00 +1.5000e+01
25 +1.513365406e+03 +1.513365406e+03 +1.515595406e+03 +1.515595406e+03 +1.2000e+01 +1.2000e+01 +5.0000e+00 +1.2000e+01 +3.0000e+00 +2.1000e+01 +1.0000e+00 +3.0000e+00 +1.9000e+01 +3.0000e+00
35 +7.986614061e+02 +7.986614061e+02 +8.008914061e+02 +8.008914061e+02 +1.1000e+01 +2.0000e+00 +2.0000e+00 +2.0000e+00 +2.0000e+00 +1.1000e+01 +1.1000e+01 +1.1000e+01 +1.1000e+01 +4.0000e+00
45 +3.513206061e+02 +3.513206061e+02 +3.535506061e+02 +3.535506061e+02 +1.0000e+00 +1.0000e+00 +1.0000e+01 +1.0000e+00 +1.0000e+00 +1.0000e+00 +3.0000e+00 +1.0000e+01 +3.0000e+00 +1.0000e+00
55 +1.108230061e+02 +1.108230061e+02 +1.130530061e+02 +1.130530061e+02 +1.0000e+01 +1.0000e+00 +0.0000e+00 +0.0000e+00 +0.0000e+00 +2.0000e+00 +0.0000e+00 +0.0000e+00 +0.0000e+00 +2.0000e+00
57 +7.055420608e+01 +7.055420608e+01 +7.278420608e+01 +7.278420608e+01 +0.0000e+00 +1.0000e+00 +0.0000e+00 +0.0000e+00 +0.0000e+00 +0.0000e+00 +0.0000e+00 +0.0000e+00 +0.0000e+00 +0.0000e+00
65 +5.800700608e+01 +5.800700608e+01 +6.023700608e+01 +6.023700608e+01 +1.0000e+00 +0.0000e+00 +0.0000e+00 +0.0000e+00 +0.0000e+00 +0.0000e+00 +0.0000e+00 +0.0000e+00 +0.0000e+00 +0.0000e+00
% function evaluation | noise-free fitness - Fopt (-1.308000000000e+01) | best noise-free fitness - Fopt | measured fitness | best measured fitness | x1 | x2...
1 +3.406204867e+03 +3.406204867e+03 +3.393124867e+03 +3.393124867e+03 +1.0000e+01 +3.1000e+01 +5.0000e+00 +1.1000e+01 +6.0000e+00 +2.6000e+01 +6.0000e+00 +1.0000e+01 +1.6000e+01 +2.6000e+01
6 +1.135692867e+03 +1.135692867e+03 +1.122612867e+03 +1.122612867e+03 +9.0000e+00 +6.0000e+00 +2.1000e+01 +2.0000e+01 +9.0000e+00 +1.0000e+00 +9.0000e+00 +1.2000e+01 +3.0000e+00 +1.0000e+00
54 +8.621280672e+02 +8.621280672e+02 +8.490480672e+02 +8.490480672e+02 +0.0000e+00 +0.0000e+00 +0.0000e+00 +2.5000e+01 +0.0000e+00 +0.0000e+00 +0.0000e+00 +0.0000e+00 +0.0000e+00 +1.6000e+01
63 +3.311392672e+02 +3.311392672e+02 +3.180592672e+02 +3.180592672e+02 +1.5000e+01 +0.0000e+00 +6.0000e+00 +7.0000e+00 +0.0000e+00 +0.0000e+00 +0.0000e+00 +6.0000e+00 +0.0000e+00 +0.0000e+00
74 +1.547776672e+02 +1.547776672e+02 +1.416976672e+02 +1.416976672e+02 +0.0000e+00 +0.0000e+00 +0.0000e+00 +1.4000e+01 +0.0000e+00 +0.0000e+00 +0.0000e+00 +0.0000e+00 +0.0000e+00 +0.0000e+00
84 +5.977926720e+01 +5.977926720e+01 +4.669926720e+01 +4.669926720e+01 +0.0000e+00 +0.0000e+00 +0.0000e+00 +0.0000e+00 +0.0000e+00 +0.0000e+00 +0.0000e+00 +0.0000e+00 +0.0000e+00 +0.0000e+00
% function evaluation | noise-free fitness - Fopt (2.671600000000e+02) | best noise-free fitness - Fopt | measured fitness | best measured fitness | x1 | x2...
1 +2.604657157e+03 +2.604657157e+03 +2.871817157e+03 +2.871817157e+03 +1.0000e+01 +1.3000e+01 +1.1000e+01 +2.1000e+01 +2.0000e+01 +2.0000e+01 +1.0000e+01 +1.0000e+01 +2.0000e+00 +2.2000e+01
11 +2.042689157e+03 +2.042689157e+03 +2.309849157e+03 +2.309849157e+03 +8.0000e+00 +1.3000e+01 +9.0000e+00 +2.1000e+01 +1.2000e+01 +9.0000e+00 +9.0000e+00 +1.0000e+01 +1.9000e+01 +9.0000e+00
33 +1.509761157e+03 +1.509761157e+03 +1.776921157e+03 +1.776921157e+03 +1.0000e+00 +1.6000e+01 +2.1000e+01 +0.0000e+00 +1.7000e+01 +0.0000e+00 +1.7000e+01 +5.0000e+00 +0.0000e+00 +1.0000e+00
59 +9.463467571e+02 +9.463467571e+02 +1.213506757e+03 +1.213506757e+03 +1.0000e+00 +1.7000e+01 +1.0000e+00 +3.0000e+00 +1.1000e+01 +9.0000e+00 +9.0000e+00 +1.0000e+00 +9.0000e+00 +9.0000e+00
69 +3.838411571e+02 +3.838411571e+02 +6.510011571e+02 +6.510011571e+02 +0.0000e+00 +0.0000e+00 +8.0000e+00 +0.0000e+00 +0.0000e+00 +8.0000e+00 +0.0000e+00 +8.0000e+00 +0.0000e+00 +0.0000e+00
79 +1.768555571e+02 +1.768555571e+02 +4.440155571e+02 +4.440155571e+02 +4.0000e+00 +3.0000e+00 +0.0000e+00 +0.0000e+00 +0.0000e+00 +0.0000e+00 +7.0000e+00 +0.0000e+00 +0.0000e+00 +0.0000e+00
99 +7.312115712e+01 +7.312115712e+01 +3.402811571e+02 +3.402811571e+02 +0.0000e+00 +0.0000e+00 +0.0000e+00 +0.0000e+00 +0.0000e+00 +0.0000e+00 +0.0000e+00 +0.0000e+00 +0.0000e+00 +0.0000e+00
% function evaluation | noise-free fitness - Fopt (3.710000000000e+00) | best noise-free fitness - Fopt | measured fitness | best measured fitness | x1 | x2...
1 +1.949276665e+03 +1.949276665e+03 +1.952986665e+03 +1.952986665e+03 +9.0000e+00 +4.0000e+00 +8.0000e+00 +1.4000e+01 +0.0000e+00 +1.4000e+01 +0.0000e+00 +5.0000e+00 +2.3000e+01 +3.0000e+01
16 +1.337723065e+03 +1.337723065e+03 +1.341433065e+03 +1.341433065e+03 +1.0000e+01 +7.0000e+00 +2.0000e+01 +1.7000e+01 +5.0000e+00 +7.0000e+00 +7.0000e+00 +2.0000e+01 +5.0000e+00 +6.0000e+00
26 +8.391406650e+02 +8.391406650e+02 +8.428506650e+02 +8.428506650e+02 +4.0000e+00 +5.0000e+00 +9.0000e+00 +9.0000e+00 +5.0000e+00 +1.6000e+01 +6.0000e+00 +1.9000e+01 +6.0000e+00 +4.0000e+00
78 +4.178814650e+02 +4.178814650e+02 +4.215914650e+02 +4.215914650e+02 +9.0000e+00 +0.0000e+00 +0.0000e+00 +0.0000e+00 +9.0000e+00 +9.0000e+00 +9.0000e+00 +9.0000e+00 +0.0000e+00 +9.0000e+00
98 +3.502750650e+02 +3.502750650e+02 +3.539850650e+02 +3.539850650e+02 +4.0000e+00 +3.0000e+00 +7.0000e+00 +7.0000e+00 +7.0000e+00 +7.0000e+00 +7.0000e+00 +7.0000e+00 +7.0000e+00 +0.0000e+00
% function evaluation | noise-free fitness - Fopt (9.478000000000e+01) | best noise-free fitness - Fopt | measured fitness | best measured fitness | x1 | x2...
1 +1.427151308e+03 +1.427151308e+03 +1.521931308e+03 +1.521931308e+03 +2.2000e+01 +2.4000e+01 +1.0000e+00 +3.0000e+00 +1.6000e+01 +1.0000e+00 +1.0000e+00 +4.0000e+00 +3.0000e+00 +2.0000e+00
16 +6.723257082e+02 +6.723257082e+02 +7.671057082e+02 +7.671057082e+02 +1.4000e+01 +0.0000e+00 +1.4000e+01 +0.0000e+00 +1.4000e+01 +0.0000e+00 +1.4000e+01 +5.0000e+00 +1.4000e+01 +0.0000e+00
35 +4.751593082e+02 +4.751593082e+02 +5.699393082e+02 +5.699393082e+02 +2.0000e+00 +1.4000e+01 +2.0000e+00 +2.0000e+00 +0.0000e+00 +0.0000e+00 +2.0000e+00 +6.0000e+00 +2.0000e+00 +1.4000e+01
45 +3.273577082e+02 +3.273577082e+02 +4.221377082e+02 +4.221377082e+02 +1.0000e+00 +1.0000e+00 +1.0000e+00 +1.3000e+01 +1.0000e+00 +0.0000e+00 +1.0000e+00 +1.0000e+00 +0.0000e+00 +0.0000e+00
51 +8.058970816e+01 +8.058970816e+01 +1.753697082e+02 +1.753697082e+02 +0.0000e+00 +0.0000e+00 +0.0000e+00 +0.0000e+00 +0.0000e+00 +0.0000e+00 +0.0000e+00 +0.0000e+00 +0.0000e+00 +0.0000e+00
% function evaluation | noise-free fitness - Fopt (2.339200000000e+02) | best noise-free fitness - Fopt | measured fitness | best measured fitness | x1 | x2...
1 +4.880073648e+03 +4.880073648e+03 +5.113993648e+03 +5.113993648e+03 +2.4000e+01 +1.4000e+01 +1.3000e+01 +2.5000e+01 +1.3000e+01 +3.0000e+01 +3.0000e+01 +2.5000e+01 +1.3000e+01 +2.3000e+01
3 +3.656988848e+03 +3.656988848e+03 +3.890908848e+03 +3.890908848e+03 +2.1000e+01 +2.0000e+00 +2.5000e+01 +1.1000e+01 +2.5000e+01 +1.8000e+01 +1.8000e+01 +1.1000e+01 +2.9000e+01 +0.0000e+00
20 +2.024115248e+03 +2.024115248e+03 +2.258035248e+03 +2.258035248e+03 +0.0000e+00 +0.0000e+00 +1.6000e+01 +0.0000e+00 +4.0000e+00 +0.0000e+00 +5.0000e+00 +1.6000e+01 +2.7000e+01 +2.7000e+01
21 +1.582179248e+03 +1.582179248e+03 +1.816099248e+03 +1.816099248e+03 +1.1000e+01 +1.1000e+01 +1.1000e+01 +1.1000e+01 +1.1000e+01 +2.2000e+01 +1.1000e+01 +1.1000e+01 +1.1000e+01 +1.1000e+01
24 +9.360592480e+02 +9.360592480e+02 +1.169979248e+03 +1.169979248e+03 +1.2000e+01 +2.0000e+00 +0.0000e+00 +0.0000e+00 +1.4000e+01 +2.1000e+01 +1.4000e+01 +0.0000e+00 +0.0000e+00 +0.0000e+00
54 +4.775168480e+02 +4.775168480e+02 +7.114368480e+02 +7.114368480e+02 +1.2000e+01 +3.0000e+00 +0.0000e+00 +0.0000e+00 +0.0000e+00 +1.5000e+01 +0.0000e+00 +0.0000e+00 +9.0000e+00 +0.0000e+00
64 +2.087600480e+02 +2.087600480e+02 +4.426800480e+02 +4.426800480e+02 +0.0000e+00 +0.0000e+00 +2.0000e+00 +0.0000e+00 +0.0000e+00 +0.0000e+00 +2.0000e+00 +0.0000e+00 +0.0000e+00 +1.4000e+01
84 +4.723044800e+01 +4.723044800e+01 +2.811504480e+02 +2.811504480e+02 +0.0000e+00 +0.0000e+00 +0.0000e+00 +0.0000e+00 +0.0000e+00 +0.0000e+00 +0.0000e+00 +0.0000e+00 +0.0000e+00 +0.0000e+00
% function evaluation | noise-free fitness - Fopt (-6.092000000000e+01) | best noise-free fitness - Fopt | measured fitness | best measured fitness | x1 | x2...
1 +2.561805068e+03 +2.561805068e+03 +2.500885068e+03 +2.500885068e+03 +5.0000e+00 +1.0000e+00 +1.0000e+00 +3.0000e+01 +1.9000e+01 +3.0000e+01 +1.6000e+01 +5.0000e+00 +5.0000e+00 +0.0000e+00
6 +1.183086668e+03 +1.183086668e+03 +1.122166668e+03 +1.122166668e+03 +0.0000e+00 +6.0000e+00 +6.0000e+00 +1.5000e+01 +0.0000e+00 +1.5000e+01 +9.0000e+00 +0.0000e+00 +0.0000e+00 +2.3000e+01
16 +7.436722682e+02 +7.436722682e+02 +6.827522682e+02 +6.827522682e+02 +0.0000e+00 +5.0000e+00 +8.0000e+00 +1.4000e+01 +0.0000e+00 +1.4000e+01 +0.0000e+00 +5.0000e+00 +1.4000e+01 +5.0000e+00
26 +4.334146682e+02 +4.334146682e+02 +3.724946682e+02 +3.724946682e+02 +5.0000e+00 +8.0000e+00 +0.0000e+00 +0.0000e+00 +4.0000e+00 +0.0000e+00 +0.0000e+00 +7.0000e+00 +4.0000e+00 +1.3000e+01
36 +3.320162682e+02 +3.320162682e+02 +2.710962682e+02 +2.710962682e+02 +0.0000e+00 +0.0000e+00 +3.0000e+00 +0.0000e+00 +7.0000e+00 +3.0000e+00 +1.2000e+01 +6.0000e+00 +6.0000e+00 +0.0000e+00
65 +1.097282682e+02 +1.097282682e+02 +4.880826816e+01 +4.880826816e+01 +0.0000e+00 +0.0000e+00 +1.2000e+01 +0.0000e+00 +0.0000e+00 +0.0000e+00 +0.0000e+00 +0.0000e+00 +0.0000e+00 +0.0000e+00
75 +4.761626816e+01 +4.761626816e+01 -1.330373184e+01 -1.330373184e+01 +0.0000e+00 +0.0000e+00 +0.0000e+00 +0.0000e+00 +0.0000e+00 +0.0000e+00 +0.0000e+00 +0.0000e+00 +0.0000e+00 +0.0000e+00
% function evaluation | noise-free fitness - Fopt (-1.948000000000e+01) | best noise-free fitness - Fopt | measured fitness | best measured fitness | x1 | x2...
1 +2.236026350e+03 +2.236026350e+03 +2.216546350e+03 +2.216546350e+03 +2.0000e+00 +2.2000e+01 +6.0000e+00 +3.0000e+01 +6.0000e+00 +1.8000e+01 +1.8000e+01 +6.0000e+00 +6.0000e+00 +1.1000e+01
7 +6.227031501e+02 +6.227031501e+02 +6.032231501e+02 +6.032231501e+02 +1.2000e+01 +0.0000e+00 +8.0000e+00 +1.8000e+01 +4.0000e+00 +4.0000e+00 +4.0000e+00 +4.0000e+00 +4.0000e+00 +0.0000e+00
8 +1.690423501e+02 +1.690423501e+02 +1.495623501e+02 +1.495623501e+02 +3.0000e+00 +2.0000e+00 +2.0000e+00 +1.0000e+01 +0.0000e+00 +3.0000e+00 +3.0000e+00 +0.0000e+00 +0.0000e+00 +4.0000e+00
18 +1.200855501e+02 +1.200855501e+02 +1.006055501e+02 +1.006055501e+02 +2.0000e+00 +3.0000e+00 +9.0000e+00 +2.0000e+00 +0.0000e+00 +0.0000e+00 +2.0000e+00 +0.0000e+00 +3.0000e+00 +1.0000e+00
27 +4.378475008e+01 +4.378475008e+01 +2.430475008e+01 +2.430475008e+01 +2.0000e+00 +2.0000e+00 +2.0000e+00 +0.0000e+00 +2.0000e+00 +2.0000e+00 +0.0000e+00 +0.0000e+00 +0.0000e+00 +2.0000e+00
28 +3.449195008e+01 +3.449195008e+01 +1.501195008e+01 +1.501195008e+01 +1.0000e+00 +1.0000e+00 +0.0000e+00 +0.0000e+00 +1.0000e+00 +1.0000e+00 +0.0000e+00 +0.0000e+00 +2.0000e+00 +1.0000e+00
% function evaluation | noise-free fitness - Fopt (1.344700000000e+02) | best noise-free fitness - Fopt | measured fitness | best measured fitness | x1 | x2...
1 +3.594894860e+03 +3.594894860e+03 +3.729364860e+03 +3.729364860e+03 +1.6000e+01 +1.6000e+01 +1.0000e+00 +0.0000e+00 +1.7000e+01 +2.8000e+01 +2.8000e+01 +1.1000e+01 +2.3000e+01 +1.7000e+01
4 +2.220728460e+03 +2.220728460e+03 +2.355198460e+03 +2.355198460e+03 +1.7000e+01 +1.7000e+01 +1.4000e+01 +2.7000e+01 +5.0000e+00 +1.5000e+01 +1.5000e+01 +0.0000e+00 +3.0000e+00 +5.0000e+00
14 +1.112597260e+03 +1.112597260e+03 +1.247067260e+03 +1.247067260e+03 +0.0000e+00 +4.0000e+00 +4.0000e+00 +2.0000e+00 +1.4000e+01 +1.3000e+01 +1.6000e+01 +2.0000e+00 +1.6000e+01 +4.0000e+00
39 +8.662980595e+02 +8.662980595e+02 +1.000768060e+03 +1.000768060e+03 +3.0000e+00 +3.0000e+00 +3.0000e+00 +1.6000e+01 +1.6000e+01 +3.0000e+00 +3.0000e+00 +3.0000e+00 +3.0000e+00 +3.0000e+00
49 +1.446612595e+02 +1.446612595e+02 +2.791312595e+02 +2.791312595e+02 +2.0000e+00 +2.0000e+00 +2.0000e+00 +2.0000e+00 +2.0000e+00 +2.0000e+00 +2.0000e+00 +2.0000e+00 +2.0000e+00 +2.0000e+00
59 +9.450125952e+01 +9.450125952e+01 +2.289712595e+02 +2.289712595e+02 +1.0000e+00 +1.0000e+00 +1.0000e+00 +1.0000e+00 +1.0000e+00 +1.0000e+00 +1.0000e+00 +1.0000e+00 +1.0000e+00 +1.0000e+00
% function evaluation | noise-free fitness - Fopt (4.453500000000e+02) | best noise-free fitness - Fopt | measured fitness | best measured fitness | x1 | x2...
1 +4.244452705e+03 +4.244452705e+03 +4.689802705e+03 +4.689802705e+03 +3.0000e+01 +1.6000e+01 +7.0000e+00 +3.0000e+01 +7.0000e+00 +1.0000e+01 +1.7000e+01 +3.0000e+01 +2.2000e+01 +1.6000e+01
2 +1.899350305e+03 +1.899350305e+03 +2.344700305e+03 +2.344700305e+03 +4.0000e+00 +1.5000e+01 +2.3000e+01 +4.0000e+00 +2.1000e+01 +2.6000e+01 +0.0000e+00 +4.0000e+00 +4.0000e+00 +1.5000e+01
17 +1.347998305e+03 +1.347998305e+03 +1.793348305e+03 +1.793348305e+03 +1.0000e+01 +1.0000e+01 +2.2000e+01 +1.0000e+01 +1.0000e+01 +1.8000e+01 +1.0000e+01 +5.0000e+00 +5.0000e+00 +5.0000e+00
32 +6.917055053e+02 +6.917055053e+02 +1.137055505e+03 +1.137055505e+03 +1.0000e+00 +1.0000e+00 +0.0000e+00 +2.3000e+01 +1.0000e+00 +0.0000e+00 +0.0000e+00 +0.0000e+00 +1.2000e+01 +1.0000e+00
42 +1.143647053e+02 +1.143647053e+02 +5.597147053e+02 +5.597147053e+02 +0.0000e+00 +0.0000e+00 +0.0000e+00 +0.0000e+00 +0.0000e+00 +1.1000e+01 +0.0000e+00 +0.0000e+00 +0.0000e+00 +0.0000e+00
64 +6.781270528e+01 +6.781270528e+01 +5.131627053e+02 +5.131627053e+02 +0.0000e+00 +0.0000e+00 +0.0000e+00 +0.0000e+00 +0.0000e+00 +0.0000e+00 +0.0000e+00 +0.0000e+00 +0.0000e+00 +0.0000e+00
