% function evaluation | noise-free fitness - Fopt (7.948000000000e+01) | best noise-free fitness - Fopt | measured fitness | best measured fitness | x1 | x2...
1 +2.024497270e+03 +2.024497270e+03 +2.103977270e+03 +2.103977270e+03 +0.0000e+00 +0.0000e+00 +0.0000e+00 +2.3000e+01 +9.0000e+00 +3.0000e+00 +2.8000e+01 +2.2000e+01 +5.0000e+00 +8.0000e+00
12 +1.542492470e+03 +1.542492470e+03 +1.621972470e+03 +1.621972470e+03 +1.1000e+01 +9.0000e+00 +1.0000e+00 +5.0000e+00 +1.3000e+01 +5.0000e+00 +1.6000e+01 +1.1000e+01 +2.4000e+01 +0.0000e+00
64 +9.746044698e+02 +9.746044698e+02 +1.054084470e+03 +1.054084470e+03 +8.0000e+00 +0.0000e+00 +1.0000e+01 +8.0000e+00 +7.0000e+00 +2.3000e+01 +9.0000e+00 +7.0000e+00 +0.0000e+00 +2.0000e+00
% function evaluation | noise-free fitness - Fopt (3.944800000000e+02) | best noise-free fitness - Fopt | measured fitness | best measured fitness | x1 | x2...
1 +3.257049775e+03 +3.257049775e+03 +3.651529775e+03 +3.651529775e+03 +1.3000e+01 +1.7000e+01 +2.6000e+01 +0.0000e+00 +2.0000e+00 +7.0000e+00 +1.5000e+01 +0.0000e+00 +2.5000e+01 +2.4000e+01
2 +2.339910575e+03 +2.339910575e+03 +2.734390575e+03 +2.734390575e+03 +1.1000e+01 +2.0000e+01 +0.0000e+00 +2.2000e+01 +1.4000e+01 +0.0000e+00 +8.0000e+00 +2.9000e+01 +1.1000e+01 +2.0000e+00
31 +1.421678575e+03 +1.421678575e+03 +1.816158575e+03 +1.816158575e+03 +1.0000e+00 +1.9000e+01 +1.1000e+01 +6.0000e+00 +1.2000e+01 +1.1000e+01 +9.0000e+00 +5.0000e+00 +0.0000e+00 +1.4000e+01
181 +8.569809754e+02 +8.569809754e+02 +1.251460975e+03 +1.251460975e+03 +0.0000e+00 +1.4000e+01 +8.0000e+00 +3.0000e+00 +9.0000e+00 +8.0000e+00 +6.0000e+00 +2.0000e+00 +0.0000e+00 +1.1000e+01
% function evaluation | noise-free fitness - Fopt (-2.471100000000e+02) | best noise-free fitness - Fopt | measured fitness | best measured fitness | x1 | x2...
1 +2.187690918e+03 +2.187690918e+03 +1.940580918e+03 +1.940580918e+03 +0.0000e+00 +7.0000e+00 +2.4000e+01 +6.0000e+00 +2.9000e+01 +9.0000e+00 +2.0000e+00 +1.2000e+01 +3.0000e+00 +1.2000e+01
41 +1.432455718e+03 +1.432455718e+03 +1.185345718e+03 +1.185345718e+03 +1.2000e+01 +5.0000e+00 +3.0000e+00 +1.0000e+00 +1.3000e+01 +9.0000e+00 +1.6000e+01 +2.1000e+01 +3.0000e+00 +8.0000e+00
144 +9.594877178e+02 +9.594877178e+02 +7.123777178e+02 +7.123777178e+02 +2.0000e+00 +9.0000e+00 +1.0000e+00 +1.8000e+01 +9.0000e+00 +0.0000e+00 +4.0000e+00 +7.0000e+00 +0.0000e+00 +1.3000e+01
% function evaluation | noise-free fitness - Fopt (-1.520400000000e+02) | best noise-free fitness - Fopt | measured fitness | best measured fitness | x1 | x2...
1 +3.277930342e+03 +3.277930342e+03 +3.125890342e+03 +3.125890342e+03 +0.0000e+00 +2.1000e+01 +3.0000e+01 +3.0000e+00 +2.6000e+01 +1.0000e+00 +4.0000e+00 +1.8000e+01 +1.9000e+01 +2.6000e+01
2 +1.471471142e+03 +1.471471142e+03 +1.319431142e+03 +1.319431142e+03 +3.0000e+00 +2.0000e+00 +2.5000e+01 +1.0000e+00 +1.2000e+01 +1.5000e+01 +2.0000e+00 +6.0000e+00 +8.0000e+00 +1.8000e+01
137 +8.986503418e+02 +8.986503418e+02 +7.466103418e+02 +7.466103418e+02 +8.0000e+00 +1.1000e+01 +0.0000e+00 +2.4000e+01 +1.0000e+00 +1.1000e+01 +9.0000e+00 +6.0000e+00 +6.0000e+00 +0.0000e+00
% function evaluation | noise-free fitness - Fopt (-2.525000000000e+01) | best noise-free fitness - Fopt | measured fitness | best measured fitness | x1 | x2...
1 +4.033794943e+03 +4.033794943e+03 +4.008544943e+03 +4.008544943e+03 +9.0000e+00 +1.0000e+01 +2.8000e+01 +2.5000e+01 +2.0000e+00 +1.9000e+01 +3.0000e+01 +1.0000e+01 +2.7000e+01 +7.0000e+00
2 +3.431665343e+03 +3.431665343e+03 +3.406415343e+03 +3.406415343e+03 +1.7000e+01 +3.1000e+01 +1.5000e+01 +9.0000e+00 +1.3000e+01 +4.0000e+00 +3.0000e+01 +2.5000e+01 +4.0000e+00 +4.0000e+00
5 +2.304551743e+03 +2.304551743e+03 +2.279301743e+03 +2.279301743e+03 +0.0000e+00 +2.2000e+01 +2.0000e+00 +8.0000e+00 +2.2000e+01 +1.4000e+01 +1.0000e+01 +1.7000e+01 +3.0000e+00 +2.3000e+01
26 +1.566422143e+03 +1.566422143e+03 +1.541172143e+03 +1.541172143e+03 +8.0000e+00 +7.0000e+00 +5.0000e+00 +0.0000e+00 +1.2000e+01 +5.0000e+00 +1.8000e+01 +1.5000e+01 +1.5000e+01 +1.9000e+01
% function evaluation | noise-free fitness - Fopt (2.230000000000e+00) | best noise-free fitness - Fopt | measured fitness | best measured fitness | x1 | x2...
1 +3.636595806e+03 +3.636595806e+03 +3.638825806e+03 +3.638825806e+03 +2.9000e+01 +1.4000e+01 +1.9000e+01 +8.0000e+00 +1.3000e+01 +2.9000e+01 +1.9000e+01 +1.4000e+01 +1.0000e+00 +2.1000e+01
7 +1.550752606e+03 +1.550752606e+03 +1.552982606e+03 +1.552982606e+03 +1.0000e+01 +1.1000e+01 +4.0000e+00 +5.0000e+00 +1.7000e+01 +4.0000e+00 +7.0000e+00 +1.3000e+01 +2.2000e+01 +1.6000e+01
45 +7.172406061e+02 +7.172406061e+02 +7.194706061e+02 +7.194706061e+02 +6.0000e+00 +6.0000e+00 +0.0000e+00 +4.0000e+00 +2.4000e+01 +0.0000e+00 +0.0000e+00 +0.0000e+00 +1.2000e+01 +6.0000e+00
95 +6.161606061e+02 +6.161606061e+02 +6.183906061e+02 +6.183906061e+02 +5.0000e+00 +5.0000e+00 +0.0000e+00 +3.0000e+00 +2.3000e+01 +0.0000e+00 +0.0000e+00 +0.0000e+00 +1.1000e+01 +5.0000e+00
% function evaluation | noise-free fitness - Fopt (-1.308000000000e+01) | best noise-free fitness - Fopt | measured fitness | best measured fitness | x1 | x2...
1 +2.325353667e+03 +2.325353667e+03 +2.312273667e+03 +2.312273667e+03 +2.6000e+01 +7.0000e+00 +6.0000e+00 +9.0000e+00 +5.0000e+00 +1.4000e+01 +1.8000e+01 +1.5000e+01 +4.0000e+00 +2.2000e+01
33 +1.537436867e+03 +1.537436867e+03 +1.524356867e+03 +1.524356867e+03 +8.0000e+00 +3.0000e+00 +2.0000e+00 +0.0000e+00 +1.0000e+00 +4.0000e+00 +1.2000e+01 +0.0000e+00 +2.8000e+01 +1.9000e+01
% function evaluation | noise-free fitness - Fopt (2.671600000000e+02) | best noise-free fitness - Fopt | measured fitness | best measured fitness | x1 | x2...
1 +2.986962757e+03 +2.986962757e+03 +3.254122757e+03 +3.254122757e+03 +5.0000e+00 +1.0000e+01 +1.8000e+01 +1.9000e+01 +1.9000e+01 +2.7000e+01 +1.2000e+01 +0.0000e+00 +1.0000e+01 +2.3000e+01
2 +1.897460357e+03 +1.897460357e+03 +2.164620357e+03 +2.164620357e+03 +1.5000e+01 +6.0000e+00 +8.0000e+00 +2.0000e+00 +1.2000e+01 +1.2000e+01 +1.9000e+01 +0.0000e+00 +1.2000e+01 +2.4000e+01
23 +1.485933957e+03 +1.485933957e+03 +1.753093957e+03 +1.753093957e+03 +1.6000e+01 +7.0000e+00 +9.0000e+00 +1.9000e+01 +2.0000e+00 +3.0000e+00 +1.9000e+01 +2.0000e+00 +2.0000e+00 +7.0000e+00
168 +9.449739571e+02 +9.449739571e+02 +1.212133957e+03 +1.212133957e+03 +1.2000e+01 +6.0000e+00 +4.0000e+00 +0.0000e+00 +1.3000e+01 +1.1000e+01 +0.0000e+00 +9.0000e+00 +1.0000e+01 +0.0000e+00
% function evaluation | noise-free fitness - Fopt (3.710000000000e+00) | best noise-free fitness - Fopt | measured fitness | best measured fitness | x1 | x2...
1 +9.246910650e+02 +9.246910650e+02 +9.284010650e+02 +9.284010650e+02 +1.5000e+01 +5.0000e+00 +1.2000e+01 +3.0000e+00 +5.0000e+00 +1.0000e+00 +1.0000e+01 +1.0000e+00 +1.6000e+01 +1.4000e+01
% function evaluation | noise-free fitness - Fopt (9.478000000000e+01) | best noise-free fitness - Fopt | measured fitness | best measured fitness | x1 | x2...
1 +2.449572108e+03 +2.449572108e+03 +2.544352108e+03 +2.544352108e+03 +3.0000e+00 +1.4000e+01 +1.7000e+01 +1.7000e+01 +1.1000e+01 +2.2000e+01 +1.9000e+01 +4.0000e+00 +2.4000e+01 +2.1000e+01
14 +1.561864908e+03 +1.561864908e+03 +1.656644908e+03 +1.656644908e+03 +1.0000e+00 +2.0000e+01 +5.0000e+00 +6.0000e+00 +1.6000e+01 +2.2000e+01 +3.0000e+00 +1.0000e+01 +1.4000e+01 +1.2000e+01
74 +9.112313082e+02 +9.112313082e+02 +1.006011308e+03 +1.006011308e+03 +2.0000e+00 +0.0000e+00 +7.0000e+00 +2.1000e+01 +4.0000e+00 +7.0000e+00 +8.0000e+00 +8.0000e+00 +1.6000e+01 +7.0000e+00
% function evaluation | noise-free fitness - Fopt (2.339200000000e+02) | best noise-free fitness - Fopt | measured fitness | best measured fitness | x1 | x2...
1 +3.612763248e+03 +3.612763248e+03 +3.846683248e+03 +3.846683248e+03 +1.7000e+01 +2.9000e+01 +8.0000e+00 +2.4000e+01 +2.0000e+00 +1.2000e+01 +1.3000e+01 +1.9000e+01 +1.9000e+01 +2.7000e+01
4 +2.290190448e+03 +2.290190448e+03 +2.524110448e+03 +2.524110448e+03 +7.0000e+00 +2.7000e+01 +1.0000e+01 +2.1000e+01 +1.1000e+01 +2.0000e+01 +3.0000e+00 +1.8000e+01 +6.0000e+00 +4.0000e+00
6 +1.268142448e+03 +1.268142448e+03 +1.502062448e+03 +1.502062448e+03 +6.0000e+00 +7.0000e+00 +9.0000e+00 +7.0000e+00 +9.0000e+00 +2.0000e+01 +1.3000e+01 +3.0000e+00 +5.0000e+00 +2.1000e+01
106 +9.009264480e+02 +9.009264480e+02 +1.134846448e+03 +1.134846448e+03 +4.0000e+00 +5.0000e+00 +7.0000e+00 +5.0000e+00 +7.0000e+00 +1.8000e+01 +1.1000e+01 +1.0000e+00 +3.0000e+00 +1.9000e+01
% function evaluation | noise-free fitness - Fopt (-6.092000000000e+01) | best noise-free fitness - Fopt | measured fitness | best measured fitness | x1 | x2...
1 +2.279877068e+03 +2.279877068e+03 +2.218957068e+03 +2.218957068e+03 +5.0000e+00 +9.0000e+00 +1.4000e+01 +2.0000e+01 +7.0000e+00 +2.3000e+01 +1.2000e+01 +2.5000e+01 +4.0000e+00 +1.7000e+01
4 +7.921682682e+02 +7.921682682e+02 +7.312482682e+02 +7.312482682e+02 +0.0000e+00 +1.4000e+01 +1.0000e+00 +2.0000e+00 +1.0000e+01 +7.0000e+00 +1.4000e+01 +1.1000e+01 +1.1000e+01 +0.0000e+00
104 +5.144178682e+02 +5.144178682e+02 +4.534978682e+02 +4.534978682e+02 +8.0000e+00 +4.0000e+00 +0.0000e+00 +0.0000e+00 +8.0000e+00 +5.0000e+00 +1.2000e+01 +9.0000e+00 +9.0000e+00 +0.0000e+00
% function evaluation | noise-free fitness - Fopt (-1.948000000000e+01) | best noise-free fitness - Fopt | measured fitness | best measured fitness | x1 | x2...
1 +2.310632750e+03 +2.310632750e+03 +2.291152750e+03 +2.291152750e+03 +2.3000e+01 +1.0000e+00 +1.5000e+01 +1.1000e+01 +1.0000e+01 +4.0000e+00 +1.3000e+01 +1.7000e+01 +2.9000e+01 +2.0000e+00
3 +1.199080750e+03 +1.199080750e+03 +1.179600750e+03 +1.179600750e+03 +1.8000e+01 +1.0000e+01 +6.0000e+00 +1.8000e+01 +1.7000e+01 +1.0000e+01 +6.0000e+00 +6.0000e+00 +4.0000e+00 +0.0000e+00
47 +8.872327501e+02 +8.872327501e+02 +8.677527501e+02 +8.677527501e+02 +3.0000e+00 +2.7000e+01 +0.0000e+00 +2.0000e+00 +0.0000e+00 +9.0000e+00 +0.0000e+00 +7.0000e+00 +0.0000e+00 +7.0000e+00
197 +6.101399501e+02 +6.101399501e+02 +5.906599501e+02 +5.906599501e+02 +0.0000e+00 +2.4000e+01 +0.0000e+00 +0.0000e+00 +0.0000e+00 +6.0000e+00 +0.0000e+00 +4.0000e+00 +0.0000e+00 +4.0000e+00
% function evaluation | noise-free fitness - Fopt (1.344700000000e+02) | best noise-free fitness - Fopt | measured fitness | best measured fitness | x1 | x2...
1 +3.761582860e+03 +3.761582860e+03 +3.896052860e+03 +3.896052860e+03 +1.3000e+01 +4.0000e+00 +3.0000e+01 +3.0000e+00 +1.8000e+01 +2.3000e+01 +1.7000e+01 +2.0000e+00 +1.8000e+01 +2.8000e+01
3 +2.398674060e+03 +2.398674060e+03 +2.533144060e+03 +2.533144060e+03 +1.0000e+00 +2.0000e+01 +1.1000e+01 +1.7000e+01 +8.0000e+00 +3.0000e+01 +1.8000e+01 +1.4000e+01 +7.0000e+00 +0.0000e+00
5 +1.552274060e+03 +1.552274060e+03 +1.686744060e+03 +1.686744060e+03 +1.0000e+00 +1.0000e+01 +1.1000e+01 +7.0000e+00 +2.2000e+01 +9.0000e+00 +1.5000e+01 +3.0000e+00 +1.0000e+01 +1.2000e+01
129 +9.264436595e+02 +9.264436595e+02 +1.060913660e+03 +1.060913660e+03 +0.0000e+00 +2.0000e+00 +8.0000e+00 +1.2000e+01 +1.5000e+01 +3.0000e+00 +1.5000e+01 +1.0000e+01 +0.0000e+00 +0.0000e+00
% function evaluation | noise-free fitness - Fopt (4.453500000000e+02) | best noise-free fitness - Fopt | measured fitness | best measured fitness | x1 | x2...
1 +2.864619105e+03 +2.864619105e+03 +3.309969105e+03 +3.309969105e+03 +1.3000e+01 +1.4000e+01 +2.6000e+01 +2.8000e+01 +6.0000e+00 +1.6000e+01 +1.2000e+01 +6.0000e+00 +2.1000e+01 +1.2000e+01
2 +1.901123105e+03 +1.901123105e+03 +2.346473105e+03 +2.346473105e+03 +1.2000e+01 +1.0000e+01 +7.0000e+00 +1.0000e+01 +2.3000e+01 +1.0000e+01 +1.4000e+01 +6.0000e+00 +2.1000e+01 +1.6000e+01
11 +7.453535053e+02 +7.453535053e+02 +1.190703505e+03 +1.190703505e+03 +6.0000e+00 +1.0000e+00 +1.0000e+00 +8.0000e+00 +2.0000e+00 +9.0000e+00 +1.9000e+01 +0.0000e+00 +7.0000e+00 +0.0000e+00
61 +5.903231053e+02 +5.903231053e+02 +1.035673105e+03 +1.035673105e+03 +0.0000e+00 +5.0000e+00 +0.0000e+00 +7.0000e+00 +1.0000e+00 +8.0000e+00 +1.8000e+01 +0.0000e+00 +6.0000e+00 +0.0000e+00
