% function evaluation | noise-free fitness - Fopt (7.948000000000e+01) | best noise-free fitness - Fopt | measured fitness | best measured fitness | x1 | x2...
1 +4.911396817e+03 +4.911396817e+03 +4.990876817e+03 +4.990876817e+03 +1.4000e+01 +7.0000e+00 +1.7000e+01 +7.0000e+00 +2.9000e+01 +6.0000e+00 +1.6000e+01 +2.6000e+01 +1.1000e+01 +9.0000e+00 +1.8000e+01 +9.0000e+00 +1.4000e+01 +2.8000e+01 +0.0000e+00 +2.0000e+00 +7.0000e+00 +1.2000e+01 +1.8000e+01 +0.0000e+00
5 +3.246080017e+03 +3.246080017e+03 +3.325560017e+03 +3.325560017e+03 +1.0000e+01 +1.2000e+01 +0.0000e+00 +2.5000e+01 +9.0000e+00 +1.0000e+01 +3.0000e+00 +2.6000e+01 +0.0000e+00 +2.0000e+00 +1.7000e+01 +3.0000e+00 +1.3000e+01 +1.2000e+01 +2.0000e+00 +1.4000e+01 +2.4000e+01 +4.0000e+00 +6.0000e+00 +0.0000e+00
23 +2.236814417e+03 +2.236814417e+03 +2.316294417e+03 +2.316294417e+03 +9.0000e+00 +7.0000e+00 +0.0000e+00 +2.2000e+01 +6.0000e+00 +7.0000e+00 +0.0000e+00 +2.3000e+01 +0.0000e+00 +0.0000e+00 +1.4000e+01 +0.0000e+00 +1.0000e+01 +9.0000e+00 +0.0000e+00 +1.1000e+01 +2.1000e+01 +1.0000e+00 +3.0000e+00 +0.0000e+00
41 +1.570832017e+03 +1.570832017e+03 +1.650312017e+03 +1.650312017e+03 +1.2000e+01 +0.0000e+00 +0.0000e+00 +1.9000e+01 +3.0000e+00 +4.0000e+00 +0.0000e+00 +2.0000e+01 +0.0000e+00 +0.0000e+00 +1.1000e+01 +0.0000e+00 +7.0000e+00 +6.0000e+00 +0.0000e+00 +8.0000e+00 +1.8000e+01 +0.0000e+00 +0.0000e+00 +0.0000e+00
59 +9.850848173e+02 +9.850848173e+02 +1.064564817e+03 +1.064564817e+03 +7.0000e+00 +1.0000e+00 +0.0000e+00 +1.6000e+01 +0.0000e+00 +1.0000e+00 +0.0000e+00 +1.7000e+01 +0.0000e+00 +0.0000e+00 +8.0000e+00 +0.0000e+00 +4.0000e+00 +3.0000e+00 +0.0000e+00 +5.0000e+00 +1.5000e+01 +0.0000e+00 +0.0000e+00 +0.0000e+00
77 +6.060384173e+02 +6.060384173e+02 +6.855184173e+02 +6.855184173e+02 +2.0000e+00 +0.0000e+00 +0.0000e+00 +1.3000e+01 +0.0000e+00 +0.0000e+00 +0.0000e+00 +1.4000e+01 +0.0000e+00 +0.0000e+00 +5.0000e+00 +0.0000e+00 +1.0000e+00 +0.0000e+00 +0.0000e+00 +2.0000e+00 +1.2000e+01 +0.0000e+00 +0.0000e+00 +0.0000e+00
95 +3.722656173e+02 +3.722656173e+02 +4.517456173e+02 +4.517456173e+02 +0.0000e+00 +0.0000e+00 +0.0000e+00 +1.0000e+01 +0.0000e+00 +0.0000e+00 +0.0000e+00 +1.1000e+01 +0.0000e+00 +0.0000e+00 +2.0000e+00 +0.0000e+00 +0.0000e+00 +0.0000e+00 +0.0000e+00 +0.0000e+00 +9.0000e+00 +0.0000e+00 +0.0000e+00 +0.0000e+00
% function evaluation | noise-free fitness - Fopt (3.944800000000e+02) | best noise-free fitness - Fopt | measured fitness | best measured fitness | x1 | x2...
1 +6.060851682e+03 +6.060851682e+03 +6.455331682e+03 +6.455331682e+03 +1.1000e+01 +6.0000e+00 +3.0000e+00 +6.0000e+00 +3.0000e+01 +2.5000e+01 +1.2000e+01 +1.7000e+01 +1.2000e+01 +8.0000e+00 +3.0000e+00 +6.0000e+00 +1.8000e+01 +3.0000e+01 +1.4000e+01 +1.7000e+01 +2.7000e+01 +1.0000e+00 +2.1000e+01 +2.5000e+01
5 +3.726870882e+03 +3.726870882e+03 +4.121350882e+03 +4.121350882e+03 +3.0000e+00 +1.2000e+01 +9.0000e+00 +2.0000e+00 +9.0000e+00 +1.7000e+01 +1.0000e+00 +1.4000e+01 +2.6000e+01 +9.0000e+00 +4.0000e+00 +2.3000e+01 +2.7000e+01 +0.0000e+00 +0.0000e+00 +1.5000e+01 +1.7000e+01 +4.0000e+00 +0.0000e+00 +0.0000e+00
29 +2.308978082e+03 +2.308978082e+03 +2.703458082e+03 +2.703458082e+03 +3.0000e+00 +4.0000e+00 +5.0000e+00 +0.0000e+00 +5.0000e+00 +1.3000e+01 +0.0000e+00 +1.0000e+01 +2.2000e+01 +5.0000e+00 +0.0000e+00 +1.9000e+01 +2.3000e+01 +0.0000e+00 +0.0000e+00 +1.1000e+01 +1.3000e+01 +0.0000e+00 +0.0000e+00 +0.0000e+00
47 +1.529275682e+03 +1.529275682e+03 +1.923755682e+03 +1.923755682e+03 +0.0000e+00 +1.0000e+00 +2.0000e+00 +0.0000e+00 +2.0000e+00 +1.0000e+01 +0.0000e+00 +7.0000e+00 +1.9000e+01 +2.0000e+00 +0.0000e+00 +1.6000e+01 +2.0000e+01 +0.0000e+00 +0.0000e+00 +8.0000e+00 +1.0000e+01 +0.0000e+00 +0.0000e+00 +0.0000e+00
65 +9.978820819e+02 +9.978820819e+02 +1.392362082e+03 +1.392362082e+03 +0.0000e+00 +0.0000e+00 +0.0000e+00 +0.0000e+00 +0.0000e+00 +7.0000e+00 +0.0000e+00 +4.0000e+00 +1.6000e+01 +0.0000e+00 +0.0000e+00 +1.3000e+01 +1.7000e+01 +0.0000e+00 +0.0000e+00 +5.0000e+00 +7.0000e+00 +0.0000e+00 +0.0000e+00 +0.0000e+00
89 +5.460164819e+02 +5.460164819e+02 +9.404964819e+02 +9.404964819e+02 +0.0000e+00 +0.0000e+00 +0.0000e+00 +0.0000e+00 +0.0000e+00 +3.0000e+00 +0.0000e+00 +0.0000e+00 +1.2000e+01 +0.0000e+00 +0.0000e+00 +9.0000e+00 +1.3000e+01 +0.0000e+00 +0.0000e+00 +1.0000e+00 +3.0000e+00 +0.0000e+00 +0.0000e+00 +0.0000e+00
101 +3.955636819e+02 +3.955636819e+02 +7.900436819e+02 +7.900436819e+02 +0.0000e+00 +0.0000e+00 +0.0000e+00 +0.0000e+00 +0.0000e+00 +1.0000e+00 +0.0000e+00 +0.0000e+00 +1.0000e+01 +0.0000e+00 +0.0000e+00 +7.0000e+00 +1.1000e+01 +0.0000e+00 +0.0000e+00 +0.0000e+00 +1.0000e+00 +0.0000e+00 +0.0000e+00 +0.0000e+00
% function evaluation | noise-free fitness - Fopt (-2.471100000000e+02) | best noise-free fitness - Fopt | measured fitness | best measured fitness | x1 | x2...
1 +6.424597396e+03 +6.424597396e+03 +6.177487396e+03 +6.177487396e+03 +2.3000e+01 +2.3000e+01 +1.6000e+01 +2.9000e+01 +1.0000e+01 +1.0000e+00 +2.0000e+01 +2.0000e+00 +9.0000e+00 +2.1000e+01 +1.0000e+00 +0.0000e+00 +1.6000e+01 +1.1000e+01 +3.0000e+01 +3.0000e+01 +2.0000e+01 +1.5000e+01 +1.1000e+01 +2.3000e+01
2 +6.271315796e+03 +6.271315796e+03 +6.024205796e+03 +6.024205796e+03 +2.0000e+00 +1.5000e+01 +1.2000e+01 +2.5000e+01 +1.5000e+01 +2.4000e+01 +1.0000e+00 +5.0000e+00 +2.6000e+01 +2.5000e+01 +2.0000e+01 +3.0000e+01 +1.0000e+01 +7.0000e+00 +3.0000e+00 +1.0000e+01 +3.0000e+01 +2.4000e+01 +0.0000e+00 +1.9000e+01
27 +3.864952596e+03 +3.864952596e+03 +3.617842596e+03 +3.617842596e+03 +2.0000e+00 +1.0000e+00 +2.0000e+01 +0.0000e+00 +2.1000e+01 +1.0000e+00 +0.0000e+00 +1.5000e+01 +1.8000e+01 +2.5000e+01 +5.0000e+00 +1.2000e+01 +1.9000e+01 +0.0000e+00 +1.5000e+01 +0.0000e+00 +1.9000e+01 +9.0000e+00 +1.5000e+01 +2.5000e+01
51 +2.399634196e+03 +2.399634196e+03 +2.152524196e+03 +2.152524196e+03 +0.0000e+00 +0.0000e+00 +1.6000e+01 +0.0000e+00 +1.7000e+01 +0.0000e+00 +0.0000e+00 +1.1000e+01 +1.4000e+01 +2.1000e+01 +1.0000e+00 +8.0000e+00 +1.5000e+01 +0.0000e+00 +1.1000e+01 +0.0000e+00 +1.5000e+01 +5.0000e+00 +1.1000e+01 +2.1000e+01
69 +1.572438996e+03 +1.572438996e+03 +1.325328996e+03 +1.325328996e+03 +0.0000e+00 +0.0000e+00 +1.3000e+01 +0.0000e+00 +1.4000e+01 +0.0000e+00 +0.0000e+00 +8.0000e+00 +1.1000e+01 +1.8000e+01 +0.0000e+00 +5.0000e+00 +1.2000e+01 +0.0000e+00 +8.0000e+00 +0.0000e+00 +1.2000e+01 +2.0000e+00 +8.0000e+00 +1.8000e+01
87 +9.569013958e+02 +9.569013958e+02 +7.097913958e+02 +7.097913958e+02 +0.0000e+00 +0.0000e+00 +1.0000e+01 +0.0000e+00 +1.1000e+01 +0.0000e+00 +0.0000e+00 +5.0000e+00 +8.0000e+00 +1.5000e+01 +0.0000e+00 +2.0000e+00 +9.0000e+00 +0.0000e+00 +5.0000e+00 +0.0000e+00 +9.0000e+00 +0.0000e+00 +5.0000e+00 +1.5000e+01
101 +5.955509958e+02 +5.955509958e+02 +3.484409958e+02 +3.484409958e+02 +6.0000e+00 +1.2000e+01 +0.0000e+00 +0.0000e+00 +0.0000e+00 +0.0000e+00 +2.0000e+00 +0.0000e+00 +2.0000e+00 +0.0000e+00 +0.0000e+00 +0.0000e+00 +7.0000e+00 +1.2000e+01 +9.0000e+00 +0.0000e+00 +1.0000e+01 +1.0000e+00 +1.1000e+01 +0.0000e+00
% function evaluation | noise-free fitness - Fopt (-1.520400000000e+02) | best noise-free fitness - Fopt | measured fitness | best measured fitness | x1 | x2...
1 +5.065080835e+03 +5.065080835e+03 +4.913040835e+03 +4.913040835e+03 +1.9000e+01 +9.0000e+00 +1.8000e+01 +1.1000e+01 +1.2000e+01 +4.0000e+00 +0.0000e+00 +9.0000e+00 +8.0000e+00 +5.0000e+00 +1.9000e+01 +2.3000e+01 +1.0000e+01 +2.7000e+01 +2.6000e+01 +2.4000e+01 +1.6000e+01 +0.0000e+00 +4.0000e+00 +3.0000e+01
15 +3.634436035e+03 +3.634436035e+03 +3.482396035e+03 +3.482396035e+03 +5.0000e+00 +1.0000e+01 +0.0000e+00 +0.0000e+00 +2.4000e+01 +6.0000e+00 +1.0000e+00 +1.5000e+01 +0.0000e+00 +1.0000e+01 +5.0000e+00 +1.9000e+01 +2.2000e+01 +1.2000e+01 +1.8000e+01 +2.8000e+01 +0.0000e+00 +1.9000e+01 +9.0000e+00 +3.0000e+00
39 +2.285461635e+03 +2.285461635e+03 +2.133421635e+03 +2.133421635e+03 +2.0000e+00 +5.0000e+00 +0.0000e+00 +0.0000e+00 +2.0000e+01 +2.0000e+00 +0.0000e+00 +1.1000e+01 +0.0000e+00 +6.0000e+00 +1.0000e+00 +1.5000e+01 +1.8000e+01 +8.0000e+00 +1.4000e+01 +2.4000e+01 +0.0000e+00 +1.5000e+01 +5.0000e+00 +0.0000e+00
57 +1.559840835e+03 +1.559840835e+03 +1.407800835e+03 +1.407800835e+03 +0.0000e+00 +2.0000e+00 +0.0000e+00 +0.0000e+00 +1.7000e+01 +0.0000e+00 +0.0000e+00 +8.0000e+00 +0.0000e+00 +3.0000e+00 +0.0000e+00 +1.2000e+01 +1.5000e+01 +5.0000e+00 +1.1000e+01 +2.1000e+01 +0.0000e+00 +1.2000e+01 +2.0000e+00 +0.0000e+00
79 +9.348792352e+02 +9.348792352e+02 +7.828392352e+02 +7.828392352e+02 +8.0000e+00 +0.0000e+00 +5.0000e+00 +0.0000e+00 +0.0000e+00 +0.0000e+00 +0.0000e+00 +0.0000e+00 +0.0000e+00 +0.0000e+00 +6.0000e+00 +1.0000e+01 +0.0000e+00 +1.4000e+01 +1.3000e+01 +1.1000e+01 +3.0000e+00 +0.0000e+00 +0.0000e+00 +1.7000e+01
91 +6.041512352e+02 +6.041512352e+02 +4.521112352e+02 +4.521112352e+02 +2.0000e+00 +3.0000e+00 +3.0000e+00 +0.0000e+00 +0.0000e+00 +0.0000e+00 +0.0000e+00 +0.0000e+00 +0.0000e+00 +0.0000e+00 +4.0000e+00 +8.0000e+00 +0.0000e+00 +1.2000e+01 +1.1000e+01 +9.0000e+00 +1.0000e+00 +0.0000e+00 +0.0000e+00 +1.5000e+01
% function evaluation | noise-free fitness - Fopt (-2.525000000000e+01) | best noise-free fitness - Fopt | measured fitness | best measured fitness | x1 | x2...
1 +5.628938828e+03 +5.628938828e+03 +5.603688828e+03 +5.603688828e+03 +1.2000e+01 +5.0000e+00 +6.0000e+00 +1.1000e+01 +1.2000e+01 +1.9000e+01 +1.2000e+01 +1.8000e+01 +3.0000e+01 +1.4000e+01 +2.1000e+01 +1.6000e+01 +1.6000e+01 +1.6000e+01 +1.4000e+01 +1.1000e+01 +2.8000e+01 +1.9000e+01 +1.9000e+01 +1.2000e+01
5 +3.323473228e+03 +3.323473228e+03 +3.298223228e+03 +3.298223228e+03 +1.5000e+01 +1.6000e+01 +4.0000e+00 +6.0000e+00 +1.8000e+01 +2.1000e+01 +4.0000e+00 +8.0000e+00 +2.1000e+01 +9.0000e+00 +2.0000e+00 +5.0000e+00 +8.0000e+00 +2.0000e+00 +4.0000e+00 +1.5000e+01 +3.0000e+00 +1.8000e+01 +2.8000e+01 +5.0000e+00
23 +2.218559628e+03 +2.218559628e+03 +2.193309628e+03 +2.193309628e+03 +1.2000e+01 +1.3000e+01 +1.0000e+00 +3.0000e+00 +1.5000e+01 +1.8000e+01 +1.0000e+00 +5.0000e+00 +1.8000e+01 +6.0000e+00 +0.0000e+00 +2.0000e+00 +5.0000e+00 +0.0000e+00 +1.0000e+00 +1.2000e+01 +0.0000e+00 +1.5000e+01 +2.5000e+01 +2.0000e+00
41 +1.423188428e+03 +1.423188428e+03 +1.397938428e+03 +1.397938428e+03 +9.0000e+00 +1.0000e+01 +0.0000e+00 +0.0000e+00 +1.2000e+01 +1.5000e+01 +0.0000e+00 +2.0000e+00 +1.5000e+01 +3.0000e+00 +0.0000e+00 +0.0000e+00 +2.0000e+00 +0.0000e+00 +0.0000e+00 +9.0000e+00 +0.0000e+00 +1.2000e+01 +2.2000e+01 +0.0000e+00
59 +8.795660282e+02 +8.795660282e+02 +8.543160282e+02 +8.543160282e+02 +1.1000e+01 +2.0000e+00 +0.0000e+00 +0.0000e+00 +9.0000e+00 +1.2000e+01 +0.0000e+00 +0.0000e+00 +1.2000e+01 +0.0000e+00 +0.0000e+00 +0.0000e+00 +0.0000e+00 +0.0000e+00 +0.0000e+00 +6.0000e+00 +0.0000e+00 +9.0000e+00 +1.9000e+01 +0.0000e+00
71 +6.240652282e+02 +6.240652282e+02 +5.988152282e+02 +5.988152282e+02 +9.0000e+00 +0.0000e+00 +0.0000e+00 +0.0000e+00 +7.0000e+00 +1.0000e+01 +0.0000e+00 +0.0000e+00 +1.0000e+01 +0.0000e+00 +0.0000e+00 +0.0000e+00 +0.0000e+00 +0.0000e+00 +0.0000e+00 +4.0000e+00 +0.0000e+00 +7.0000e+00 +1.7000e+01 +0.0000e+00
89 +3.558364282e+02 +3.558364282e+02 +3.305864282e+02 +3.305864282e+02 +2.0000e+00 +4.0000e+00 +0.0000e+00 +0.0000e+00 +4.0000e+00 +7.0000e+00 +0.0000e+00 +0.0000e+00 +7.0000e+00 +0.0000e+00 +0.0000e+00 +0.0000e+00 +0.0000e+00 +0.0000e+00 +0.0000e+00 +1.0000e+00 +0.0000e+00 +4.0000e+00 +1.4000e+01 +0.0000e+00
101 +2.467068282e+02 +2.467068282e+02 +2.214568282e+02 +2.214568282e+02 +0.0000e+00 +2.0000e+00 +0.0000e+00 +0.0000e+00 +2.0000e+00 +5.0000e+00 +0.0000e+00 +0.0000e+00 +5.0000e+00 +0.0000e+00 +0.0000e+00 +0.0000e+00 +0.0000e+00 +0.0000e+00 +0.0000e+00 +0.0000e+00 +0.0000e+00 +2.0000e+00 +1.2000e+01 +0.0000e+00
% function evaluation | noise-free fitness - Fopt (2.230000000000e+00) | best noise-free fitness - Fopt | measured fitness | best measured fitness | x1 | x2...
1 +7.259332983e+03 +7.259332983e+03 +7.261562983e+03 +7.261562983e+03 +2.6000e+01 +0.0000e+00 +1.8000e+01 +9.0000e+00 +0.0000e+00 +2.2000e+01 +1.7000e+01 +2.9000e+01 +3.0000e+00 +2.4000e+01 +1.7000e+01 +5.0000e+00 +2.6000e+01 +3.0000e+01 +1.0000e+01 +2.7000e+01 +8.0000e+00 +0.0000e+00 +2.0000e+01 +2.0000e+01
2 +5.739067383e+03 +5.739067383e+03 +5.741297383e+03 +5.741297383e+03 +1.0000e+00 +1.8000e+01 +1.7000e+01 +1.7000e+01 +9.0000e+00 +1.1000e+01 +1.1000e+01 +1.8000e+01 +7.0000e+00 +4.0000e+00 +7.0000e+00 +2.2000e+01 +1.8000e+01 +2.5000e+01 +6.0000e+00 +2.0000e+01 +2.9000e+01 +3.0000e+01 +8.0000e+00 +1.0000e+00
17 +3.823854583e+03 +3.823854583e+03 +3.826084583e+03 +3.826084583e+03 +6.0000e+00 +0.0000e+00 +1.4000e+01 +0.0000e+00 +2.4000e+01 +0.0000e+00 +1.0000e+01 +1.5000e+01 +5.0000e+00 +2.5000e+01 +7.0000e+00 +2.0000e+01 +0.0000e+00 +9.0000e+00 +1.4000e+01 +2.8000e+01 +1.8000e+01 +6.0000e+00 +0.0000e+00 +2.0000e+00
41 +2.451472183e+03 +2.451472183e+03 +2.453702183e+03 +2.453702183e+03 +0.0000e+00 +1.0000e+00 +1.0000e+01 +0.0000e+00 +2.0000e+01 +0.0000e+00 +6.0000e+00 +1.1000e+01 +1.0000e+00 +2.1000e+01 +3.0000e+00 +1.6000e+01 +0.0000e+00 +5.0000e+00 +1.0000e+01 +2.4000e+01 +1.4000e+01 +2.0000e+00 +0.0000e+00 +0.0000e+00
65 +1.451593783e+03 +1.451593783e+03 +1.453823783e+03 +1.453823783e+03 +0.0000e+00 +0.0000e+00 +6.0000e+00 +0.0000e+00 +1.6000e+01 +0.0000e+00 +2.0000e+00 +7.0000e+00 +0.0000e+00 +1.7000e+01 +0.0000e+00 +1.2000e+01 +0.0000e+00 +1.0000e+00 +6.0000e+00 +2.0000e+01 +1.0000e+01 +0.0000e+00 +0.0000e+00 +0.0000e+00
83 +9.348737830e+02 +9.348737830e+02 +9.371037830e+02 +9.371037830e+02 +0.0000e+00 +0.0000e+00 +3.0000e+00 +0.0000e+00 +1.3000e+01 +0.0000e+00 +0.0000e+00 +4.0000e+00 +0.0000e+00 +1.4000e+01 +0.0000e+00 +9.0000e+00 +0.0000e+00 +0.0000e+00 +3.0000e+00 +1.7000e+01 +7.0000e+00 +0.0000e+00 +0.0000e+00 +0.0000e+00
98 +5.930785830e+02 +5.930785830e+02 +5.953085830e+02 +5.953085830e+02 +0.0000e+00 +0.0000e+00 +1.0000e+00 +1.0000e+00 +0.0000e+00 +0.0000e+00 +0.0000e+00 +2.0000e+00 +0.0000e+00 +0.0000e+00 +0.0000e+00 +6.0000e+00 +2.0000e+00 +9.0000e+00 +0.0000e+00 +4.0000e+00 +1.3000e+01 +1.4000e+01 +0.0000e+00 +0.0000e+00
169 +3.707089830e+02 +3.707089830e+02 +3.729389830e+02 +3.729389830e+02 +8.0000e+00 +0.0000e+00 +0.0000e+00 +0.0000e+00 +0.0000e+00 +0.0000e+00 +6.0000e+00 +0.0000e+00 +0.0000e+00 +8.0000e+00 +8.0000e+00 +0.0000e+00 +0.0000e+00 +0.0000e+00 +0.0000e+00 +0.0000e+00 +9.0000e+00 +5.0000e+00 +7.0000e+00 +0.0000e+00
181 +2.458497830e+02 +2.458497830e+02 +2.480797830e+02 +2.480797830e+02 +2.0000e+00 +3.0000e+00 +0.0000e+00 +0.0000e+00 +0.0000e+00 +0.0000e+00 +4.0000e+00 +0.0000e+00 +0.0000e+00 +6.0000e+00 +6.0000e+00 +0.0000e+00 +0.0000e+00 +0.0000e+00 +0.0000e+00 +0.0000e+00 +7.0000e+00 +3.0000e+00 +5.0000e+00 +0.0000e+00
193 +1.530913830e+02 +1.530913830e+02 +1.553213830e+02 +1.553213830e+02 +0.0000e+00 +1.0000e+00 +0.0000e+00 +0.0000e+00 +0.0000e+00 +0.0000e+00 +2.0000e+00 +0.0000e+00 +0.0000e+00 +4.0000e+00 +4.0000e+00 +0.0000e+00 +0.0000e+00 +0.0000e+00 +0.0000e+00 +0.0000e+00 +5.0000e+00 +1.0000e+00 +3.0000e+00 +0.0000e+00
% function evaluation | noise-free fitness - Fopt (-1.308000000000e+01) | best noise-free fitness - Fopt | measured fitness | best measured fitness | x1 | x2...
1 +6.779604947e+03 +6.779604947e+03 +6.766524947e+03 +6.766524947e+03 +1.7000e+01 +2.2000e+01 +1.3000e+01 +2.2000e+01 +2.9000e+01 +1.3000e+01 +1.2000e+01 +1.2000e+01 +1.2000e+01 +2.1000e+01 +1.6000e+01 +1.1000e+01 +6.0000e+00 +6.0000e+00 +1.6000e+01 +3.0000e+01 +1.5000e+01 +2.9000e+01 +1.1000e+01 +2.4000e+01
2 +5.241552147e+03 +5.241552147e+03 +5.228472147e+03 +5.228472147e+03 +1.8000e+01 +1.8000e+01 +1.4000e+01 +7.0000e+00 +7.0000e+00 +1.2000e+01 +2.9000e+01 +2.4000e+01 +0.0000e+00 +1.4000e+01 +1.0000e+01 +1.9000e+01 +1.0000e+01 +1.4000e+01 +2.0000e+01 +1.6000e+01 +9.0000e+00 +1.0000e+01 +7.0000e+00 +3.0000e+01
12 +3.826904147e+03 +3.826904147e+03 +3.813824147e+03 +3.813824147e+03 +1.6000e+01 +7.0000e+00 +4.0000e+00 +2.7000e+01 +9.0000e+00 +1.8000e+01 +1.2000e+01 +0.0000e+00 +2.1000e+01 +2.8000e+01 +8.0000e+00 +1.5000e+01 +9.0000e+00 +1.9000e+01 +8.0000e+00 +0.0000e+00 +7.0000e+00 +9.0000e+00 +0.0000e+00 +6.0000e+00
36 +2.344491347e+03 +2.344491347e+03 +2.331411347e+03 +2.331411347e+03 +8.0000e+00 +7.0000e+00 +0.0000e+00 +2.3000e+01 +5.0000e+00 +1.4000e+01 +8.0000e+00 +0.0000e+00 +1.7000e+01 +2.4000e+01 +4.0000e+00 +1.1000e+01 +5.0000e+00 +1.5000e+01 +4.0000e+00 +0.0000e+00 +3.0000e+00 +5.0000e+00 +0.0000e+00 +2.0000e+00
54 +1.575121747e+03 +1.575121747e+03 +1.562041747e+03 +1.562041747e+03 +4.0000e+00 +5.0000e+00 +0.0000e+00 +2.0000e+01 +2.0000e+00 +1.1000e+01 +5.0000e+00 +0.0000e+00 +1.4000e+01 +2.1000e+01 +1.0000e+00 +8.0000e+00 +2.0000e+00 +1.2000e+01 +1.0000e+00 +0.0000e+00 +0.0000e+00 +2.0000e+00 +0.0000e+00 +0.0000e+00
78 +9.172033466e+02 +9.172033466e+02 +9.041233466e+02 +9.041233466e+02 +0.0000e+00 +4.0000e+00 +0.0000e+00 +1.6000e+01 +0.0000e+00 +7.0000e+00 +1.0000e+00 +0.0000e+00 +1.0000e+01 +1.7000e+01 +0.0000e+00 +4.0000e+00 +0.0000e+00 +8.0000e+00 +0.0000e+00 +0.0000e+00 +0.0000e+00 +0.0000e+00 +0.0000e+00 +0.0000e+00
92 +5.866177466e+02 +5.866177466e+02 +5.735377466e+02 +5.735377466e+02 +3.0000e+00 +3.0000e+00 +0.0000e+00 +0.0000e+00 +0.0000e+00 +0.0000e+00 +1.4000e+01 +9.0000e+00 +0.0000e+00 +0.0000e+00 +0.0000e+00 +4.0000e+00 +0.0000e+00 +0.0000e+00 +5.0000e+00 +1.0000e+00 +0.0000e+00 +0.0000e+00 +0.0000e+00 +1.5000e+01
% function evaluation | noise-free fitness - Fopt (2.671600000000e+02) | best noise-free fitness - Fopt | measured fitness | best measured fitness | x1 | x2...
1 +7.655593784e+03 +7.655593784e+03 +7.922753784e+03 +7.922753784e+03 +1.9000e+01 +2.7000e+01 +1.6000e+01 +2.8000e+01 +1.5000e+01 +2.6000e+01 +2.6000e+01 +6.0000e+00 +3.0000e+01 +3.0000e+01 +2.2000e+01 +1.4000e+01 +1.2000e+01 +4.0000e+00 +8.0000e+00 +6.0000e+00 +0.0000e+00 +1.6000e+01 +4.0000e+00 +1.0000e+01
11 +5.833556984e+03 +5.833556984e+03 +6.100716984e+03 +6.100716984e+03 +8.0000e+00 +1.8000e+01 +1.6000e+01 +2.8000e+01 +6.0000e+00 +1.0000e+00 +1.5000e+01 +1.3000e+01 +2.8000e+01 +4.0000e+00 +0.0000e+00 +1.3000e+01 +1.0000e+01 +4.0000e+00 +1.5000e+01 +1.7000e+01 +1.5000e+01 +2.4000e+01 +2.9000e+01 +9.0000e+00
35 +3.819366584e+03 +3.819366584e+03 +4.086526584e+03 +4.086526584e+03 +4.0000e+00 +1.4000e+01 +1.2000e+01 +2.4000e+01 +2.0000e+00 +0.0000e+00 +1.1000e+01 +9.0000e+00 +2.4000e+01 +0.0000e+00 +0.0000e+00 +9.0000e+00 +6.0000e+00 +0.0000e+00 +1.1000e+01 +1.3000e+01 +1.1000e+01 +2.0000e+01 +2.5000e+01 +5.0000e+00
59 +2.296915384e+03 +2.296915384e+03 +2.564075384e+03 +2.564075384e+03 +8.0000e+00 +2.0000e+00 +8.0000e+00 +2.0000e+01 +0.0000e+00 +0.0000e+00 +7.0000e+00 +5.0000e+00 +2.0000e+01 +0.0000e+00 +0.0000e+00 +5.0000e+00 +2.0000e+00 +0.0000e+00 +7.0000e+00 +9.0000e+00 +7.0000e+00 +1.6000e+01 +2.1000e+01 +1.0000e+00
77 +1.512203384e+03 +1.512203384e+03 +1.779363384e+03 +1.779363384e+03 +0.0000e+00 +5.0000e+00 +5.0000e+00 +1.7000e+01 +0.0000e+00 +0.0000e+00 +4.0000e+00 +2.0000e+00 +1.7000e+01 +0.0000e+00 +0.0000e+00 +2.0000e+00 +0.0000e+00 +0.0000e+00 +4.0000e+00 +6.0000e+00 +4.0000e+00 +1.3000e+01 +1.8000e+01 +0.0000e+00
182 +9.975457843e+02 +9.975457843e+02 +1.264705784e+03 +1.264705784e+03 +0.0000e+00 +7.0000e+00 +0.0000e+00 +0.0000e+00 +1.0000e+00 +0.0000e+00 +0.0000e+00 +1.4000e+01 +0.0000e+00 +3.0000e+00 +0.0000e+00 +1.7000e+01 +0.0000e+00 +1.1000e+01 +0.0000e+00 +7.0000e+00 +0.0000e+00 +1.1000e+01 +0.0000e+00 +0.0000e+00
198 +6.242641843e+02 +6.242641843e+02 +8.914241843e+02 +8.914241843e+02 +5.0000e+00 +6.0000e+00 +0.0000e+00 +0.0000e+00 +1.5000e+01 +0.0000e+00 +0.0000e+00 +0.0000e+00 +0.0000e+00 +0.0000e+00 +0.0000e+00 +0.0000e+00 +3.0000e+00 +0.0000e+00 +7.0000e+00 +0.0000e+00 +3.0000e+00 +1.5000e+01 +0.0000e+00 +0.0000e+00
% function evaluation | noise-free fitness - Fopt (3.710000000000e+00) | best noise-free fitness - Fopt | measured fitness | best measured fitness | x1 | x2...
1 +7.687076509e+03 +7.687076509e+03 +7.690786509e+03 +7.690786509e+03 +2.7000e+01 +1.2000e+01 +2.1000e+01 +1.8000e+01 +1.3000e+01 +2.0000e+00 +2.9000e+01 +1.9000e+01 +2.3000e+01 +1.1000e+01 +2.2000e+01 +2.8000e+01 +2.6000e+01 +1.0000e+01 +9.0000e+00 +2.6000e+01 +3.0000e+00 +7.0000e+00 +1.3000e+01 +2.1000e+01
3 +5.668590109e+03 +5.668590109e+03 +5.672300109e+03 +5.672300109e+03 +7.0000e+00 +7.0000e+00 +1.8000e+01 +2.0000e+00 +3.0000e+00 +1.0000e+00 +1.1000e+01 +1.4000e+01 +2.4000e+01 +2.8000e+01 +1.0000e+01 +1.7000e+01 +2.4000e+01 +1.6000e+01 +2.0000e+01 +8.0000e+00 +1.1000e+01 +2.9000e+01 +3.0000e+00 +2.1000e+01
27 +3.674718109e+03 +3.674718109e+03 +3.678428109e+03 +3.678428109e+03 +3.0000e+00 +3.0000e+00 +1.4000e+01 +0.0000e+00 +0.0000e+00 +0.0000e+00 +7.0000e+00 +1.0000e+01 +2.0000e+01 +2.4000e+01 +6.0000e+00 +1.3000e+01 +2.0000e+01 +1.2000e+01 +1.6000e+01 +4.0000e+00 +7.0000e+00 +2.5000e+01 +0.0000e+00 +1.7000e+01
51 +2.234108509e+03 +2.234108509e+03 +2.237818509e+03 +2.237818509e+03 +0.0000e+00 +0.0000e+00 +1.0000e+01 +0.0000e+00 +0.0000e+00 +0.0000e+00 +3.0000e+00 +6.0000e+00 +1.6000e+01 +2.0000e+01 +2.0000e+00 +9.0000e+00 +1.6000e+01 +8.0000e+00 +1.2000e+01 +0.0000e+00 +3.0000e+00 +2.1000e+01 +0.0000e+00 +1.3000e+01
69 +1.473002909e+03 +1.473002909e+03 +1.476712909e+03 +1.476712909e+03 +0.0000e+00 +0.0000e+00 +7.0000e+00 +0.0000e+00 +0.0000e+00 +0.0000e+00 +0.0000e+00 +3.0000e+00 +1.3000e+01 +1.7000e+01 +0.0000e+00 +6.0000e+00 +1.3000e+01 +5.0000e+00 +9.0000e+00 +0.0000e+00 +0.0000e+00 +1.8000e+01 +0.0000e+00 +1.0000e+01
87 +9.352781094e+02 +9.352781094e+02 +9.389881094e+02 +9.389881094e+02 +0.0000e+00 +0.0000e+00 +4.0000e+00 +0.0000e+00 +0.0000e+00 +0.0000e+00 +0.0000e+00 +0.0000e+00 +1.0000e+01 +1.4000e+01 +0.0000e+00 +3.0000e+00 +1.0000e+01 +2.0000e+00 +6.0000e+00 +0.0000e+00 +0.0000e+00 +1.5000e+01 +0.0000e+00 +7.0000e+00
100 +5.784493094e+02 +5.784493094e+02 +5.821593094e+02 +5.821593094e+02 +0.0000e+00 +0.0000e+00 +0.0000e+00 +8.0000e+00 +0.0000e+00 +1.3000e+01 +0.0000e+00 +1.2000e+01 +0.0000e+00 +9.0000e+00 +0.0000e+00 +0.0000e+00 +0.0000e+00 +5.0000e+00 +0.0000e+00 +3.0000e+00 +1.0000e+00 +0.0000e+00 +3.0000e+00 +0.0000e+00
200 +3.880109094e+02 +3.880109094e+02 +3.917209094e+02 +3.917209094e+02 +1.2000e+01 +2.0000e+00 +0.0000e+00 +5.0000e+00 +0.0000e+00 +0.0000e+00 +0.0000e+00 +0.0000e+00 +0.0000e+00 +0.0000e+00 +0.0000e+00 +0.0000e+00 +6.0000e+00 +0.0000e+00 +0.0000e+00 +0.0000e+00 +5.0000e+00 +3.0000e+00 +0.0000e+00 +8.0000e+00
% function evaluation | noise-free fitness - Fopt (9.478000000000e+01) | best noise-free fitness - Fopt | measured fitness | best measured fitness | x1 | x2...
1 +6.440898233e+03 +6.440898233e+03 +6.535678233e+03 +6.535678233e+03 +1.7000e+01 +1.4000e+01 +2.2000e+01 +5.0000e+00 +2.0000e+01 +2.0000e+01 +9.0000e+00 +2.7000e+01 +2.3000e+01 +1.5000e+01 +1.1000e+01 +2.1000e+01 +2.8000e+01 +3.0000e+01 +7.0000e+00 +2.0000e+00 +7.0000e+00 +2.7000e+01 +1.7000e+01 +1.0000e+01
2 +4.597890233e+03 +4.597890233e+03 +4.692670233e+03 +4.692670233e+03 +0.0000e+00 +8.0000e+00 +1.8000e+01 +1.4000e+01 +0.0000e+00 +5.0000e+00 +2.4000e+01 +7.0000e+00 +4.0000e+00 +1.9000e+01 +2.7000e+01 +1.8000e+01 +1.0000e+00 +1.6000e+01 +4.0000e+00 +2.3000e+01 +2.0000e+00 +2.7000e+01 +4.0000e+00 +2.1000e+01
14 +3.723331833e+03 +3.723331833e+03 +3.818111833e+03 +3.818111833e+03 +0.0000e+00 +6.0000e+00 +1.6000e+01 +1.2000e+01 +0.0000e+00 +3.0000e+00 +2.2000e+01 +5.0000e+00 +2.0000e+00 +1.7000e+01 +2.5000e+01 +1.6000e+01 +0.0000e+00 +1.4000e+01 +2.0000e+00 +2.1000e+01 +0.0000e+00 +2.5000e+01 +2.0000e+00 +1.9000e+01
38 +2.315280633e+03 +2.315280633e+03 +2.410060633e+03 +2.410060633e+03 +2.0000e+00 +0.0000e+00 +1.2000e+01 +8.0000e+00 +0.0000e+00 +0.0000e+00 +1.8000e+01 +1.0000e+00 +0.0000e+00 +1.3000e+01 +2.1000e+01 +1.2000e+01 +0.0000e+00 +1.0000e+01 +0.0000e+00 +1.7000e+01 +0.0000e+00 +2.1000e+01 +0.0000e+00 +1.5000e+01
56 +1.538040633e+03 +1.538040633e+03 +1.632820633e+03 +1.632820633e+03 +0.0000e+00 +0.0000e+00 +9.0000e+00 +5.0000e+00 +0.0000e+00 +0.0000e+00 +1.5000e+01 +0.0000e+00 +0.0000e+00 +1.0000e+01 +1.8000e+01 +9.0000e+00 +0.0000e+00 +7.0000e+00 +0.0000e+00 +1.4000e+01 +0.0000e+00 +1.8000e+01 +0.0000e+00 +1.2000e+01
74 +9.382614330e+02 +9.382614330e+02 +1.033041433e+03 +1.033041433e+03 +0.0000e+00 +0.0000e+00 +6.0000e+00 +2.0000e+00 +0.0000e+00 +0.0000e+00 +1.2000e+01 +0.0000e+00 +0.0000e+00 +7.0000e+00 +1.5000e+01 +6.0000e+00 +0.0000e+00 +4.0000e+00 +0.0000e+00 +1.1000e+01 +0.0000e+00 +1.5000e+01 +0.0000e+00 +9.0000e+00
92 +5.244918330e+02 +5.244918330e+02 +6.192718330e+02 +6.192718330e+02 +0.0000e+00 +0.0000e+00 +3.0000e+00 +0.0000e+00 +0.0000e+00 +0.0000e+00 +9.0000e+00 +0.0000e+00 +0.0000e+00 +4.0000e+00 +1.2000e+01 +3.0000e+00 +0.0000e+00 +1.0000e+00 +0.0000e+00 +8.0000e+00 +0.0000e+00 +1.2000e+01 +0.0000e+00 +6.0000e+00
200 +3.789062330e+02 +3.789062330e+02 +4.736862330e+02 +4.736862330e+02 +0.0000e+00 +0.0000e+00 +0.0000e+00 +0.0000e+00 +9.0000e+00 +0.0000e+00 +0.0000e+00 +0.0000e+00 +0.0000e+00 +0.0000e+00 +4.0000e+00 +0.0000e+00 +0.0000e+00 +0.0000e+00 +7.0000e+00 +0.0000e+00 +1.2000e+01 +8.0000e+00 +7.0000e+00 +0.0000e+00
% function evaluation | noise-free fitness - Fopt (2.339200000000e+02) | best noise-free fitness - Fopt | measured fitness | best measured fitness | x1 | x2...
1 +5.468489420e+03 +5.468489420e+03 +5.702409420e+03 +5.702409420e+03 +1.2000e+01 +1.5000e+01 +2.5000e+01 +1.5000e+01 +0.0000e+00 +2.0000e+01 +2.0000e+01 +1.6000e+01 +0.0000e+00 +2.6000e+01 +2.0000e+00 +2.3000e+01 +2.0000e+01 +1.4000e+01 +1.8000e+01 +2.0000e+00 +2.3000e+01 +0.0000e+00 +1.9000e+01 +6.0000e+00
18 +3.916620620e+03 +3.916620620e+03 +4.150540620e+03 +4.150540620e+03 +2.3000e+01 +1.2000e+01 +1.6000e+01 +2.1000e+01 +2.6000e+01 +2.3000e+01 +0.0000e+00 +3.0000e+00 +6.0000e+00 +0.0000e+00 +1.0000e+01 +1.6000e+01 +1.2000e+01 +1.2000e+01 +0.0000e+00 +1.4000e+01 +1.0000e+01 +4.0000e+00 +0.0000e+00 +9.0000e+00
41 +2.381996620e+03 +2.381996620e+03 +2.615916620e+03 +2.615916620e+03 +7.0000e+00 +2.0000e+00 +5.0000e+00 +1.2000e+01 +1.3000e+01 +1.8000e+01 +8.0000e+00 +1.7000e+01 +1.4000e+01 +1.3000e+01 +4.0000e+00 +0.0000e+00 +2.3000e+01 +5.0000e+00 +1.6000e+01 +0.0000e+00 +5.0000e+00 +7.0000e+00 +0.0000e+00 +0.0000e+00
59 +1.485612620e+03 +1.485612620e+03 +1.719532620e+03 +1.719532620e+03 +4.0000e+00 +0.0000e+00 +2.0000e+00 +9.0000e+00 +1.0000e+01 +1.5000e+01 +5.0000e+00 +1.4000e+01 +1.1000e+01 +1.0000e+01 +1.0000e+00 +0.0000e+00 +2.0000e+01 +2.0000e+00 +1.3000e+01 +0.0000e+00 +2.0000e+00 +4.0000e+00 +0.0000e+00 +0.0000e+00
77 +8.605870195e+02 +8.605870195e+02 +1.094507020e+03 +1.094507020e+03 +0.0000e+00 +1.0000e+00 +0.0000e+00 +6.0000e+00 +7.0000e+00 +1.2000e+01 +2.0000e+00 +1.1000e+01 +8.0000e+00 +7.0000e+00 +0.0000e+00 +0.0000e+00 +1.7000e+01 +0.0000e+00 +1.0000e+01 +0.0000e+00 +0.0000e+00 +1.0000e+00 +0.0000e+00 +0.0000e+00
89 +5.908926195e+02 +5.908926195e+02 +8.248126195e+02 +8.248126195e+02 +0.0000e+00 +0.0000e+00 +0.0000e+00 +4.0000e+00 +5.0000e+00 +1.0000e+01 +0.0000e+00 +9.0000e+00 +6.0000e+00 +5.0000e+00 +0.0000e+00 +0.0000e+00 +1.5000e+01 +0.0000e+00 +8.0000e+00 +0.0000e+00 +0.0000e+00 +0.0000e+00 +0.0000e+00 +0.0000e+00
101 +3.849246195e+02 +3.849246195e+02 +6.188446195e+02 +6.188446195e+02 +0.0000e+00 +0.0000e+00 +0.0000e+00 +2.0000e+00 +3.0000e+00 +8.0000e+00 +0.0000e+00 +7.0000e+00 +4.0000e+00 +3.0000e+00 +0.0000e+00 +0.0000e+00 +1.3000e+01 +0.0000e+00 +6.0000e+00 +0.0000e+00 +0.0000e+00 +0.0000e+00 +0.0000e+00 +0.0000e+00
% function evaluation | noise-free fitness - Fopt (-6.092000000000e+01) | best noise-free fitness - Fopt | measured fitness | best measured fitness | x1 | x2...
1 +6.517062836e+03 +6.517062836e+03 +6.456142836e+03 +6.456142836e+03 +2.3000e+01 +1.4000e+01 +1.0000e+01 +2.2000e+01 +1.7000e+01 +2.3000e+01 +0.0000e+00 +1.0000e+01 +1.7000e+01 +0.0000e+00 +1.5000e+01 +3.0000e+00 +6.0000e+00 +1.8000e+01 +2.9000e+01 +1.7000e+01 +2.8000e+01 +4.0000e+00 +3.0000e+01 +2.3000e+01
2 +5.936798836e+03 +5.936798836e+03 +5.875878836e+03 +5.875878836e+03 +3.0000e+00 +1.4000e+01 +5.0000e+00 +8.0000e+00 +9.0000e+00 +1.6000e+01 +2.8000e+01 +2.0000e+00 +5.0000e+00 +1.5000e+01 +2.0000e+00 +2.4000e+01 +2.5000e+01 +2.5000e+01 +3.0000e+01 +1.8000e+01 +7.0000e+00 +4.0000e+00 +2.5000e+01 +2.0000e+01
12 +3.926168436e+03 +3.926168436e+03 +3.865248436e+03 +3.865248436e+03 +1.1000e+01 +2.7000e+01 +1.0000e+01 +0.0000e+00 +1.4000e+01 +0.0000e+00 +7.0000e+00 +2.9000e+01 +1.0000e+01 +2.0000e+01 +4.0000e+00 +7.0000e+00 +4.0000e+00 +7.0000e+00 +0.0000e+00 +1.6000e+01 +2.1000e+01 +1.2000e+01 +0.0000e+00 +1.7000e+01
36 +2.417112436e+03 +2.417112436e+03 +2.356192436e+03 +2.356192436e+03 +7.0000e+00 +2.3000e+01 +6.0000e+00 +0.0000e+00 +1.0000e+01 +0.0000e+00 +3.0000e+00 +2.5000e+01 +6.0000e+00 +1.6000e+01 +0.0000e+00 +3.0000e+00 +0.0000e+00 +3.0000e+00 +0.0000e+00 +1.2000e+01 +1.7000e+01 +8.0000e+00 +0.0000e+00 +1.3000e+01
60 +1.426131636e+03 +1.426131636e+03 +1.365211636e+03 +1.365211636e+03 +3.0000e+00 +1.9000e+01 +2.0000e+00 +0.0000e+00 +6.0000e+00 +0.0000e+00 +0.0000e+00 +2.1000e+01 +2.0000e+00 +1.2000e+01 +0.0000e+00 +0.0000e+00 +0.0000e+00 +0.0000e+00 +0.0000e+00 +8.0000e+00 +1.3000e+01 +4.0000e+00 +0.0000e+00 +9.0000e+00
78 +9.130724365e+02 +9.130724365e+02 +8.521524365e+02 +8.521524365e+02 +0.0000e+00 +1.6000e+01 +0.0000e+00 +0.0000e+00 +3.0000e+00 +0.0000e+00 +0.0000e+00 +1.8000e+01 +0.0000e+00 +9.0000e+00 +0.0000e+00 +0.0000e+00 +0.0000e+00 +0.0000e+00 +0.0000e+00 +5.0000e+00 +1.0000e+01 +1.0000e+00 +0.0000e+00 +6.0000e+00
90 +5.653156365e+02 +5.653156365e+02 +5.043956365e+02 +5.043956365e+02 +6.0000e+00 +7.0000e+00 +0.0000e+00 +0.0000e+00 +1.0000e+00 +0.0000e+00 +0.0000e+00 +1.6000e+01 +0.0000e+00 +7.0000e+00 +0.0000e+00 +0.0000e+00 +0.0000e+00 +0.0000e+00 +0.0000e+00 +3.0000e+00 +8.0000e+00 +0.0000e+00 +0.0000e+00 +4.0000e+00
102 +3.726884365e+02 +3.726884365e+02 +3.117684365e+02 +3.117684365e+02 +4.0000e+00 +5.0000e+00 +0.0000e+00 +0.0000e+00 +0.0000e+00 +0.0000e+00 +0.0000e+00 +1.4000e+01 +0.0000e+00 +5.0000e+00 +0.0000e+00 +0.0000e+00 +0.0000e+00 +0.0000e+00 +0.0000e+00 +1.0000e+00 +6.0000e+00 +0.0000e+00 +0.0000e+00 +2.0000e+00
184 +2.454596365e+02 +2.454596365e+02 +1.845396365e+02 +1.845396365e+02 +5.0000e+00 +0.0000e+00 +9.0000e+00 +5.0000e+00 +0.0000e+00 +1.1000e+01 +1.0000e+00 +0.0000e+00 +0.0000e+00 +0.0000e+00 +0.0000e+00 +1.0000e+00 +0.0000e+00 +1.0000e+00 +0.0000e+00 +0.0000e+00 +1.0000e+00 +0.0000e+00 +0.0000e+00 +0.0000e+00
196 +1.584820365e+02 +1.584820365e+02 +9.756203648e+01 +9.756203648e+01 +0.0000e+00 +3.0000e+00 +7.0000e+00 +3.0000e+00 +0.0000e+00 +9.0000e+00 +0.0000e+00 +0.0000e+00 +0.0000e+00 +0.0000e+00 +0.0000e+00 +0.0000e+00 +0.0000e+00 +0.0000e+00 +0.0000e+00 +0.0000e+00 +0.0000e+00 +0.0000e+00 +0.0000e+00 +0.0000e+00
% function evaluation | noise-free fitness - Fopt (-1.948000000000e+01) | best noise-free fitness - Fopt | measured fitness | best measured fitness | x1 | x2...
1 +6.866696972e+03 +6.866696972e+03 +6.847216972e+03 +6.847216972e+03 +2.0000e+01 +3.0000e+00 +1.0000e+00 +1.0000e+01 +2.4000e+01 +2.8000e+01 +1.0000e+00 +2.2000e+01 +3.0000e+01 +2.2000e+01 +8.0000e+00 +2.0000e+01 +3.0000e+01 +2.5000e+01 +6.0000e+00 +1.5000e+01 +1.5000e+01 +1.7000e+01 +2.6000e+01 +0.0000e+00
4 +6.250404172e+03 +6.250404172e+03 +6.230924172e+03 +6.230924172e+03 +1.0000e+01 +8.0000e+00 +1.6000e+01 +1.0000e+01 +2.8000e+01 +1.8000e+01 +0.0000e+00 +0.0000e+00 +2.8000e+01 +3.0000e+01 +1.0000e+01 +2.9000e+01 +2.6000e+01 +4.0000e+00 +2.8000e+01 +1.5000e+01 +1.7000e+01 +8.0000e+00 +1.0000e+01 +1.2000e+01
11 +3.748418572e+03 +3.748418572e+03 +3.728938572e+03 +3.728938572e+03 +0.0000e+00 +0.0000e+00 +6.0000e+00 +1.0000e+01 +1.6000e+01 +0.0000e+00 +0.0000e+00 +5.0000e+00 +1.2000e+01 +2.0000e+01 +2.8000e+01 +1.7000e+01 +9.0000e+00 +0.0000e+00 +1.1000e+01 +2.4000e+01 +1.4000e+01 +2.4000e+01 +1.1000e+01 +7.0000e+00
35 +2.325244172e+03 +2.325244172e+03 +2.305764172e+03 +2.305764172e+03 +0.0000e+00 +0.0000e+00 +2.0000e+00 +6.0000e+00 +1.2000e+01 +0.0000e+00 +0.0000e+00 +1.0000e+00 +8.0000e+00 +1.6000e+01 +2.4000e+01 +1.3000e+01 +5.0000e+00 +0.0000e+00 +7.0000e+00 +2.0000e+01 +1.0000e+01 +2.0000e+01 +7.0000e+00 +3.0000e+00
53 +1.577256972e+03 +1.577256972e+03 +1.557776972e+03 +1.557776972e+03 +0.0000e+00 +0.0000e+00 +0.0000e+00 +3.0000e+00 +9.0000e+00 +0.0000e+00 +0.0000e+00 +0.0000e+00 +5.0000e+00 +1.3000e+01 +2.1000e+01 +1.0000e+01 +2.0000e+00 +0.0000e+00 +4.0000e+00 +1.7000e+01 +7.0000e+00 +1.7000e+01 +4.0000e+00 +0.0000e+00
77 +9.071817722e+02 +9.071817722e+02 +8.877017722e+02 +8.877017722e+02 +0.0000e+00 +0.0000e+00 +0.0000e+00 +0.0000e+00 +5.0000e+00 +0.0000e+00 +0.0000e+00 +0.0000e+00 +1.0000e+00 +9.0000e+00 +1.7000e+01 +6.0000e+00 +0.0000e+00 +0.0000e+00 +0.0000e+00 +1.3000e+01 +3.0000e+00 +1.3000e+01 +0.0000e+00 +0.0000e+00
95 +5.718697722e+02 +5.718697722e+02 +5.523897722e+02 +5.523897722e+02 +0.0000e+00 +0.0000e+00 +0.0000e+00 +0.0000e+00 +2.0000e+00 +0.0000e+00 +0.0000e+00 +0.0000e+00 +0.0000e+00 +6.0000e+00 +1.4000e+01 +3.0000e+00 +0.0000e+00 +0.0000e+00 +0.0000e+00 +1.0000e+01 +0.0000e+00 +1.0000e+01 +0.0000e+00 +0.0000e+00
196 +3.872073722e+02 +3.872073722e+02 +3.677273722e+02 +3.677273722e+02 +0.0000e+00 +0.0000e+00 +0.0000e+00 +0.0000e+00 +0.0000e+00 +0.0000e+00 +6.0000e+00 +0.0000e+00 +0.0000e+00 +0.0000e+00 +0.0000e+00 +0.0000e+00 +0.0000e+00 +1.2000e+01 +0.0000e+00 +0.0000e+00 +1.1000e+01 +3.0000e+00 +1.0000e+00 +0.0000e+00
% function evaluation | noise-free fitness - Fopt (1.344700000000e+02) | best noise-free fitness - Fopt | measured fitness | best measured fitness | x1 | x2...
1 +4.368895066e+03 +4.368895066e+03 +4.503365066e+03 +4.503365066e+03 +1.5000e+01 +8.0000e+00 +9.0000e+00 +1.5000e+01 +2.9000e+01 +8.0000e+00 +0.0000e+00 +6.0000e+00 +3.0000e+00 +1.0000e+01 +8.0000e+00 +1.7000e+01 +7.0000e+00 +0.0000e+00 +5.0000e+00 +2.3000e+01 +2.3000e+01 +1.9000e+01 +5.0000e+00 +1.1000e+01
7 +3.933167066e+03 +3.933167066e+03 +4.067637066e+03 +4.067637066e+03 +1.5000e+01 +6.0000e+00 +8.0000e+00 +1.4000e+01 +2.8000e+01 +7.0000e+00 +0.0000e+00 +5.0000e+00 +2.0000e+00 +9.0000e+00 +7.0000e+00 +1.6000e+01 +6.0000e+00 +0.0000e+00 +4.0000e+00 +2.2000e+01 +2.2000e+01 +1.8000e+01 +4.0000e+00 +1.0000e+01
31 +2.328192666e+03 +2.328192666e+03 +2.462662666e+03 +2.462662666e+03 +2.0000e+00 +1.1000e+01 +4.0000e+00 +1.0000e+01 +2.4000e+01 +3.0000e+00 +0.0000e+00 +1.0000e+00 +0.0000e+00 +5.0000e+00 +3.0000e+00 +1.2000e+01 +2.0000e+00 +0.0000e+00 +0.0000e+00 +1.8000e+01 +1.8000e+01 +1.4000e+01 +0.0000e+00 +6.0000e+00
55 +1.413802266e+03 +1.413802266e+03 +1.548272266e+03 +1.548272266e+03 +2.0000e+00 +3.0000e+00 +0.0000e+00 +6.0000e+00 +2.0000e+01 +0.0000e+00 +0.0000e+00 +0.0000e+00 +0.0000e+00 +1.0000e+00 +0.0000e+00 +8.0000e+00 +0.0000e+00 +0.0000e+00 +0.0000e+00 +1.4000e+01 +1.4000e+01 +1.0000e+01 +0.0000e+00 +2.0000e+00
73 +9.560374662e+02 +9.560374662e+02 +1.090507466e+03 +1.090507466e+03 +0.0000e+00 +0.0000e+00 +0.0000e+00 +3.0000e+00 +1.7000e+01 +0.0000e+00 +0.0000e+00 +0.0000e+00 +0.0000e+00 +0.0000e+00 +0.0000e+00 +5.0000e+00 +0.0000e+00 +0.0000e+00 +0.0000e+00 +1.1000e+01 +1.1000e+01 +7.0000e+00 +0.0000e+00 +0.0000e+00
91 +6.188038662e+02 +6.188038662e+02 +7.532738662e+02 +7.532738662e+02 +0.0000e+00 +0.0000e+00 +0.0000e+00 +0.0000e+00 +1.4000e+01 +0.0000e+00 +0.0000e+00 +0.0000e+00 +0.0000e+00 +0.0000e+00 +0.0000e+00 +2.0000e+00 +0.0000e+00 +0.0000e+00 +0.0000e+00 +8.0000e+00 +8.0000e+00 +4.0000e+00 +0.0000e+00 +0.0000e+00
200 +3.366294662e+02 +3.366294662e+02 +4.710994662e+02 +4.710994662e+02 +0.0000e+00 +0.0000e+00 +3.0000e+00 +6.0000e+00 +0.0000e+00 +5.0000e+00 +1.1000e+01 +0.0000e+00 +4.0000e+00 +0.0000e+00 +6.0000e+00 +0.0000e+00 +2.0000e+00 +0.0000e+00 +0.0000e+00 +0.0000e+00 +0.0000e+00 +0.0000e+00 +0.0000e+00 +0.0000e+00
% function evaluation | noise-free fitness - Fopt (4.453500000000e+02) | best noise-free fitness - Fopt | measured fitness | best measured fitness | x1 | x2...
1 +6.586348345e+03 +6.586348345e+03 +7.031698345e+03 +7.031698345e+03 +0.0000e+00 +0.0000e+00 +2.8000e+01 +1.8000e+01 +2.8000e+01 +1.0000e+00 +3.0000e+01 +2.2000e+01 +2.5000e+01 +8.0000e+00 +2.2000e+01 +1.7000e+01 +1.2000e+01 +1.7000e+01 +2.5000e+01 +3.0000e+00 +1.5000e+01 +2.0000e+01 +6.0000e+00 +1.6000e+01
2 +5.023724345e+03 +5.023724345e+03 +5.469074345e+03 +5.469074345e+03 +8.0000e+00 +1.0000e+00 +2.3000e+01 +2.6000e+01 +2.1000e+01 +2.5000e+01 +1.3000e+01 +4.0000e+00 +2.4000e+01 +0.0000e+00 +1.3000e+01 +2.2000e+01 +3.0000e+00 +3.0000e+00 +2.0000e+01 +0.0000e+00 +2.7000e+01 +6.0000e+00 +1.4000e+01 +1.9000e+01
5 +3.974791545e+03 +3.974791545e+03 +4.420141545e+03 +4.420141545e+03 +1.9000e+01 +1.0000e+01 +5.0000e+00 +2.0000e+00 +2.0000e+01 +5.0000e+00 +0.0000e+00 +1.0000e+01 +2.4000e+01 +2.3000e+01 +2.7000e+01 +6.0000e+00 +2.1000e+01 +5.0000e+00 +7.0000e+00 +7.0000e+00 +1.4000e+01 +1.0000e+01 +2.1000e+01 +0.0000e+00
29 +2.490607545e+03 +2.490607545e+03 +2.935957545e+03 +2.935957545e+03 +1.6000e+01 +6.0000e+00 +1.0000e+00 +0.0000e+00 +1.6000e+01 +1.0000e+00 +0.0000e+00 +6.0000e+00 +2.0000e+01 +1.9000e+01 +2.3000e+01 +2.0000e+00 +1.7000e+01 +1.0000e+00 +3.0000e+00 +3.0000e+00 +1.0000e+01 +6.0000e+00 +1.7000e+01 +0.0000e+00
47 +1.552351545e+03 +1.552351545e+03 +1.997701545e+03 +1.997701545e+03 +3.0000e+00 +1.3000e+01 +0.0000e+00 +0.0000e+00 +1.3000e+01 +0.0000e+00 +0.0000e+00 +3.0000e+00 +1.7000e+01 +1.6000e+01 +2.0000e+01 +0.0000e+00 +1.4000e+01 +0.0000e+00 +0.0000e+00 +0.0000e+00 +7.0000e+00 +3.0000e+00 +1.4000e+01 +0.0000e+00
65 +9.607947450e+02 +9.607947450e+02 +1.406144745e+03 +1.406144745e+03 +0.0000e+00 +1.0000e+01 +0.0000e+00 +0.0000e+00 +1.0000e+01 +0.0000e+00 +0.0000e+00 +0.0000e+00 +1.4000e+01 +1.3000e+01 +1.7000e+01 +0.0000e+00 +1.1000e+01 +0.0000e+00 +0.0000e+00 +0.0000e+00 +4.0000e+00 +0.0000e+00 +1.1000e+01 +0.0000e+00
83 +5.518059450e+02 +5.518059450e+02 +9.971559450e+02 +9.971559450e+02 +0.0000e+00 +6.0000e+00 +0.0000e+00 +0.0000e+00 +7.0000e+00 +0.0000e+00 +0.0000e+00 +0.0000e+00 +1.1000e+01 +1.0000e+01 +1.4000e+01 +0.0000e+00 +8.0000e+00 +0.0000e+00 +0.0000e+00 +0.0000e+00 +1.0000e+00 +0.0000e+00 +8.0000e+00 +0.0000e+00
95 +3.695019450e+02 +3.695019450e+02 +8.148519450e+02 +8.148519450e+02 +0.0000e+00 +4.0000e+00 +0.0000e+00 +0.0000e+00 +5.0000e+00 +0.0000e+00 +0.0000e+00 +0.0000e+00 +9.0000e+00 +8.0000e+00 +1.2000e+01 +0.0000e+00 +6.0000e+00 +0.0000e+00 +0.0000e+00 +0.0000e+00 +0.0000e+00 +0.0000e+00 +6.0000e+00 +0.0000e+00
