% function evaluation | noise-free fitness - Fopt (7.948000000000e+01) | best noise-free fitness - Fopt | measured fitness | best measured fitness | x1 | x2...
1 +5.812084941e+02 +5.812084941e+02 +6.606884941e+02 +6.606884941e+02 +2.4000e+01 +3.0000e+00
3 +1.703236941e+02 +1.703236941e+02 +2.498036941e+02 +2.498036941e+02 +5.0000e+00 +1.1000e+01
6 +4.063409408e+01 +4.063409408e+01 +1.201140941e+02 +1.201140941e+02 +4.0000e+00 +4.0000e+00
10 +2.482609408e+01 +2.482609408e+01 +1.043060941e+02 +1.043060941e+02 +3.0000e+00 +3.0000e+00
14 +1.301809408e+01 +1.301809408e+01 +9.249809408e+01 +9.249809408e+01 +2.0000e+00 +2.0000e+00
18 +5.210094080e+00 +5.210094080e+00 +8.469009408e+01 +8.469009408e+01 +1.0000e+00 +1.0000e+00
22 +1.402094080e+00 +1.402094080e+00 +8.088209408e+01 +8.088209408e+01 +0.0000e+00 +0.0000e+00
% function evaluation | noise-free fitness - Fopt (3.944800000000e+02) | best noise-free fitness - Fopt | measured fitness | best measured fitness | x1 | x2...
1 +1.612991935e+03 +1.612991935e+03 +2.007471935e+03 +2.007471935e+03 +2.5000e+01 +2.5000e+01
2 +3.077503347e+02 +3.077503347e+02 +7.022303347e+02 +7.022303347e+02 +9.0000e+00 +9.0000e+00
3 +2.355193472e+01 +2.355193472e+01 +4.180319347e+02 +4.180319347e+02 +0.0000e+00 +0.0000e+00
% function evaluation | noise-free fitness - Fopt (-2.471100000000e+02) | best noise-free fitness - Fopt | measured fitness | best measured fitness | x1 | x2...
1 +2.030181133e+03 +2.030181133e+03 +1.783071133e+03 +1.783071133e+03 +3.0000e+01 +3.0000e+01
2 +8.730867328e+02 +8.730867328e+02 +6.259767328e+02 +6.259767328e+02 +1.9000e+01 +1.9000e+01
4 +5.723251328e+02 +5.723251328e+02 +3.252151328e+02 +3.252151328e+02 +1.5000e+01 +1.5000e+01
16 +3.887539328e+02 +3.887539328e+02 +1.416439328e+02 +1.416439328e+02 +1.2000e+01 +1.2000e+01
28 +2.411827328e+02 +2.411827328e+02 -5.927267200e+00 -5.927267200e+00 +9.0000e+00 +9.0000e+00
40 +1.296115328e+02 +1.296115328e+02 -1.174984672e+02 -1.174984672e+02 +6.0000e+00 +6.0000e+00
48 +7.523073280e+01 +7.523073280e+01 -1.718792672e+02 -1.718792672e+02 +4.0000e+00 +4.0000e+00
52 +5.404033280e+01 +5.404033280e+01 -1.930696672e+02 -1.930696672e+02 +3.0000e+00 +3.0000e+00
56 +3.684993280e+01 +3.684993280e+01 -2.102600672e+02 -2.102600672e+02 +2.0000e+00 +2.0000e+00
60 +2.365953280e+01 +2.365953280e+01 -2.234504672e+02 -2.234504672e+02 +1.0000e+00 +1.0000e+00
64 +1.446913280e+01 +1.446913280e+01 -2.326408672e+02 -2.326408672e+02 +0.0000e+00 +0.0000e+00
% function evaluation | noise-free fitness - Fopt (-1.520400000000e+02) | best noise-free fitness - Fopt | measured fitness | best measured fitness | x1 | x2...
1 +6.330623718e+02 +6.330623718e+02 +4.810223718e+02 +4.810223718e+02 +2.3000e+01 +1.1000e+01
2 +4.955519718e+02 +4.955519718e+02 +3.435119718e+02 +3.435119718e+02 +1.2000e+01 +2.0000e+01
4 +2.265023718e+02 +2.265023718e+02 +7.446237184e+01 +7.446237184e+01 +8.0000e+00 +1.4000e+01
12 +6.021757184e+01 +6.021757184e+01 -9.182242816e+01 -9.182242816e+01 +6.0000e+00 +6.0000e+00
20 +2.484477184e+01 +2.484477184e+01 -1.271952282e+02 -1.271952282e+02 +4.0000e+00 +4.0000e+00
24 +1.315837184e+01 +1.315837184e+01 -1.388816282e+02 -1.388816282e+02 +3.0000e+00 +3.0000e+00
28 +5.471971840e+00 +5.471971840e+00 -1.465680282e+02 -1.465680282e+02 +2.0000e+00 +2.0000e+00
32 +1.785571840e+00 +1.785571840e+00 -1.502544282e+02 -1.502544282e+02 +1.0000e+00 +1.0000e+00
% function evaluation | noise-free fitness - Fopt (-2.525000000000e+01) | best noise-free fitness - Fopt | measured fitness | best measured fitness | x1 | x2...
1 +6.434833664e+02 +6.434833664e+02 +6.182333664e+02 +6.182333664e+02 +2.0000e+01 +2.0000e+01
2 +1.619761664e+02 +1.619761664e+02 +1.367261664e+02 +1.367261664e+02 +1.1000e+01 +1.1000e+01
3 +1.346736640e+01 +1.346736640e+01 -1.178263360e+01 -1.178263360e+01 +0.0000e+00 +0.0000e+00
34 +5.969766400e+00 +5.969766400e+00 -1.928023360e+01 -1.928023360e+01 +3.0000e+00 +3.0000e+00
% function evaluation | noise-free fitness - Fopt (2.230000000000e+00) | best noise-free fitness - Fopt | measured fitness | best measured fitness | x1 | x2...
1 +1.041792256e+02 +1.041792256e+02 +1.064092256e+02 +1.064092256e+02 +8.0000e+00 +7.0000e+00
5 +9.185282560e+01 +9.185282560e+01 +9.408282560e+01 +9.408282560e+01 +6.0000e+00 +7.0000e+00
13 +5.526882560e+01 +5.526882560e+01 +5.749882560e+01 +5.749882560e+01 +5.0000e+00 +5.0000e+00
21 +2.952162560e+01 +2.952162560e+01 +3.175162560e+01 +3.175162560e+01 +3.0000e+00 +3.0000e+00
25 +2.264802560e+01 +2.264802560e+01 +2.487802560e+01 +2.487802560e+01 +2.0000e+00 +2.0000e+00
% function evaluation | noise-free fitness - Fopt (-1.308000000000e+01) | best noise-free fitness - Fopt | measured fitness | best measured fitness | x1 | x2...
1 +7.137363283e+02 +7.137363283e+02 +7.006563283e+02 +7.006563283e+02 +1.8000e+01 +1.8000e+01
9 +5.708531283e+02 +5.708531283e+02 +5.577731283e+02 +5.577731283e+02 +1.6000e+01 +1.6000e+01
21 +3.865283283e+02 +3.865283283e+02 +3.734483283e+02 +3.734483283e+02 +1.3000e+01 +1.3000e+01
33 +2.382035283e+02 +2.382035283e+02 +2.251235283e+02 +2.251235283e+02 +1.0000e+01 +1.0000e+01
45 +1.258787283e+02 +1.258787283e+02 +1.127987283e+02 +1.127987283e+02 +7.0000e+00 +7.0000e+00
49 +9.643712832e+01 +9.643712832e+01 +8.335712832e+01 +8.335712832e+01 +6.0000e+00 +6.0000e+00
57 +4.955392832e+01 +4.955392832e+01 +3.647392832e+01 +3.647392832e+01 +4.0000e+00 +4.0000e+00
61 +3.211232832e+01 +3.211232832e+01 +1.903232832e+01 +1.903232832e+01 +3.0000e+00 +3.0000e+00
65 +1.867072832e+01 +1.867072832e+01 +5.590728320e+00 +5.590728320e+00 +2.0000e+00 +2.0000e+00
69 +9.229128320e+00 +9.229128320e+00 -3.850871680e+00 -3.850871680e+00 +1.0000e+00 +1.0000e+00
73 +3.787528320e+00 +3.787528320e+00 -9.292471680e+00 -9.292471680e+00 +0.0000e+00 +0.0000e+00
% function evaluation | noise-free fitness - Fopt (2.671600000000e+02) | best noise-free fitness - Fopt | measured fitness | best measured fitness | x1 | x2...
1 +3.054184704e+02 +3.054184704e+02 +5.725784704e+02 +5.725784704e+02 +8.0000e+00 +1.0000e+01
9 +1.726056704e+02 +1.726056704e+02 +4.397656704e+02 +4.397656704e+02 +6.0000e+00 +6.0000e+00
10 +7.920727040e+01 +7.920727040e+01 +3.463672704e+02 +3.463672704e+02 +3.0000e+00 +3.0000e+00
14 +5.607447040e+01 +5.607447040e+01 +3.232344704e+02 +3.232344704e+02 +2.0000e+00 +2.0000e+00
18 +3.694167040e+01 +3.694167040e+01 +3.041016704e+02 +3.041016704e+02 +1.0000e+00 +1.0000e+00
22 +2.180887040e+01 +2.180887040e+01 +2.889688704e+02 +2.889688704e+02 +0.0000e+00 +0.0000e+00
% function evaluation | noise-free fitness - Fopt (3.710000000000e+00) | best noise-free fitness - Fopt | measured fitness | best measured fitness | x1 | x2...
1 +2.434366163e+02 +2.434366163e+02 +2.471466163e+02 +2.471466163e+02 +1.9000e+01 +1.0000e+00
7 +2.618061632e+01 +2.618061632e+01 +2.989061632e+01 +2.989061632e+01 +0.0000e+00 +0.0000e+00
% function evaluation | noise-free fitness - Fopt (9.478000000000e+01) | best noise-free fitness - Fopt | measured fitness | best measured fitness | x1 | x2...
1 +6.201589568e+02 +6.201589568e+02 +7.149389568e+02 +7.149389568e+02 +7.0000e+00 +2.1000e+01
4 +3.622453568e+02 +3.622453568e+02 +4.570253568e+02 +4.570253568e+02 +1.1000e+01 +1.3000e+01
5 +1.094421568e+02 +1.094421568e+02 +2.042221568e+02 +2.042221568e+02 +6.0000e+00 +6.0000e+00
9 +8.300375680e+01 +8.300375680e+01 +1.777837568e+02 +1.777837568e+02 +5.0000e+00 +5.0000e+00
13 +6.056535680e+01 +6.056535680e+01 +1.553453568e+02 +1.553453568e+02 +4.0000e+00 +4.0000e+00
21 +2.768855680e+01 +2.768855680e+01 +1.224685568e+02 +1.224685568e+02 +2.0000e+00 +2.0000e+00
25 +1.725015680e+01 +1.725015680e+01 +1.120301568e+02 +1.120301568e+02 +1.0000e+00 +1.0000e+00
29 +1.081175680e+01 +1.081175680e+01 +1.055917568e+02 +1.055917568e+02 +0.0000e+00 +0.0000e+00
% function evaluation | noise-free fitness - Fopt (2.339200000000e+02) | best noise-free fitness - Fopt | measured fitness | best measured fitness | x1 | x2...
1 +1.846525984e+02 +1.846525984e+02 +4.185725984e+02 +4.185725984e+02 +8.0000e+00 +8.0000e+00
5 +1.490861984e+02 +1.490861984e+02 +3.830061984e+02 +3.830061984e+02 +7.0000e+00 +7.0000e+00
13 +8.995339840e+01 +8.995339840e+01 +3.238733984e+02 +3.238733984e+02 +5.0000e+00 +5.0000e+00
21 +4.682059840e+01 +4.682059840e+01 +2.807405984e+02 +2.807405984e+02 +3.0000e+00 +3.0000e+00
25 +3.125419840e+01 +3.125419840e+01 +2.651741984e+02 +2.651741984e+02 +2.0000e+00 +2.0000e+00
29 +1.968779840e+01 +1.968779840e+01 +2.536077984e+02 +2.536077984e+02 +1.0000e+00 +1.0000e+00
33 +1.212139840e+01 +1.212139840e+01 +2.460413984e+02 +2.460413984e+02 +0.0000e+00 +0.0000e+00
% function evaluation | noise-free fitness - Fopt (-6.092000000000e+01) | best noise-free fitness - Fopt | measured fitness | best measured fitness | x1 | x2...
1 +5.667861568e+01 +5.667861568e+01 -4.241384320e+00 -4.241384320e+00 +7.0000e+00 +7.0000e+00
5 +3.766261568e+01 +3.766261568e+01 -2.325738432e+01 -2.325738432e+01 +6.0000e+00 +6.0000e+00
9 +2.264661568e+01 +2.264661568e+01 -3.827338432e+01 -3.827338432e+01 +5.0000e+00 +5.0000e+00
13 +1.163061568e+01 +1.163061568e+01 -4.928938432e+01 -4.928938432e+01 +4.0000e+00 +4.0000e+00
17 +4.614615680e+00 +4.614615680e+00 -5.630538432e+01 -5.630538432e+01 +3.0000e+00 +3.0000e+00
21 +1.598615680e+00 +1.598615680e+00 -5.932138432e+01 -5.932138432e+01 +2.0000e+00 +2.0000e+00
% function evaluation | noise-free fitness - Fopt (-1.948000000000e+01) | best noise-free fitness - Fopt | measured fitness | best measured fitness | x1 | x2...
1 +2.837056000e+01 +2.837056000e+01 +8.890560000e+00 +8.890560000e+00 +4.0000e+00 +4.0000e+00
5 +1.655296000e+01 +1.655296000e+01 -2.927040000e+00 -2.927040000e+00 +3.0000e+00 +3.0000e+00
9 +8.735360000e+00 +8.735360000e+00 -1.074464000e+01 -1.074464000e+01 +2.0000e+00 +2.0000e+00
13 +4.917760000e+00 +4.917760000e+00 -1.456224000e+01 -1.456224000e+01 +1.0000e+00 +1.0000e+00
% function evaluation | noise-free fitness - Fopt (1.344700000000e+02) | best noise-free fitness - Fopt | measured fitness | best measured fitness | x1 | x2...
1 +3.613179526e+02 +3.613179526e+02 +4.957879526e+02 +4.957879526e+02 +1.3000e+01 +1.3000e+01
12 +2.226891526e+02 +2.226891526e+02 +3.571591526e+02 +3.571591526e+02 +1.0000e+01 +1.0000e+01
20 +1.502699526e+02 +1.502699526e+02 +2.847399526e+02 +2.847399526e+02 +8.0000e+00 +8.0000e+00
28 +9.385075264e+01 +9.385075264e+01 +2.283207526e+02 +2.283207526e+02 +6.0000e+00 +6.0000e+00
36 +5.343155264e+01 +5.343155264e+01 +1.879015526e+02 +1.879015526e+02 +4.0000e+00 +4.0000e+00
40 +3.922195264e+01 +3.922195264e+01 +1.736919526e+02 +1.736919526e+02 +3.0000e+00 +3.0000e+00
48 +2.280275264e+01 +2.280275264e+01 +1.572727526e+02 +1.572727526e+02 +1.0000e+00 +1.0000e+00
% function evaluation | noise-free fitness - Fopt (4.453500000000e+02) | best noise-free fitness - Fopt | measured fitness | best measured fitness | x1 | x2...
1 +7.380421050e+02 +7.380421050e+02 +1.183392105e+03 +1.183392105e+03 +1.9000e+01 +1.9000e+01
4 +9.164050496e+01 +9.164050496e+01 +5.369905050e+02 +5.369905050e+02 +6.0000e+00 +6.0000e+00
12 +5.219410496e+01 +5.219410496e+01 +4.975441050e+02 +4.975441050e+02 +4.0000e+00 +4.0000e+00
16 +3.847090496e+01 +3.847090496e+01 +4.838209050e+02 +4.838209050e+02 +3.0000e+00 +3.0000e+00
24 +2.302450496e+01 +2.302450496e+01 +4.683745050e+02 +4.683745050e+02 +1.0000e+00 +1.0000e+00
