% function evaluation | noise-free fitness - Fopt (7.948000000000e+01) | best noise-free fitness - Fopt | measured fitness | best measured fitness | x1 | x2...
1 +3.668482870e+03 +3.668482870e+03 +3.747962870e+03 +3.747962870e+03 +7.0000e+00 +1.8000e+01 +2.3000e+01 +2.6000e+01 +2.6000e+01 +1.0000e+00 +1.1000e+01 +2.3000e+01 +2.3000e+01 +3.0000e+00
3 +2.501402870e+03 +2.501402870e+03 +2.580882870e+03 +2.580882870e+03 +1.7000e+01 +7.0000e+00 +3.0000e+00 +1.9000e+01 +1.9000e+01 +2.4000e+01 +1.9000e+01 +3.0000e+00 +1.0000e+00 +1.8000e+01
10 +6.567628698e+02 +6.567628698e+02 +7.362428698e+02 +7.362428698e+02 +3.0000e+00 +0.0000e+00 +0.0000e+00 +2.5000e+01 +3.0000e+00 +3.0000e+00 +3.0000e+00 +3.0000e+00 +3.0000e+00 +3.0000e+00
14 +8.856286976e+01 +8.856286976e+01 +1.680428698e+02 +1.680428698e+02 +0.0000e+00 +2.0000e+00 +2.0000e+00 +2.0000e+00 +2.0000e+00 +2.0000e+00 +2.0000e+00 +2.0000e+00 +2.0000e+00 +2.0000e+00
18 +4.829406976e+01 +4.829406976e+01 +1.277740698e+02 +1.277740698e+02 +1.0000e+00 +1.0000e+00 +1.0000e+00 +1.0000e+00 +1.0000e+00 +1.0000e+00 +1.0000e+00 +1.0000e+00 +1.0000e+00 +1.0000e+00
22 +2.503646976e+01 +2.503646976e+01 +1.045164698e+02 +1.045164698e+02 +0.0000e+00 +0.0000e+00 +0.0000e+00 +0.0000e+00 +0.0000e+00 +0.0000e+00 +0.0000e+00 +0.0000e+00 +0.0000e+00 +0.0000e+00
% function evaluation | noise-free fitness - Fopt (3.944800000000e+02) | best noise-free fitness - Fopt | measured fitness | best measured fitness | x1 | x2...
1 +4.587745775e+03 +4.587745775e+03 +4.982225775e+03 +4.982225775e+03 +5.0000e+00 +5.0000e+00 +2.7000e+01 +2.6000e+01 +4.0000e+00 +2.6000e+01 +2.1000e+01 +2.1000e+01 +2.7000e+01 +2.1000e+01
2 +3.477681775e+03 +3.477681775e+03 +3.872161775e+03 +3.872161775e+03 +0.0000e+00 +1.4000e+01 +2.5000e+01 +2.8000e+01 +1.0000e+01 +2.8000e+01 +3.0000e+00 +3.0000e+00 +2.5000e+01 +3.0000e+00
7 +6.391745754e+02 +6.391745754e+02 +1.033654575e+03 +1.033654575e+03 +0.0000e+00 +1.0000e+00 +1.0000e+00 +1.6000e+01 +9.0000e+00 +1.0000e+00 +1.0000e+00 +9.0000e+00 +9.0000e+00 +9.0000e+00
23 +4.444369754e+02 +4.444369754e+02 +8.389169754e+02 +8.389169754e+02 +5.0000e+00 +5.0000e+00 +5.0000e+00 +5.0000e+00 +5.0000e+00 +5.0000e+00 +5.0000e+00 +5.0000e+00 +5.0000e+00 +5.0000e+00
27 +3.334289754e+02 +3.334289754e+02 +7.279089754e+02 +7.279089754e+02 +4.0000e+00 +4.0000e+00 +4.0000e+00 +4.0000e+00 +4.0000e+00 +4.0000e+00 +4.0000e+00 +4.0000e+00 +4.0000e+00 +4.0000e+00
31 +2.424209754e+02 +2.424209754e+02 +6.369009754e+02 +6.369009754e+02 +3.0000e+00 +3.0000e+00 +3.0000e+00 +3.0000e+00 +3.0000e+00 +3.0000e+00 +3.0000e+00 +3.0000e+00 +3.0000e+00 +3.0000e+00
39 +1.204049754e+02 +1.204049754e+02 +5.148849754e+02 +5.148849754e+02 +1.0000e+00 +1.0000e+00 +1.0000e+00 +1.0000e+00 +1.0000e+00 +1.0000e+00 +1.0000e+00 +1.0000e+00 +1.0000e+00 +1.0000e+00
43 +8.939697536e+01 +8.939697536e+01 +4.838769754e+02 +4.838769754e+02 +0.0000e+00 +0.0000e+00 +0.0000e+00 +0.0000e+00 +0.0000e+00 +0.0000e+00 +0.0000e+00 +0.0000e+00 +0.0000e+00 +0.0000e+00
% function evaluation | noise-free fitness - Fopt (-2.471100000000e+02) | best noise-free fitness - Fopt | measured fitness | best measured fitness | x1 | x2...
1 +4.499750118e+03 +4.499750118e+03 +4.252640118e+03 +4.252640118e+03 +2.8000e+01 +6.0000e+00 +1.0000e+00 +2.3000e+01 +3.0000e+01 +1.0000e+00 +0.0000e+00 +2.3000e+01 +3.0000e+01 +1.0000e+00
2 +2.224943718e+03 +2.224943718e+03 +1.977833718e+03 +1.977833718e+03 +2.1000e+01 +9.0000e+00 +0.0000e+00 +1.5000e+01 +1.7000e+01 +0.0000e+00 +1.4000e+01 +1.5000e+01 +1.7000e+01 +0.0000e+00
32 +1.434724518e+03 +1.434724518e+03 +1.187614518e+03 +1.187614518e+03 +1.1000e+01 +1.1000e+01 +1.1000e+01 +1.1000e+01 +1.1000e+01 +1.1000e+01 +1.1000e+01 +1.1000e+01 +1.1000e+01 +1.1000e+01
44 +8.244957178e+02 +8.244957178e+02 +5.773857178e+02 +5.773857178e+02 +8.0000e+00 +8.0000e+00 +8.0000e+00 +8.0000e+00 +8.0000e+00 +8.0000e+00 +8.0000e+00 +8.0000e+00 +8.0000e+00 +8.0000e+00
52 +5.176765178e+02 +5.176765178e+02 +2.705665178e+02 +2.705665178e+02 +6.0000e+00 +6.0000e+00 +6.0000e+00 +6.0000e+00 +6.0000e+00 +6.0000e+00 +6.0000e+00 +6.0000e+00 +6.0000e+00 +6.0000e+00
56 +3.942669178e+02 +3.942669178e+02 +1.471569178e+02 +1.471569178e+02 +5.0000e+00 +5.0000e+00 +5.0000e+00 +5.0000e+00 +5.0000e+00 +5.0000e+00 +5.0000e+00 +5.0000e+00 +5.0000e+00 +5.0000e+00
64 +2.074477178e+02 +2.074477178e+02 -3.966228224e+01 -3.966228224e+01 +3.0000e+00 +3.0000e+00 +3.0000e+00 +3.0000e+00 +3.0000e+00 +3.0000e+00 +3.0000e+00 +3.0000e+00 +3.0000e+00 +3.0000e+00
68 +1.440381178e+02 +1.440381178e+02 -1.030718822e+02 -1.030718822e+02 +2.0000e+00 +2.0000e+00 +2.0000e+00 +2.0000e+00 +2.0000e+00 +2.0000e+00 +2.0000e+00 +2.0000e+00 +2.0000e+00 +2.0000e+00
76 +7.721891776e+01 +7.721891776e+01 -1.698910822e+02 -1.698910822e+02 +0.0000e+00 +0.0000e+00 +0.0000e+00 +0.0000e+00 +0.0000e+00 +0.0000e+00 +0.0000e+00 +0.0000e+00 +0.0000e+00 +0.0000e+00
% function evaluation | noise-free fitness - Fopt (-1.520400000000e+02) | best noise-free fitness - Fopt | measured fitness | best measured fitness | x1 | x2...
1 +2.951706342e+03 +2.951706342e+03 +2.799666342e+03 +2.799666342e+03 +2.7000e+01 +1.4000e+01 +3.0000e+00 +2.5000e+01 +7.0000e+00 +3.0000e+00 +7.0000e+00 +2.5000e+01 +1.8000e+01 +2.6000e+01
6 +2.127202342e+03 +2.127202342e+03 +1.975162342e+03 +1.975162342e+03 +1.0000e+01 +1.4000e+01 +1.0000e+01 +1.0000e+01 +1.4000e+01 +2.9000e+01 +1.4000e+01 +1.4000e+01 +1.2000e+01 +1.4000e+01
18 +1.102837542e+03 +1.102837542e+03 +9.507975418e+02 +9.507975418e+02 +1.1000e+01 +1.1000e+01 +1.1000e+01 +1.1000e+01 +1.1000e+01 +1.1000e+01 +1.1000e+01 +1.1000e+01 +1.1000e+01 +1.0000e+01
22 +8.770263418e+02 +8.770263418e+02 +7.249863418e+02 +7.249863418e+02 +1.0000e+01 +1.0000e+01 +9.0000e+00 +1.0000e+01 +1.0000e+01 +1.0000e+01 +1.0000e+01 +1.0000e+01 +9.0000e+00 +1.0000e+01
30 +5.858759418e+02 +5.858759418e+02 +4.338359418e+02 +4.338359418e+02 +8.0000e+00 +8.0000e+00 +8.0000e+00 +8.0000e+00 +8.0000e+00 +8.0000e+00 +8.0000e+00 +8.0000e+00 +8.0000e+00 +8.0000e+00
38 +3.318759418e+02 +3.318759418e+02 +1.798359418e+02 +1.798359418e+02 +6.0000e+00 +6.0000e+00 +6.0000e+00 +6.0000e+00 +6.0000e+00 +6.0000e+00 +6.0000e+00 +6.0000e+00 +6.0000e+00 +6.0000e+00
42 +2.348759418e+02 +2.348759418e+02 +8.283594176e+01 +8.283594176e+01 +5.0000e+00 +5.0000e+00 +5.0000e+00 +5.0000e+00 +5.0000e+00 +5.0000e+00 +5.0000e+00 +5.0000e+00 +5.0000e+00 +5.0000e+00
46 +1.578759418e+02 +1.578759418e+02 +5.835941760e+00 +5.835941760e+00 +4.0000e+00 +4.0000e+00 +4.0000e+00 +4.0000e+00 +4.0000e+00 +4.0000e+00 +4.0000e+00 +4.0000e+00 +4.0000e+00 +4.0000e+00
54 +6.387594176e+01 +6.387594176e+01 -8.816405824e+01 -8.816405824e+01 +2.0000e+00 +2.0000e+00 +2.0000e+00 +2.0000e+00 +2.0000e+00 +2.0000e+00 +2.0000e+00 +2.0000e+00 +2.0000e+00 +2.0000e+00
58 +4.687594176e+01 +4.687594176e+01 -1.051640582e+02 -1.051640582e+02 +1.0000e+00 +1.0000e+00 +1.0000e+00 +1.0000e+00 +1.0000e+00 +1.0000e+00 +1.0000e+00 +1.0000e+00 +1.0000e+00 +1.0000e+00
% function evaluation | noise-free fitness - Fopt (-2.525000000000e+01) | best noise-free fitness - Fopt | measured fitness | best measured fitness | x1 | x2...
1 +2.588615743e+03 +2.588615743e+03 +2.563365743e+03 +2.563365743e+03 +2.4000e+01 +2.1000e+01 +2.1000e+01 +0.0000e+00 +3.0000e+00 +3.0000e+00 +2.1000e+01 +3.0000e+00 +2.7000e+01 +0.0000e+00
4 +2.484770943e+03 +2.484770943e+03 +2.459520943e+03 +2.459520943e+03 +1.3000e+01 +1.3000e+01 +1.3000e+01 +2.6000e+01 +2.0000e+00 +2.0000e+00 +1.3000e+01 +2.0000e+00 +1.4000e+01 +2.6000e+01
9 +1.394236543e+03 +1.394236543e+03 +1.368986543e+03 +1.368986543e+03 +1.0000e+00 +1.0000e+00 +1.0000e+00 +0.0000e+00 +0.0000e+00 +0.0000e+00 +1.9000e+01 +1.9000e+01 +0.0000e+00 +1.9000e+01
24 +6.168605434e+02 +6.168605434e+02 +5.916105434e+02 +5.916105434e+02 +5.0000e+00 +1.6000e+01 +8.0000e+00 +8.0000e+00 +8.0000e+00 +0.0000e+00 +8.0000e+00 +0.0000e+00 +8.0000e+00 +0.0000e+00
32 +3.761901434e+02 +3.761901434e+02 +3.509401434e+02 +3.509401434e+02 +0.0000e+00 +6.0000e+00 +6.0000e+00 +0.0000e+00 +6.0000e+00 +6.0000e+00 +6.0000e+00 +6.0000e+00 +6.0000e+00 +6.0000e+00
40 +2.339053434e+02 +2.339053434e+02 +2.086553434e+02 +2.086553434e+02 +4.0000e+00 +4.0000e+00 +4.0000e+00 +4.0000e+00 +0.0000e+00 +4.0000e+00 +4.0000e+00 +4.0000e+00 +4.0000e+00 +4.0000e+00
44 +1.499709434e+02 +1.499709434e+02 +1.247209434e+02 +1.247209434e+02 +3.0000e+00 +3.0000e+00 +3.0000e+00 +3.0000e+00 +3.0000e+00 +3.0000e+00 +3.0000e+00 +3.0000e+00 +3.0000e+00 +3.0000e+00
48 +9.641094336e+01 +9.641094336e+01 +7.116094336e+01 +7.116094336e+01 +2.0000e+00 +2.0000e+00 +2.0000e+00 +2.0000e+00 +2.0000e+00 +2.0000e+00 +2.0000e+00 +2.0000e+00 +2.0000e+00 +2.0000e+00
52 +6.285094336e+01 +6.285094336e+01 +3.760094336e+01 +3.760094336e+01 +1.0000e+00 +1.0000e+00 +1.0000e+00 +1.0000e+00 +1.0000e+00 +1.0000e+00 +1.0000e+00 +1.0000e+00 +1.0000e+00 +1.0000e+00
% function evaluation | noise-free fitness - Fopt (2.230000000000e+00) | best noise-free fitness - Fopt | measured fitness | best measured fitness | x1 | x2...
1 +3.168223006e+03 +3.168223006e+03 +3.170453006e+03 +3.170453006e+03 +2.0000e+00 +2.0000e+00 +3.0000e+01 +2.8000e+01 +1.8000e+01 +2.0000e+00 +7.0000e+00 +1.5000e+01 +2.0000e+00 +2.8000e+01
2 +2.437389406e+03 +2.437389406e+03 +2.439619406e+03 +2.439619406e+03 +1.8000e+01 +1.8000e+01 +3.0000e+00 +1.3000e+01 +1.2000e+01 +1.8000e+01 +1.2000e+01 +1.7000e+01 +1.8000e+01 +1.3000e+01
3 +1.303562206e+03 +1.303562206e+03 +1.305792206e+03 +1.305792206e+03 +1.5000e+01 +1.5000e+01 +0.0000e+00 +0.0000e+00 +1.0000e+01 +1.5000e+01 +1.3000e+01 +2.0000e+00 +1.5000e+01 +0.0000e+00
15 +4.104310061e+02 +4.104310061e+02 +4.126610061e+02 +4.126610061e+02 +0.0000e+00 +0.0000e+00 +1.2000e+01 +0.0000e+00 +4.0000e+00 +0.0000e+00 +1.2000e+01 +0.0000e+00 +4.0000e+00 +0.0000e+00
19 +2.770022061e+02 +2.770022061e+02 +2.792322061e+02 +2.792322061e+02 +3.0000e+00 +8.0000e+00 +0.0000e+00 +3.0000e+00 +0.0000e+00 +0.0000e+00 +0.0000e+00 +0.0000e+00 +3.0000e+00 +1.1000e+01
23 +2.010150061e+02 +2.010150061e+02 +2.032450061e+02 +2.032450061e+02 +1.0000e+01 +0.0000e+00 +0.0000e+00 +7.0000e+00 +2.0000e+00 +2.0000e+00 +2.0000e+00 +2.0000e+00 +2.0000e+00 +0.0000e+00
27 +6.265500608e+01 +6.265500608e+01 +6.488500608e+01 +6.488500608e+01 +0.0000e+00 +0.0000e+00 +0.0000e+00 +0.0000e+00 +1.0000e+00 +0.0000e+00 +1.0000e+00 +0.0000e+00 +0.0000e+00 +1.0000e+00
% function evaluation | noise-free fitness - Fopt (-1.308000000000e+01) | best noise-free fitness - Fopt | measured fitness | best measured fitness | x1 | x2...
1 +5.966913667e+03 +5.966913667e+03 +5.953833667e+03 +5.953833667e+03 +2.6000e+01 +0.0000e+00 +2.3000e+01 +1.5000e+01 +2.9000e+01 +2.9000e+01 +3.0000e+01 +2.4000e+01 +2.4000e+01 +2.4000e+01
2 +3.239636867e+03 +3.239636867e+03 +3.226556867e+03 +3.226556867e+03 +1.7000e+01 +3.0000e+01 +6.0000e+00 +7.0000e+00 +1.1000e+01 +1.1000e+01 +1.3000e+01 +1.8000e+01 +2.1000e+01 +2.1000e+01
4 +1.242289667e+03 +1.242289667e+03 +1.229209667e+03 +1.229209667e+03 +0.0000e+00 +3.0000e+00 +2.3000e+01 +2.9000e+01 +0.0000e+00 +0.0000e+00 +1.1000e+01 +3.0000e+00 +4.0000e+00 +4.0000e+00
28 +7.935120672e+02 +7.935120672e+02 +7.804320672e+02 +7.804320672e+02 +7.0000e+00 +7.0000e+00 +0.0000e+00 +2.3000e+01 +7.0000e+00 +7.0000e+00 +0.0000e+00 +7.0000e+00 +0.0000e+00 +0.0000e+00
32 +3.076608672e+02 +3.076608672e+02 +2.945808672e+02 +2.945808672e+02 +6.0000e+00 +6.0000e+00 +6.0000e+00 +6.0000e+00 +0.0000e+00 +0.0000e+00 +0.0000e+00 +6.0000e+00 +6.0000e+00 +6.0000e+00
40 +2.264160672e+02 +2.264160672e+02 +2.133360672e+02 +2.133360672e+02 +4.0000e+00 +0.0000e+00 +0.0000e+00 +4.0000e+00 +4.0000e+00 +4.0000e+00 +4.0000e+00 +4.0000e+00 +4.0000e+00 +4.0000e+00
48 +1.127936672e+02 +1.127936672e+02 +9.971366720e+01 +9.971366720e+01 +2.0000e+00 +2.0000e+00 +2.0000e+00 +2.0000e+00 +2.0000e+00 +2.0000e+00 +2.0000e+00 +2.0000e+00 +2.0000e+00 +2.0000e+00
52 +7.628646720e+01 +7.628646720e+01 +6.320646720e+01 +6.320646720e+01 +1.0000e+00 +1.0000e+00 +1.0000e+00 +1.0000e+00 +1.0000e+00 +1.0000e+00 +1.0000e+00 +1.0000e+00 +1.0000e+00 +1.0000e+00
56 +5.977926720e+01 +5.977926720e+01 +4.669926720e+01 +4.669926720e+01 +0.0000e+00 +0.0000e+00 +0.0000e+00 +0.0000e+00 +0.0000e+00 +0.0000e+00 +0.0000e+00 +0.0000e+00 +0.0000e+00 +0.0000e+00
% function evaluation | noise-free fitness - Fopt (2.671600000000e+02) | best noise-free fitness - Fopt | measured fitness | best measured fitness | x1 | x2...
1 +4.036727557e+03 +4.036727557e+03 +4.303887557e+03 +4.303887557e+03 +2.3000e+01 +0.0000e+00 +2.3000e+01 +1.0000e+00 +2.3000e+01 +1.6000e+01 +2.7000e+01 +9.0000e+00 +2.7000e+01 +1.6000e+01
3 +2.000703557e+03 +2.000703557e+03 +2.267863557e+03 +2.267863557e+03 +9.0000e+00 +3.0000e+00 +1.0000e+00 +1.7000e+01 +1.0000e+00 +2.4000e+01 +1.3000e+01 +1.4000e+01 +1.3000e+01 +1.1000e+01
23 +8.360891571e+02 +8.360891571e+02 +1.103249157e+03 +1.103249157e+03 +3.0000e+00 +0.0000e+00 +0.0000e+00 +0.0000e+00 +3.0000e+00 +0.0000e+00 +3.0000e+00 +1.9000e+01 +0.0000e+00 +1.9000e+01
27 +5.494347571e+02 +5.494347571e+02 +8.165947571e+02 +8.165947571e+02 +1.8000e+01 +2.0000e+00 +2.0000e+00 +0.0000e+00 +0.0000e+00 +0.0000e+00 +0.0000e+00 +2.0000e+00 +0.0000e+00 +2.0000e+00
39 +7.312115712e+01 +7.312115712e+01 +3.402811571e+02 +3.402811571e+02 +0.0000e+00 +0.0000e+00 +0.0000e+00 +0.0000e+00 +0.0000e+00 +0.0000e+00 +0.0000e+00 +0.0000e+00 +0.0000e+00 +0.0000e+00
% function evaluation | noise-free fitness - Fopt (3.710000000000e+00) | best noise-free fitness - Fopt | measured fitness | best measured fitness | x1 | x2...
1 +3.700228665e+03 +3.700228665e+03 +3.703938665e+03 +3.703938665e+03 +1.3000e+01 +2.0000e+00 +1.5000e+01 +2.3000e+01 +1.0000e+00 +1.5000e+01 +2.3000e+01 +2.5000e+01 +2.5000e+01 +3.0000e+01
3 +1.985159865e+03 +1.985159865e+03 +1.988869865e+03 +1.988869865e+03 +1.2000e+01 +7.0000e+00 +3.0000e+01 +1.0000e+00 +1.0000e+00 +3.0000e+01 +1.0000e+00 +9.0000e+00 +9.0000e+00 +6.0000e+00
7 +1.255950265e+03 +1.255950265e+03 +1.259660265e+03 +1.259660265e+03 +1.6000e+01 +1.3000e+01 +0.0000e+00 +5.0000e+00 +0.0000e+00 +5.0000e+00 +0.0000e+00 +2.9000e+01 +8.0000e+00 +8.0000e+00
12 +7.464222650e+02 +7.464222650e+02 +7.501322650e+02 +7.501322650e+02 +7.0000e+00 +8.0000e+00 +0.0000e+00 +0.0000e+00 +1.5000e+01 +7.0000e+00 +7.0000e+00 +7.0000e+00 +7.0000e+00 +1.5000e+01
36 +5.053758650e+02 +5.053758650e+02 +5.090858650e+02 +5.090858650e+02 +0.0000e+00 +0.0000e+00 +0.0000e+00 +9.0000e+00 +0.0000e+00 +9.0000e+00 +9.0000e+00 +9.0000e+00 +9.0000e+00 +9.0000e+00
44 +3.502750650e+02 +3.502750650e+02 +3.539850650e+02 +3.539850650e+02 +4.0000e+00 +3.0000e+00 +7.0000e+00 +7.0000e+00 +7.0000e+00 +7.0000e+00 +7.0000e+00 +7.0000e+00 +7.0000e+00 +0.0000e+00
52 +2.444094650e+02 +2.444094650e+02 +2.481194650e+02 +2.481194650e+02 +5.0000e+00 +5.0000e+00 +0.0000e+00 +5.0000e+00 +5.0000e+00 +5.0000e+00 +5.0000e+00 +5.0000e+00 +5.0000e+00 +5.0000e+00
60 +1.170846650e+02 +1.170846650e+02 +1.207946650e+02 +1.207946650e+02 +3.0000e+00 +3.0000e+00 +3.0000e+00 +3.0000e+00 +3.0000e+00 +3.0000e+00 +3.0000e+00 +3.0000e+00 +3.0000e+00 +3.0000e+00
61 +5.089746496e+01 +5.089746496e+01 +5.460746496e+01 +5.460746496e+01 +0.0000e+00 +0.0000e+00 +0.0000e+00 +0.0000e+00 +0.0000e+00 +0.0000e+00 +0.0000e+00 +0.0000e+00 +0.0000e+00 +0.0000e+00
% function evaluation | noise-free fitness - Fopt (9.478000000000e+01) | best noise-free fitness - Fopt | measured fitness | best measured fitness | x1 | x2...
1 +7.623129082e+02 +7.623129082e+02 +8.570929082e+02 +8.570929082e+02 +0.0000e+00 +6.0000e+00 +6.0000e+00 +9.0000e+00 +6.0000e+00 +6.0000e+00 +7.0000e+00 +1.7000e+01 +9.0000e+00 +1.7000e+01
5 +6.084169082e+02 +6.084169082e+02 +7.031969082e+02 +7.031969082e+02 +5.0000e+00 +8.0000e+00 +5.0000e+00 +0.0000e+00 +1.6000e+01 +5.0000e+00 +8.0000e+00 +8.0000e+00 +1.6000e+01 +8.0000e+00
33 +3.072313082e+02 +3.072313082e+02 +4.020113082e+02 +4.020113082e+02 +1.0000e+00 +1.0000e+00 +9.0000e+00 +1.0000e+00 +9.0000e+00 +9.0000e+00 +9.0000e+00 +9.0000e+00 +9.0000e+00 +1.0000e+00
41 +8.522650816e+01 +8.522650816e+01 +1.800065082e+02 +1.800065082e+02 +0.0000e+00 +0.0000e+00 +0.0000e+00 +0.0000e+00 +0.0000e+00 +0.0000e+00 +7.0000e+00 +0.0000e+00 +0.0000e+00 +7.0000e+00
% function evaluation | noise-free fitness - Fopt (2.339200000000e+02) | best noise-free fitness - Fopt | measured fitness | best measured fitness | x1 | x2...
1 +3.701577648e+03 +3.701577648e+03 +3.935497648e+03 +3.935497648e+03 +2.1000e+01 +2.1000e+01 +6.0000e+00 +2.1000e+01 +2.1000e+01 +2.1000e+01 +7.0000e+00 +2.6000e+01 +3.0000e+00 +2.6000e+01
3 +2.131728048e+03 +2.131728048e+03 +2.365648048e+03 +2.365648048e+03 +1.5000e+01 +1.5000e+01 +1.5000e+01 +1.5000e+01 +1.5000e+01 +1.5000e+01 +2.3000e+01 +0.0000e+00 +1.0000e+01 +0.0000e+00
19 +1.469638448e+03 +1.469638448e+03 +1.703558448e+03 +1.703558448e+03 +0.0000e+00 +1.5000e+01 +3.0000e+00 +1.9000e+01 +1.1000e+01 +3.0000e+00 +1.9000e+01 +1.5000e+01 +0.0000e+00 +1.1000e+01
27 +6.224512480e+02 +6.224512480e+02 +8.563712480e+02 +8.563712480e+02 +1.0000e+00 +1.0000e+00 +1.0000e+00 +1.7000e+01 +1.3000e+01 +1.0000e+00 +1.0000e+00 +1.0000e+00 +1.0000e+00 +1.0000e+00
43 +8.457604800e+01 +8.457604800e+01 +3.184960480e+02 +3.184960480e+02 +1.0000e+00 +1.0000e+00 +1.0000e+00 +1.0000e+00 +5.0000e+00 +5.0000e+00 +1.0000e+00 +1.0000e+00 +1.0000e+00 +1.0000e+00
55 +4.867364800e+01 +4.867364800e+01 +2.825936480e+02 +2.825936480e+02 +0.0000e+00 +2.0000e+00 +0.0000e+00 +0.0000e+00 +0.0000e+00 +0.0000e+00 +0.0000e+00 +0.0000e+00 +0.0000e+00 +0.0000e+00
% function evaluation | noise-free fitness - Fopt (-6.092000000000e+01) | best noise-free fitness - Fopt | measured fitness | best measured fitness | x1 | x2...
1 +3.631262668e+03 +3.631262668e+03 +3.570342668e+03 +3.570342668e+03 +2.9000e+01 +3.0000e+00 +2.7000e+01 +2.2000e+01 +5.0000e+00 +1.1000e+01 +4.0000e+00 +2.7000e+01 +4.0000e+00 +2.7000e+01
2 +2.046725068e+03 +2.046725068e+03 +1.985805068e+03 +1.985805068e+03 +1.9000e+01 +9.0000e+00 +1.7000e+01 +1.3000e+01 +1.1000e+01 +1.7000e+01 +1.0000e+01 +1.7000e+01 +1.0000e+01 +1.7000e+01
19 +1.255344268e+03 +1.255344268e+03 +1.194424268e+03 +1.194424268e+03 +1.0000e+01 +1.0000e+01 +2.2000e+01 +1.0000e+01 +1.0000e+01 +1.0000e+01 +6.0000e+00 +1.0000e+01 +1.0000e+01 +1.0000e+01
27 +9.433154682e+02 +9.433154682e+02 +8.823954682e+02 +8.823954682e+02 +8.0000e+00 +8.0000e+00 +8.0000e+00 +8.0000e+00 +8.0000e+00 +2.0000e+01 +8.0000e+00 +8.0000e+00 +8.0000e+00 +8.0000e+00
39 +6.282578682e+02 +6.282578682e+02 +5.673378682e+02 +5.673378682e+02 +5.0000e+00 +1.0000e+00 +1.0000e+00 +5.0000e+00 +5.0000e+00 +2.1000e+01 +5.0000e+00 +5.0000e+00 +5.0000e+00 +5.0000e+00
54 +3.847586682e+02 +3.847586682e+02 +3.238386682e+02 +3.238386682e+02 +6.0000e+00 +6.0000e+00 +6.0000e+00 +6.0000e+00 +6.0000e+00 +6.0000e+00 +6.0000e+00 +6.0000e+00 +6.0000e+00 +6.0000e+00
62 +1.923778682e+02 +1.923778682e+02 +1.314578682e+02 +1.314578682e+02 +4.0000e+00 +4.0000e+00 +4.0000e+00 +4.0000e+00 +4.0000e+00 +4.0000e+00 +4.0000e+00 +4.0000e+00 +4.0000e+00 +4.0000e+00
66 +1.261874682e+02 +1.261874682e+02 +6.526746816e+01 +6.526746816e+01 +3.0000e+00 +3.0000e+00 +3.0000e+00 +3.0000e+00 +3.0000e+00 +3.0000e+00 +3.0000e+00 +3.0000e+00 +3.0000e+00 +3.0000e+00
70 +7.999706816e+01 +7.999706816e+01 +1.907706816e+01 +1.907706816e+01 +2.0000e+00 +2.0000e+00 +2.0000e+00 +2.0000e+00 +2.0000e+00 +2.0000e+00 +2.0000e+00 +2.0000e+00 +2.0000e+00 +2.0000e+00
74 +5.380666816e+01 +5.380666816e+01 -7.113331840e+00 -7.113331840e+00 +1.0000e+00 +1.0000e+00 +1.0000e+00 +1.0000e+00 +1.0000e+00 +1.0000e+00 +1.0000e+00 +1.0000e+00 +1.0000e+00 +1.0000e+00
% function evaluation | noise-free fitness - Fopt (-1.948000000000e+01) | best noise-free fitness - Fopt | measured fitness | best measured fitness | x1 | x2...
1 +4.469983150e+03 +4.469983150e+03 +4.450503150e+03 +4.450503150e+03 +1.7000e+01 +1.0000e+00 +1.7000e+01 +2.7000e+01 +2.7000e+01 +2.9000e+01 +2.9000e+01 +1.0000e+00 +2.1000e+01 +2.1000e+01
8 +3.828928750e+03 +3.828928750e+03 +3.809448750e+03 +3.809448750e+03 +2.6000e+01 +1.7000e+01 +2.5000e+01 +0.0000e+00 +2.1000e+01 +0.0000e+00 +2.5000e+01 +2.1000e+01 +1.8000e+01 +2.1000e+01
25 +2.464559150e+03 +2.464559150e+03 +2.445079150e+03 +2.445079150e+03 +1.5000e+01 +1.9000e+01 +1.5000e+01 +1.5000e+01 +1.5000e+01 +1.5000e+01 +1.9000e+01 +1.5000e+01 +1.5000e+01 +1.5000e+01
53 +1.577160750e+03 +1.577160750e+03 +1.557680750e+03 +1.557680750e+03 +1.2000e+01 +1.2000e+01 +1.2000e+01 +1.6000e+01 +1.6000e+01 +1.2000e+01 +8.0000e+00 +1.2000e+01 +1.2000e+01 +1.6000e+01
70 +7.882455501e+02 +7.882455501e+02 +7.687655501e+02 +7.687655501e+02 +9.0000e+00 +9.0000e+00 +9.0000e+00 +9.0000e+00 +9.0000e+00 +9.0000e+00 +9.0000e+00 +9.0000e+00 +9.0000e+00 +9.0000e+00
74 +6.255191501e+02 +6.255191501e+02 +6.060391501e+02 +6.060391501e+02 +8.0000e+00 +8.0000e+00 +8.0000e+00 +8.0000e+00 +8.0000e+00 +8.0000e+00 +8.0000e+00 +8.0000e+00 +8.0000e+00 +8.0000e+00
82 +3.600663501e+02 +3.600663501e+02 +3.405863501e+02 +3.405863501e+02 +6.0000e+00 +6.0000e+00 +6.0000e+00 +6.0000e+00 +6.0000e+00 +6.0000e+00 +6.0000e+00 +6.0000e+00 +6.0000e+00 +6.0000e+00
90 +1.746135501e+02 +1.746135501e+02 +1.551335501e+02 +1.551335501e+02 +4.0000e+00 +4.0000e+00 +4.0000e+00 +4.0000e+00 +4.0000e+00 +4.0000e+00 +4.0000e+00 +4.0000e+00 +4.0000e+00 +4.0000e+00
94 +1.118871501e+02 +1.118871501e+02 +9.240715008e+01 +9.240715008e+01 +3.0000e+00 +3.0000e+00 +3.0000e+00 +3.0000e+00 +3.0000e+00 +3.0000e+00 +3.0000e+00 +3.0000e+00 +3.0000e+00 +3.0000e+00
98 +6.916075008e+01 +6.916075008e+01 +4.968075008e+01 +4.968075008e+01 +2.0000e+00 +2.0000e+00 +2.0000e+00 +2.0000e+00 +2.0000e+00 +2.0000e+00 +2.0000e+00 +2.0000e+00 +2.0000e+00 +2.0000e+00
102 +4.643435008e+01 +4.643435008e+01 +2.695435008e+01 +2.695435008e+01 +1.0000e+00 +1.0000e+00 +1.0000e+00 +1.0000e+00 +1.0000e+00 +1.0000e+00 +1.0000e+00 +1.0000e+00 +1.0000e+00 +1.0000e+00
% function evaluation | noise-free fitness - Fopt (1.344700000000e+02) | best noise-free fitness - Fopt | measured fitness | best measured fitness | x1 | x2...
1 +5.428358860e+03 +5.428358860e+03 +5.562828860e+03 +5.562828860e+03 +3.1000e+01 +1.6000e+01 +2.4000e+01 +2.4000e+01 +1.0000e+01 +2.2000e+01 +2.4000e+01 +2.4000e+01 +8.0000e+00 +2.8000e+01
2 +3.585136460e+03 +3.585136460e+03 +3.719606460e+03 +3.719606460e+03 +1.3000e+01 +8.0000e+00 +2.8000e+01 +2.8000e+01 +1.3000e+01 +1.4000e+01 +8.0000e+00 +8.0000e+00 +2.1000e+01 +1.8000e+01
3 +1.974029260e+03 +1.974029260e+03 +2.108499260e+03 +2.108499260e+03 +1.0000e+01 +2.3000e+01 +1.4000e+01 +1.4000e+01 +1.7000e+01 +0.0000e+00 +1.5000e+01 +1.5000e+01 +7.0000e+00 +0.0000e+00
15 +8.663028595e+02 +8.663028595e+02 +1.000772860e+03 +1.000772860e+03 +4.0000e+00 +4.0000e+00 +1.1000e+01 +4.0000e+00 +4.0000e+00 +1.2000e+01 +7.0000e+00 +1.1000e+01 +1.1000e+01 +7.0000e+00
23 +3.401124595e+02 +3.401124595e+02 +4.745824595e+02 +4.745824595e+02 +2.0000e+00 +2.0000e+00 +2.0000e+00 +2.0000e+00 +9.0000e+00 +9.0000e+00 +2.0000e+00 +2.0000e+00 +2.0000e+00 +2.0000e+00
27 +1.961076595e+02 +1.961076595e+02 +3.305776595e+02 +3.305776595e+02 +1.0000e+00 +1.0000e+00 +1.0000e+00 +1.0000e+00 +1.0000e+00 +1.0000e+00 +1.0000e+00 +1.0000e+00 +1.0000e+00 +8.0000e+00
35 +1.334324595e+02 +1.334324595e+02 +2.679024595e+02 +2.679024595e+02 +0.0000e+00 +0.0000e+00 +0.0000e+00 +0.0000e+00 +0.0000e+00 +0.0000e+00 +0.0000e+00 +0.0000e+00 +0.0000e+00 +6.0000e+00
42 +6.434125952e+01 +6.434125952e+01 +1.988112595e+02 +1.988112595e+02 +0.0000e+00 +0.0000e+00 +0.0000e+00 +0.0000e+00 +0.0000e+00 +0.0000e+00 +0.0000e+00 +0.0000e+00 +0.0000e+00 +0.0000e+00
% function evaluation | noise-free fitness - Fopt (4.453500000000e+02) | best noise-free fitness - Fopt | measured fitness | best measured fitness | x1 | x2...
1 +2.668633505e+03 +2.668633505e+03 +3.113983505e+03 +3.113983505e+03 +5.0000e+00 +6.0000e+00 +2.0000e+01 +2.5000e+01 +6.0000e+00 +6.0000e+00 +2.5000e+01 +2.5000e+01 +6.0000e+00 +1.0000e+01
5 +2.463676705e+03 +2.463676705e+03 +2.909026705e+03 +2.909026705e+03 +5.0000e+00 +5.0000e+00 +5.0000e+00 +2.4000e+01 +2.4000e+01 +9.0000e+00 +2.4000e+01 +2.4000e+01 +5.0000e+00 +5.0000e+00
43 +1.417419105e+03 +1.417419105e+03 +1.862769105e+03 +1.862769105e+03 +1.2000e+01 +1.2000e+01 +1.2000e+01 +1.2000e+01 +1.2000e+01 +1.2000e+01 +1.2000e+01 +1.2000e+01 +1.2000e+01 +1.2000e+01
51 +9.924847053e+02 +9.924847053e+02 +1.437834705e+03 +1.437834705e+03 +1.0000e+01 +1.0000e+01 +1.0000e+01 +1.0000e+01 +1.0000e+01 +1.0000e+01 +1.0000e+01 +1.0000e+01 +1.0000e+01 +1.0000e+01
63 +5.050831053e+02 +5.050831053e+02 +9.504331053e+02 +9.504331053e+02 +7.0000e+00 +7.0000e+00 +7.0000e+00 +7.0000e+00 +7.0000e+00 +7.0000e+00 +7.0000e+00 +7.0000e+00 +7.0000e+00 +7.0000e+00
67 +3.826159053e+02 +3.826159053e+02 +8.279659053e+02 +8.279659053e+02 +6.0000e+00 +6.0000e+00 +6.0000e+00 +6.0000e+00 +6.0000e+00 +6.0000e+00 +6.0000e+00 +6.0000e+00 +6.0000e+00 +6.0000e+00
75 +1.976815053e+02 +1.976815053e+02 +6.430315053e+02 +6.430315053e+02 +4.0000e+00 +4.0000e+00 +4.0000e+00 +4.0000e+00 +4.0000e+00 +4.0000e+00 +4.0000e+00 +4.0000e+00 +4.0000e+00 +4.0000e+00
79 +1.352143053e+02 +1.352143053e+02 +5.805643053e+02 +5.805643053e+02 +3.0000e+00 +3.0000e+00 +3.0000e+00 +3.0000e+00 +3.0000e+00 +3.0000e+00 +3.0000e+00 +3.0000e+00 +3.0000e+00 +3.0000e+00
83 +9.274710528e+01 +9.274710528e+01 +5.380971053e+02 +5.380971053e+02 +2.0000e+00 +2.0000e+00 +2.0000e+00 +2.0000e+00 +2.0000e+00 +2.0000e+00 +2.0000e+00 +2.0000e+00 +2.0000e+00 +2.0000e+00
