% function evaluation | noise-free fitness - Fopt (7.948000000000e+01) | best noise-free fitness - Fopt | measured fitness | best measured fitness | x1 | x2...
1 +9.860576017e+03 +9.860576017e+03 +9.940056017e+03 +9.940056017e+03 +3.0000e+01 +1.9000e+01 +2.8000e+01 +3.0000e+01 +2.8000e+01 +1.1000e+01 +2.5000e+01 +2.5000e+01 +1.9000e+01 +2.2000e+01 +2.7000e+01 +2.5000e+01 +1.0000e+00 +2.4000e+01 +7.0000e+00 +1.0000e+01 +2.5000e+01 +2.0000e+00 +2.2000e+01 +2.2000e+01
3 +3.605380817e+03 +3.605380817e+03 +3.684860817e+03 +3.684860817e+03 +1.4000e+01 +5.0000e+00 +6.0000e+00 +1.4000e+01 +6.0000e+00 +7.0000e+00 +2.4000e+01 +2.4000e+01 +5.0000e+00 +0.0000e+00 +1.7000e+01 +2.4000e+01 +1.2000e+01 +0.0000e+00 +7.0000e+00 +1.5000e+01 +2.4000e+01 +5.0000e+00 +0.0000e+00 +0.0000e+00
35 +2.221692817e+03 +2.221692817e+03 +2.301172817e+03 +2.301172817e+03 +2.2000e+01 +0.0000e+00 +6.0000e+00 +6.0000e+00 +4.0000e+00 +6.0000e+00 +6.0000e+00 +1.6000e+01 +6.0000e+00 +6.0000e+00 +1.6000e+01 +1.6000e+01 +6.0000e+00 +1.6000e+01 +6.0000e+00 +1.6000e+01 +4.0000e+00 +6.0000e+00 +6.0000e+00 +0.0000e+00
39 +1.202644817e+03 +1.202644817e+03 +1.282124817e+03 +1.282124817e+03 +5.0000e+00 +5.0000e+00 +0.0000e+00 +5.0000e+00 +5.0000e+00 +5.0000e+00 +1.5000e+01 +1.5000e+01 +1.5000e+01 +5.0000e+00 +5.0000e+00 +5.0000e+00 +5.0000e+00 +5.0000e+00 +5.0000e+00 +5.0000e+00 +5.0000e+00 +5.0000e+00 +5.0000e+00 +5.0000e+00
43 +3.728832173e+02 +3.728832173e+02 +4.523632173e+02 +4.523632173e+02 +4.0000e+00 +4.0000e+00 +4.0000e+00 +4.0000e+00 +4.0000e+00 +4.0000e+00 +4.0000e+00 +4.0000e+00 +4.0000e+00 +4.0000e+00 +0.0000e+00 +4.0000e+00 +4.0000e+00 +4.0000e+00 +4.0000e+00 +4.0000e+00 +4.0000e+00 +4.0000e+00 +4.0000e+00 +4.0000e+00
51 +1.747424173e+02 +1.747424173e+02 +2.542224173e+02 +2.542224173e+02 +2.0000e+00 +2.0000e+00 +2.0000e+00 +2.0000e+00 +2.0000e+00 +2.0000e+00 +2.0000e+00 +2.0000e+00 +2.0000e+00 +2.0000e+00 +2.0000e+00 +2.0000e+00 +2.0000e+00 +2.0000e+00 +2.0000e+00 +2.0000e+00 +2.0000e+00 +2.0000e+00 +2.0000e+00 +2.0000e+00
55 +1.122576173e+02 +1.122576173e+02 +1.917376173e+02 +1.917376173e+02 +1.0000e+00 +1.0000e+00 +1.0000e+00 +1.0000e+00 +1.0000e+00 +1.0000e+00 +1.0000e+00 +1.0000e+00 +1.0000e+00 +1.0000e+00 +1.0000e+00 +1.0000e+00 +1.0000e+00 +1.0000e+00 +1.0000e+00 +1.0000e+00 +1.0000e+00 +1.0000e+00 +1.0000e+00 +1.0000e+00
59 +8.977281728e+01 +8.977281728e+01 +1.692528173e+02 +1.692528173e+02 +0.0000e+00 +0.0000e+00 +0.0000e+00 +0.0000e+00 +0.0000e+00 +0.0000e+00 +0.0000e+00 +0.0000e+00 +0.0000e+00 +0.0000e+00 +0.0000e+00 +0.0000e+00 +0.0000e+00 +0.0000e+00 +0.0000e+00 +0.0000e+00 +0.0000e+00 +0.0000e+00 +0.0000e+00 +0.0000e+00
% function evaluation | noise-free fitness - Fopt (3.944800000000e+02) | best noise-free fitness - Fopt | measured fitness | best measured fitness | x1 | x2...
1 +1.008927568e+04 +1.008927568e+04 +1.048375568e+04 +1.048375568e+04 +7.0000e+00 +3.0000e+01 +1.1000e+01 +2.8000e+01 +2.6000e+01 +2.4000e+01 +2.6000e+01 +1.1000e+01 +2.8000e+01 +1.4000e+01 +2.9000e+01 +2.0000e+01 +2.4000e+01 +1.4000e+01 +2.6000e+01 +2.0000e+01 +1.5000e+01 +2.8000e+01 +2.7000e+01 +1.4000e+01
2 +6.077381282e+03 +6.077381282e+03 +6.471861282e+03 +6.471861282e+03 +1.1000e+01 +3.1000e+01 +1.5000e+01 +4.0000e+00 +2.6000e+01 +1.6000e+01 +2.6000e+01 +1.5000e+01 +4.0000e+00 +1.9000e+01 +1.0000e+00 +1.0000e+01 +1.6000e+01 +7.0000e+00 +2.6000e+01 +1.0000e+01 +1.7000e+01 +4.0000e+00 +1.0000e+01 +1.9000e+01
18 +3.566173282e+03 +3.566173282e+03 +3.960653282e+03 +3.960653282e+03 +6.0000e+00 +1.6000e+01 +0.0000e+00 +0.0000e+00 +0.0000e+00 +6.0000e+00 +2.2000e+01 +0.0000e+00 +2.2000e+01 +2.2000e+01 +0.0000e+00 +2.2000e+01 +2.2000e+01 +0.0000e+00 +0.0000e+00 +0.0000e+00 +6.0000e+00 +0.0000e+00 +2.2000e+01 +6.0000e+00
34 +2.261661282e+03 +2.261661282e+03 +2.656141282e+03 +2.656141282e+03 +0.0000e+00 +0.0000e+00 +2.0000e+00 +2.0000e+00 +1.8000e+01 +1.8000e+01 +0.0000e+00 +0.0000e+00 +1.8000e+01 +1.8000e+01 +2.0000e+00 +2.0000e+00 +0.0000e+00 +1.8000e+01 +2.0000e+00 +2.0000e+00 +0.0000e+00 +1.8000e+01 +2.0000e+00 +2.0000e+00
46 +4.222068819e+02 +4.222068819e+02 +8.166868819e+02 +8.166868819e+02 +0.0000e+00 +0.0000e+00 +0.0000e+00 +1.5000e+01 +0.0000e+00 +0.0000e+00 +0.0000e+00 +0.0000e+00 +0.0000e+00 +0.0000e+00 +1.5000e+01 +0.0000e+00 +0.0000e+00 +0.0000e+00 +0.0000e+00 +0.0000e+00 +0.0000e+00 +0.0000e+00 +0.0000e+00 +0.0000e+00
50 +1.466628819e+02 +1.466628819e+02 +5.411428819e+02 +5.411428819e+02 +0.0000e+00 +0.0000e+00 +0.0000e+00 +0.0000e+00 +0.0000e+00 +0.0000e+00 +0.0000e+00 +0.0000e+00 +0.0000e+00 +0.0000e+00 +0.0000e+00 +0.0000e+00 +0.0000e+00 +0.0000e+00 +0.0000e+00 +0.0000e+00 +0.0000e+00 +0.0000e+00 +0.0000e+00 +0.0000e+00
% function evaluation | noise-free fitness - Fopt (-2.471100000000e+02) | best noise-free fitness - Fopt | measured fitness | best measured fitness | x1 | x2...
1 +4.744894996e+03 +4.744894996e+03 +4.497784996e+03 +4.497784996e+03 +6.0000e+00 +1.8000e+01 +1.0000e+00 +1.8000e+01 +1.8000e+01 +2.9000e+01 +6.0000e+00 +2.4000e+01 +1.8000e+01 +6.0000e+00 +1.0000e+01 +1.8000e+01 +6.0000e+00 +1.4000e+01 +1.0000e+01 +6.0000e+00 +1.8000e+01 +1.3000e+01 +1.9000e+01 +1.8000e+01
13 +3.146390996e+03 +3.146390996e+03 +2.899280996e+03 +2.899280996e+03 +3.0000e+00 +3.0000e+00 +7.0000e+00 +3.0000e+00 +3.0000e+00 +3.0000e+00 +1.5000e+01 +1.5000e+01 +1.5000e+01 +1.5000e+01 +3.0000e+00 +1.5000e+01 +1.5000e+01 +3.0000e+00 +2.6000e+01 +1.5000e+01 +1.5000e+01 +2.6000e+01 +3.0000e+00 +1.5000e+01
17 +1.816059796e+03 +1.816059796e+03 +1.568949796e+03 +1.568949796e+03 +2.0000e+00 +2.0000e+00 +2.0000e+00 +2.0000e+00 +1.4000e+01 +2.0000e+00 +1.4000e+01 +1.4000e+01 +1.4000e+01 +2.0000e+00 +2.0000e+00 +2.0000e+00 +2.0000e+00 +1.4000e+01 +2.5000e+01 +2.0000e+00 +2.0000e+00 +2.0000e+00 +2.0000e+00 +1.4000e+01
21 +3.834853958e+02 +3.834853958e+02 +1.363753958e+02 +1.363753958e+02 +1.0000e+00 +1.0000e+00 +1.0000e+00 +1.0000e+00 +1.0000e+00 +1.0000e+00 +1.0000e+00 +1.0000e+00 +1.0000e+00 +1.0000e+00 +1.0000e+00 +1.0000e+00 +1.3000e+01 +1.0000e+00 +1.0000e+00 +1.0000e+00 +1.0000e+00 +1.0000e+00 +1.0000e+00 +1.3000e+01
25 +1.994293958e+02 +1.994293958e+02 -4.768060416e+01 -4.768060416e+01 +0.0000e+00 +0.0000e+00 +0.0000e+00 +0.0000e+00 +0.0000e+00 +0.0000e+00 +0.0000e+00 +0.0000e+00 +0.0000e+00 +1.2000e+01 +0.0000e+00 +0.0000e+00 +0.0000e+00 +0.0000e+00 +0.0000e+00 +0.0000e+00 +0.0000e+00 +0.0000e+00 +0.0000e+00 +0.0000e+00
49 +1.231669958e+02 +1.231669958e+02 -1.239430042e+02 -1.239430042e+02 +0.0000e+00 +0.0000e+00 +0.0000e+00 +0.0000e+00 +0.0000e+00 +0.0000e+00 +0.0000e+00 +0.0000e+00 +0.0000e+00 +0.0000e+00 +0.0000e+00 +0.0000e+00 +0.0000e+00 +0.0000e+00 +0.0000e+00 +0.0000e+00 +0.0000e+00 +0.0000e+00 +0.0000e+00 +0.0000e+00
% function evaluation | noise-free fitness - Fopt (-1.520400000000e+02) | best noise-free fitness - Fopt | measured fitness | best measured fitness | x1 | x2...
1 +5.736581635e+03 +5.736581635e+03 +5.584541635e+03 +5.584541635e+03 +2.5000e+01 +1.0000e+00 +2.2000e+01 +1.9000e+01 +1.5000e+01 +2.6000e+01 +0.0000e+00 +2.6000e+01 +5.0000e+00 +0.0000e+00 +5.0000e+00 +5.0000e+00 +1.5000e+01 +1.9000e+01 +2.6000e+01 +8.0000e+00 +2.2000e+01 +1.5000e+01 +1.1000e+01 +2.6000e+01
20 +3.342141635e+03 +3.342141635e+03 +3.190101635e+03 +3.190101635e+03 +1.6000e+01 +6.0000e+00 +2.2000e+01 +6.0000e+00 +0.0000e+00 +0.0000e+00 +0.0000e+00 +5.0000e+00 +2.2000e+01 +5.0000e+00 +0.0000e+00 +2.6000e+01 +0.0000e+00 +5.0000e+00 +5.0000e+00 +2.6000e+01 +2.2000e+01 +0.0000e+00 +5.0000e+00 +0.0000e+00
24 +1.939448835e+03 +1.939448835e+03 +1.787408835e+03 +1.787408835e+03 +5.0000e+00 +0.0000e+00 +0.0000e+00 +0.0000e+00 +2.1000e+01 +2.1000e+01 +0.0000e+00 +0.0000e+00 +4.0000e+00 +4.0000e+00 +0.0000e+00 +2.5000e+01 +0.0000e+00 +4.0000e+00 +0.0000e+00 +0.0000e+00 +0.0000e+00 +0.0000e+00 +4.0000e+00 +2.1000e+01
36 +1.511128835e+03 +1.511128835e+03 +1.359088835e+03 +1.359088835e+03 +0.0000e+00 +0.0000e+00 +1.8000e+01 +1.0000e+00 +1.0000e+00 +0.0000e+00 +0.0000e+00 +0.0000e+00 +1.8000e+01 +0.0000e+00 +1.0000e+00 +1.8000e+01 +1.0000e+00 +0.0000e+00 +0.0000e+00 +0.0000e+00 +1.8000e+01 +0.0000e+00 +1.0000e+00 +1.0000e+00
44 +5.351512352e+02 +5.351512352e+02 +3.831112352e+02 +3.831112352e+02 +0.0000e+00 +0.0000e+00 +0.0000e+00 +0.0000e+00 +1.6000e+01 +0.0000e+00 +0.0000e+00 +0.0000e+00 +0.0000e+00 +0.0000e+00 +0.0000e+00 +0.0000e+00 +0.0000e+00 +0.0000e+00 +1.6000e+01 +0.0000e+00 +0.0000e+00 +0.0000e+00 +0.0000e+00 +0.0000e+00
52 +1.096536352e+02 +1.096536352e+02 -4.238636480e+01 -4.238636480e+01 +0.0000e+00 +0.0000e+00 +0.0000e+00 +0.0000e+00 +0.0000e+00 +0.0000e+00 +0.0000e+00 +0.0000e+00 +0.0000e+00 +0.0000e+00 +0.0000e+00 +0.0000e+00 +0.0000e+00 +0.0000e+00 +0.0000e+00 +0.0000e+00 +0.0000e+00 +0.0000e+00 +0.0000e+00 +0.0000e+00
% function evaluation | noise-free fitness - Fopt (-2.525000000000e+01) | best noise-free fitness - Fopt | measured fitness | best measured fitness | x1 | x2...
1 +8.463354828e+03 +8.463354828e+03 +8.438104828e+03 +8.438104828e+03 +9.0000e+00 +2.8000e+01 +1.2000e+01 +8.0000e+00 +2.5000e+01 +2.9000e+01 +9.0000e+00 +2.5000e+01 +2.5000e+01 +2.9000e+01 +1.7000e+01 +2.5000e+01 +2.6000e+01 +1.1000e+01 +9.0000e+00 +1.7000e+01 +2.9000e+01 +2.5000e+01 +8.0000e+00 +0.0000e+00
4 +5.494244428e+03 +5.494244428e+03 +5.468994428e+03 +5.468994428e+03 +9.0000e+00 +2.5000e+01 +2.0000e+00 +9.0000e+00 +2.4000e+01 +1.9000e+01 +2.6000e+01 +1.9000e+01 +2.4000e+01 +1.9000e+01 +3.0000e+00 +1.9000e+01 +2.0000e+00 +3.0000e+00 +1.8000e+01 +3.0000e+00 +1.9000e+01 +1.9000e+01 +9.0000e+00 +1.4000e+01
19 +2.358239628e+03 +2.358239628e+03 +2.332989628e+03 +2.332989628e+03 +2.6000e+01 +1.0000e+01 +1.0000e+01 +1.0000e+01 +1.4000e+01 +1.0000e+01 +1.0000e+01 +6.0000e+00 +1.0000e+01 +1.0000e+01 +1.0000e+01 +1.0000e+01 +1.0000e+01 +1.0000e+01 +1.0000e+01 +1.0000e+01 +1.0000e+01 +1.0000e+00 +6.0000e+00 +1.0000e+01
23 +1.528078028e+03 +1.528078028e+03 +1.502828028e+03 +1.502828028e+03 +9.0000e+00 +9.0000e+00 +0.0000e+00 +0.0000e+00 +9.0000e+00 +9.0000e+00 +9.0000e+00 +9.0000e+00 +9.0000e+00 +9.0000e+00 +9.0000e+00 +9.0000e+00 +9.0000e+00 +9.0000e+00 +5.0000e+00 +1.3000e+01 +9.0000e+00 +9.0000e+00 +9.0000e+00 +9.0000e+00
31 +8.518076282e+02 +8.518076282e+02 +8.265576282e+02 +8.265576282e+02 +7.0000e+00 +7.0000e+00 +0.0000e+00 +7.0000e+00 +7.0000e+00 +7.0000e+00 +7.0000e+00 +7.0000e+00 +0.0000e+00 +7.0000e+00 +7.0000e+00 +7.0000e+00 +7.0000e+00 +0.0000e+00 +7.0000e+00 +7.0000e+00 +7.0000e+00 +7.0000e+00 +7.0000e+00 +0.0000e+00
35 +4.725532282e+02 +4.725532282e+02 +4.473032282e+02 +4.473032282e+02 +2.0000e+00 +4.0000e+00 +6.0000e+00 +6.0000e+00 +6.0000e+00 +0.0000e+00 +6.0000e+00 +6.0000e+00 +0.0000e+00 +0.0000e+00 +6.0000e+00 +6.0000e+00 +0.0000e+00 +0.0000e+00 +6.0000e+00 +0.0000e+00 +6.0000e+00 +6.0000e+00 +6.0000e+00 +0.0000e+00
39 +2.556620282e+02 +2.556620282e+02 +2.304120282e+02 +2.304120282e+02 +5.0000e+00 +0.0000e+00 +5.0000e+00 +0.0000e+00 +0.0000e+00 +5.0000e+00 +5.0000e+00 +0.0000e+00 +5.0000e+00 +0.0000e+00 +5.0000e+00 +5.0000e+00 +1.0000e+00 +0.0000e+00 +3.0000e+00 +0.0000e+00 +5.0000e+00 +0.0000e+00 +5.0000e+00 +0.0000e+00
43 +2.117148282e+02 +2.117148282e+02 +1.864648282e+02 +1.864648282e+02 +4.0000e+00 +0.0000e+00 +4.0000e+00 +0.0000e+00 +0.0000e+00 +0.0000e+00 +4.0000e+00 +0.0000e+00 +0.0000e+00 +4.0000e+00 +2.0000e+00 +0.0000e+00 +4.0000e+00 +0.0000e+00 +0.0000e+00 +4.0000e+00 +0.0000e+00 +0.0000e+00 +0.0000e+00 +2.0000e+00
47 +1.498636282e+02 +1.498636282e+02 +1.246136282e+02 +1.246136282e+02 +3.0000e+00 +3.0000e+00 +0.0000e+00 +0.0000e+00 +3.0000e+00 +3.0000e+00 +3.0000e+00 +3.0000e+00 +0.0000e+00 +1.0000e+00 +0.0000e+00 +0.0000e+00 +0.0000e+00 +0.0000e+00 +0.0000e+00 +0.0000e+00 +3.0000e+00 +3.0000e+00 +3.0000e+00 +0.0000e+00
51 +8.768282816e+01 +8.768282816e+01 +6.243282816e+01 +6.243282816e+01 +2.0000e+00 +0.0000e+00 +2.0000e+00 +0.0000e+00 +0.0000e+00 +0.0000e+00 +0.0000e+00 +2.0000e+00 +0.0000e+00 +0.0000e+00 +2.0000e+00 +0.0000e+00 +0.0000e+00 +0.0000e+00 +0.0000e+00 +0.0000e+00 +0.0000e+00 +2.0000e+00 +2.0000e+00 +0.0000e+00
110 +6.278682816e+01 +6.278682816e+01 +3.753682816e+01 +3.753682816e+01 +0.0000e+00 +0.0000e+00 +0.0000e+00 +0.0000e+00 +2.0000e+00 +0.0000e+00 +0.0000e+00 +0.0000e+00 +0.0000e+00 +0.0000e+00 +0.0000e+00 +0.0000e+00 +0.0000e+00 +0.0000e+00 +0.0000e+00 +0.0000e+00 +0.0000e+00 +0.0000e+00 +0.0000e+00 +0.0000e+00
% function evaluation | noise-free fitness - Fopt (2.230000000000e+00) | best noise-free fitness - Fopt | measured fitness | best measured fitness | x1 | x2...
1 +9.121659383e+03 +9.121659383e+03 +9.123889383e+03 +9.123889383e+03 +1.2000e+01 +2.1000e+01 +1.4000e+01 +2.5000e+01 +1.6000e+01 +2.5000e+01 +2.0000e+01 +2.9000e+01 +2.6000e+01 +8.0000e+00 +2.0000e+01 +1.3000e+01 +3.0000e+01 +5.0000e+00 +2.5000e+01 +1.6000e+01 +2.6000e+01 +2.5000e+01 +2.7000e+01 +8.0000e+00
2 +4.887454583e+03 +4.887454583e+03 +4.889684583e+03 +4.889684583e+03 +6.0000e+00 +2.3000e+01 +2.2000e+01 +1.4000e+01 +1.1000e+01 +1.4000e+01 +2.2000e+01 +1.4000e+01 +1.1000e+01 +2.2000e+01 +2.2000e+01 +7.0000e+00 +7.0000e+00 +1.4000e+01 +9.0000e+00 +1.1000e+01 +7.0000e+00 +9.0000e+00 +8.0000e+00 +2.2000e+01
10 +3.695385783e+03 +3.695385783e+03 +3.697615783e+03 +3.697615783e+03 +6.0000e+00 +7.0000e+00 +6.0000e+00 +2.1000e+01 +2.0000e+01 +5.0000e+00 +9.0000e+00 +5.0000e+00 +7.0000e+00 +2.0000e+01 +2.0000e+01 +4.0000e+00 +9.0000e+00 +2.0000e+01 +2.0000e+01 +9.0000e+00 +9.0000e+00 +2.0000e+01 +7.0000e+00 +9.0000e+00
22 +1.673977783e+03 +1.673977783e+03 +1.676207783e+03 +1.676207783e+03 +1.7000e+01 +4.0000e+00 +3.0000e+00 +1.7000e+01 +3.0000e+00 +4.0000e+00 +1.7000e+01 +6.0000e+00 +3.0000e+00 +4.0000e+00 +3.0000e+00 +6.0000e+00 +4.0000e+00 +4.0000e+00 +9.0000e+00 +4.0000e+00 +9.0000e+00 +4.0000e+00 +4.0000e+00 +1.8000e+01
38 +9.791761830e+02 +9.791761830e+02 +9.814061830e+02 +9.814061830e+02 +4.0000e+00 +1.0000e+00 +0.0000e+00 +5.0000e+00 +1.4000e+01 +1.4000e+01 +0.0000e+00 +0.0000e+00 +1.6000e+01 +0.0000e+00 +2.0000e+00 +2.0000e+00 +2.0000e+00 +0.0000e+00 +0.0000e+00 +0.0000e+00 +0.0000e+00 +1.4000e+01 +0.0000e+00 +5.0000e+00
62 +6.024737830e+02 +6.024737830e+02 +6.047037830e+02 +6.047037830e+02 +8.0000e+00 +8.0000e+00 +8.0000e+00 +8.0000e+00 +0.0000e+00 +0.0000e+00 +0.0000e+00 +0.0000e+00 +8.0000e+00 +0.0000e+00 +0.0000e+00 +0.0000e+00 +0.0000e+00 +0.0000e+00 +8.0000e+00 +0.0000e+00 +0.0000e+00 +8.0000e+00 +0.0000e+00 +8.0000e+00
74 +3.008145830e+02 +3.008145830e+02 +3.030445830e+02 +3.030445830e+02 +5.0000e+00 +5.0000e+00 +0.0000e+00 +0.0000e+00 +5.0000e+00 +0.0000e+00 +0.0000e+00 +0.0000e+00 +5.0000e+00 +5.0000e+00 +5.0000e+00 +0.0000e+00 +0.0000e+00 +5.0000e+00 +5.0000e+00 +0.0000e+00 +5.0000e+00 +0.0000e+00 +5.0000e+00 +5.0000e+00
82 +2.077041830e+02 +2.077041830e+02 +2.099341830e+02 +2.099341830e+02 +3.0000e+00 +0.0000e+00 +0.0000e+00 +3.0000e+00 +3.0000e+00 +3.0000e+00 +3.0000e+00 +0.0000e+00 +3.0000e+00 +3.0000e+00 +3.0000e+00 +0.0000e+00 +3.0000e+00 +3.0000e+00 +3.0000e+00 +0.0000e+00 +3.0000e+00 +0.0000e+00 +0.0000e+00 +3.0000e+00
85 +1.145841830e+02 +1.145841830e+02 +1.168141830e+02 +1.168141830e+02 +0.0000e+00 +0.0000e+00 +0.0000e+00 +0.0000e+00 +3.0000e+00 +0.0000e+00 +0.0000e+00 +0.0000e+00 +0.0000e+00 +0.0000e+00 +0.0000e+00 +0.0000e+00 +0.0000e+00 +0.0000e+00 +0.0000e+00 +3.0000e+00 +3.0000e+00 +0.0000e+00 +0.0000e+00 +3.0000e+00
% function evaluation | noise-free fitness - Fopt (-1.308000000000e+01) | best noise-free fitness - Fopt | measured fitness | best measured fitness | x1 | x2...
1 +8.452414547e+03 +8.452414547e+03 +8.439334547e+03 +8.439334547e+03 +2.8000e+01 +4.0000e+00 +5.0000e+00 +2.9000e+01 +1.2000e+01 +4.0000e+00 +4.0000e+00 +2.6000e+01 +2.8000e+01 +1.3000e+01 +2.8000e+01 +1.1000e+01 +2.8000e+01 +1.4000e+01 +2.8000e+01 +2.5000e+01 +2.2000e+01 +5.0000e+00 +2.6000e+01 +2.8000e+01
2 +4.690259347e+03 +4.690259347e+03 +4.677179347e+03 +4.677179347e+03 +8.0000e+00 +2.3000e+01 +8.0000e+00 +2.0000e+01 +0.0000e+00 +2.4000e+01 +2.9000e+01 +2.0000e+01 +8.0000e+00 +1.2000e+01 +1.6000e+01 +2.0000e+00 +4.0000e+00 +1.8000e+01 +1.6000e+01 +1.2000e+01 +1.0000e+01 +8.0000e+00 +2.0000e+01 +8.0000e+00
14 +3.123222547e+03 +3.123222547e+03 +3.110142547e+03 +3.110142547e+03 +1.5000e+01 +0.0000e+00 +5.0000e+00 +1.5000e+01 +5.0000e+00 +1.7000e+01 +1.3000e+01 +1.7000e+01 +5.0000e+00 +5.0000e+00 +1.3000e+01 +1.7000e+01 +5.0000e+00 +1.7000e+01 +1.3000e+01 +1.5000e+01 +1.3000e+01 +1.3000e+01 +1.3000e+01 +1.3000e+01
26 +2.495404947e+03 +2.495404947e+03 +2.482324947e+03 +2.482324947e+03 +2.0000e+00 +1.4000e+01 +1.0000e+01 +6.0000e+00 +1.2000e+01 +1.4000e+01 +1.0000e+01 +1.4000e+01 +1.4000e+01 +1.0000e+01 +1.4000e+01 +2.0000e+00 +1.0000e+01 +1.4000e+01 +1.4000e+01 +6.0000e+00 +2.0000e+00 +1.0000e+01 +1.4000e+01 +1.4000e+01
34 +7.454305466e+02 +7.454305466e+02 +7.323505466e+02 +7.323505466e+02 +0.0000e+00 +8.0000e+00 +8.0000e+00 +8.0000e+00 +0.0000e+00 +8.0000e+00 +0.0000e+00 +8.0000e+00 +8.0000e+00 +0.0000e+00 +0.0000e+00 +1.2000e+01 +0.0000e+00 +0.0000e+00 +0.0000e+00 +4.0000e+00 +0.0000e+00 +0.0000e+00 +8.0000e+00 +8.0000e+00
38 +4.532881466e+02 +4.532881466e+02 +4.402081466e+02 +4.402081466e+02 +0.0000e+00 +0.0000e+00 +7.0000e+00 +0.0000e+00 +7.0000e+00 +7.0000e+00 +7.0000e+00 +0.0000e+00 +0.0000e+00 +3.0000e+00 +0.0000e+00 +0.0000e+00 +7.0000e+00 +7.0000e+00 +0.0000e+00 +7.0000e+00 +0.0000e+00 +3.0000e+00 +0.0000e+00 +0.0000e+00
42 +2.630721466e+02 +2.630721466e+02 +2.499921466e+02 +2.499921466e+02 +0.0000e+00 +0.0000e+00 +2.0000e+00 +6.0000e+00 +0.0000e+00 +0.0000e+00 +6.0000e+00 +0.0000e+00 +6.0000e+00 +6.0000e+00 +0.0000e+00 +0.0000e+00 +0.0000e+00 +0.0000e+00 +6.0000e+00 +0.0000e+00 +6.0000e+00 +0.0000e+00 +0.0000e+00 +0.0000e+00
43 +1.062305466e+02 +1.062305466e+02 +9.315054656e+01 +9.315054656e+01 +1.0000e+00 +1.0000e+00 +0.0000e+00 +1.0000e+00 +1.0000e+00 +1.0000e+00 +1.0000e+00 +1.0000e+00 +1.0000e+00 +1.0000e+00 +1.0000e+00 +1.0000e+00 +1.0000e+00 +1.0000e+00 +1.0000e+00 +1.0000e+00 +1.0000e+00 +1.0000e+00 +1.0000e+00 +1.0000e+00
47 +8.726734656e+01 +8.726734656e+01 +7.418734656e+01 +7.418734656e+01 +0.0000e+00 +0.0000e+00 +0.0000e+00 +0.0000e+00 +0.0000e+00 +0.0000e+00 +0.0000e+00 +0.0000e+00 +0.0000e+00 +0.0000e+00 +0.0000e+00 +0.0000e+00 +0.0000e+00 +0.0000e+00 +0.0000e+00 +0.0000e+00 +0.0000e+00 +0.0000e+00 +0.0000e+00 +0.0000e+00
% function evaluation | noise-free fitness - Fopt (2.671600000000e+02) | best noise-free fitness - Fopt | measured fitness | best measured fitness | x1 | x2...
1 +1.039648818e+04 +1.039648818e+04 +1.066364818e+04 +1.066364818e+04 +2.3000e+01 +2.4000e+01 +1.7000e+01 +2.6000e+01 +3.0000e+01 +2.0000e+01 +1.3000e+01 +1.8000e+01 +2.0000e+01 +2.0000e+00 +2.1000e+01 +2.0000e+01 +3.0000e+01 +1.7000e+01 +2.7000e+01 +2.7000e+01 +2.4000e+01 +1.3000e+01 +2.3000e+01 +2.0000e+01
2 +9.788096184e+03 +9.788096184e+03 +1.005525618e+04 +1.005525618e+04 +1.2000e+01 +2.2000e+01 +1.3000e+01 +2.5000e+01 +2.0000e+01 +1.4000e+01 +2.3000e+01 +2.8000e+01 +1.4000e+01 +1.8000e+01 +2.8000e+01 +1.8000e+01 +2.0000e+01 +1.3000e+01 +3.0000e+01 +3.0000e+01 +2.8000e+01 +2.3000e+01 +1.2000e+01 +1.4000e+01
11 +5.736200184e+03 +5.736200184e+03 +6.003360184e+03 +6.003360184e+03 +1.3000e+01 +1.3000e+01 +1.3000e+01 +2.2000e+01 +2.3000e+01 +1.3000e+01 +2.2000e+01 +1.3000e+01 +7.0000e+00 +2.2000e+01 +1.3000e+01 +1.3000e+01 +0.0000e+00 +1.3000e+01 +0.0000e+00 +2.2000e+01 +1.3000e+01 +2.7000e+01 +2.2000e+01 +1.3000e+01
22 +3.938328184e+03 +3.938328184e+03 +4.205488184e+03 +4.205488184e+03 +7.0000e+00 +1.5000e+01 +1.5000e+01 +7.0000e+00 +1.5000e+01 +1.5000e+01 +1.5000e+01 +7.0000e+00 +7.0000e+00 +1.5000e+01 +1.5000e+01 +1.5000e+01 +1.5000e+01 +1.5000e+01 +1.5000e+01 +1.5000e+01 +9.0000e+00 +1.5000e+01 +1.5000e+01 +7.0000e+00
31 +1.876446584e+03 +1.876446584e+03 +2.143606584e+03 +2.143606584e+03 +8.0000e+00 +8.0000e+00 +8.0000e+00 +8.0000e+00 +1.6000e+01 +8.0000e+00 +8.0000e+00 +8.0000e+00 +8.0000e+00 +8.0000e+00 +8.0000e+00 +8.0000e+00 +8.0000e+00 +8.0000e+00 +1.0000e+01 +8.0000e+00 +8.0000e+00 +8.0000e+00 +8.0000e+00 +8.0000e+00
39 +1.334289784e+03 +1.334289784e+03 +1.601449784e+03 +1.601449784e+03 +6.0000e+00 +6.0000e+00 +6.0000e+00 +6.0000e+00 +6.0000e+00 +1.4000e+01 +8.0000e+00 +6.0000e+00 +6.0000e+00 +6.0000e+00 +8.0000e+00 +6.0000e+00 +6.0000e+00 +6.0000e+00 +6.0000e+00 +6.0000e+00 +8.0000e+00 +6.0000e+00 +6.0000e+00 +6.0000e+00
47 +9.078609843e+02 +9.078609843e+02 +1.175020984e+03 +1.175020984e+03 +6.0000e+00 +6.0000e+00 +4.0000e+00 +4.0000e+00 +4.0000e+00 +4.0000e+00 +4.0000e+00 +4.0000e+00 +6.0000e+00 +6.0000e+00 +4.0000e+00 +6.0000e+00 +4.0000e+00 +4.0000e+00 +1.2000e+01 +4.0000e+00 +6.0000e+00 +4.0000e+00 +4.0000e+00 +4.0000e+00
55 +4.474097843e+02 +4.474097843e+02 +7.145697843e+02 +7.145697843e+02 +2.0000e+00 +0.0000e+00 +4.0000e+00 +4.0000e+00 +2.0000e+00 +2.0000e+00 +4.0000e+00 +4.0000e+00 +4.0000e+00 +1.0000e+01 +2.0000e+00 +2.0000e+00 +2.0000e+00 +2.0000e+00 +4.0000e+00 +4.0000e+00 +2.0000e+00 +4.0000e+00 +2.0000e+00 +2.0000e+00
59 +2.770609843e+02 +2.770609843e+02 +5.442209843e+02 +5.442209843e+02 +1.0000e+00 +3.0000e+00 +3.0000e+00 +1.0000e+00 +1.0000e+00 +1.0000e+00 +1.0000e+00 +3.0000e+00 +1.0000e+00 +3.0000e+00 +1.0000e+00 +1.0000e+00 +1.0000e+00 +3.0000e+00 +3.0000e+00 +3.0000e+00 +3.0000e+00 +1.0000e+00 +1.0000e+00 +1.0000e+00
63 +2.006001843e+02 +2.006001843e+02 +4.677601843e+02 +4.677601843e+02 +0.0000e+00 +0.0000e+00 +2.0000e+00 +2.0000e+00 +0.0000e+00 +2.0000e+00 +0.0000e+00 +0.0000e+00 +2.0000e+00 +0.0000e+00 +0.0000e+00 +0.0000e+00 +0.0000e+00 +2.0000e+00 +2.0000e+00 +2.0000e+00 +0.0000e+00 +2.0000e+00 +2.0000e+00 +2.0000e+00
67 +1.293953843e+02 +1.293953843e+02 +3.965553843e+02 +3.965553843e+02 +1.0000e+00 +1.0000e+00 +0.0000e+00 +1.0000e+00 +1.0000e+00 +1.0000e+00 +1.0000e+00 +1.0000e+00 +0.0000e+00 +1.0000e+00 +1.0000e+00 +1.0000e+00 +0.0000e+00 +0.0000e+00 +0.0000e+00 +1.0000e+00 +0.0000e+00 +0.0000e+00 +1.0000e+00 +0.0000e+00
% function evaluation | noise-free fitness - Fopt (3.710000000000e+00) | best noise-free fitness - Fopt | measured fitness | best measured fitness | x1 | x2...
1 +7.877916509e+03 +7.877916509e+03 +7.881626509e+03 +7.881626509e+03 +3.0000e+01 +9.0000e+00 +2.5000e+01 +7.0000e+00 +2.8000e+01 +6.0000e+00 +7.0000e+00 +2.9000e+01 +2.2000e+01 +2.9000e+01 +7.0000e+00 +2.8000e+01 +1.4000e+01 +6.0000e+00 +7.0000e+00 +1.8000e+01 +1.8000e+01 +1.4000e+01 +2.8000e+01 +1.1000e+01
2 +5.026161309e+03 +5.026161309e+03 +5.029871309e+03 +5.029871309e+03 +2.8000e+01 +3.0000e+00 +1.9000e+01 +1.9000e+01 +2.2000e+01 +1.1000e+01 +2.0000e+00 +5.0000e+00 +2.1000e+01 +5.0000e+00 +2.0000e+00 +1.7000e+01 +2.9000e+01 +1.1000e+01 +2.0000e+00 +7.0000e+00 +7.0000e+00 +7.0000e+00 +2.2000e+01 +1.7000e+01
15 +2.860940509e+03 +2.860940509e+03 +2.864650509e+03 +2.864650509e+03 +0.0000e+00 +0.0000e+00 +2.6000e+01 +0.0000e+00 +0.0000e+00 +0.0000e+00 +1.8000e+01 +0.0000e+00 +0.0000e+00 +0.0000e+00 +0.0000e+00 +7.0000e+00 +2.5000e+01 +0.0000e+00 +9.0000e+00 +7.0000e+00 +0.0000e+00 +2.6000e+01 +0.0000e+00 +0.0000e+00
27 +1.803244509e+03 +1.803244509e+03 +1.806954509e+03 +1.806954509e+03 +2.0000e+00 +2.0000e+01 +0.0000e+00 +7.0000e+00 +0.0000e+00 +0.0000e+00 +2.3000e+01 +7.0000e+00 +0.0000e+00 +0.0000e+00 +0.0000e+00 +0.0000e+00 +0.0000e+00 +2.2000e+01 +0.0000e+00 +0.0000e+00 +0.0000e+00 +0.0000e+00 +0.0000e+00 +0.0000e+00
31 +1.304166109e+03 +1.304166109e+03 +1.307876109e+03 +1.307876109e+03 +1.6000e+01 +5.0000e+00 +0.0000e+00 +0.0000e+00 +0.0000e+00 +6.0000e+00 +0.0000e+00 +0.0000e+00 +0.0000e+00 +0.0000e+00 +0.0000e+00 +6.0000e+00 +0.0000e+00 +1.9000e+01 +0.0000e+00 +0.0000e+00 +0.0000e+00 +2.1000e+01 +0.0000e+00 +6.0000e+00
39 +6.521485094e+02 +6.521485094e+02 +6.558585094e+02 +6.558585094e+02 +1.0000e+00 +1.6000e+01 +0.0000e+00 +4.0000e+00 +0.0000e+00 +0.0000e+00 +4.0000e+00 +0.0000e+00 +0.0000e+00 +0.0000e+00 +4.0000e+00 +4.0000e+00 +0.0000e+00 +3.0000e+00 +0.0000e+00 +4.0000e+00 +0.0000e+00 +3.0000e+00 +0.0000e+00 +0.0000e+00
43 +4.471597094e+02 +4.471597094e+02 +4.508697094e+02 +4.508697094e+02 +3.0000e+00 +0.0000e+00 +3.0000e+00 +3.0000e+00 +0.0000e+00 +0.0000e+00 +0.0000e+00 +0.0000e+00 +0.0000e+00 +0.0000e+00 +3.0000e+00 +0.0000e+00 +0.0000e+00 +3.0000e+00 +2.0000e+00 +3.0000e+00 +1.5000e+01 +0.0000e+00 +2.0000e+00 +0.0000e+00
47 +3.048589094e+02 +3.048589094e+02 +3.085689094e+02 +3.085689094e+02 +2.0000e+00 +0.0000e+00 +2.0000e+00 +0.0000e+00 +1.4000e+01 +0.0000e+00 +1.0000e+00 +0.0000e+00 +1.0000e+00 +0.0000e+00 +0.0000e+00 +0.0000e+00 +0.0000e+00 +0.0000e+00 +2.0000e+00 +0.0000e+00 +1.0000e+00 +0.0000e+00 +2.0000e+00 +2.0000e+00
71 +9.601570944e+01 +9.601570944e+01 +9.972570944e+01 +9.972570944e+01 +0.0000e+00 +0.0000e+00 +0.0000e+00 +0.0000e+00 +0.0000e+00 +0.0000e+00 +0.0000e+00 +0.0000e+00 +0.0000e+00 +0.0000e+00 +0.0000e+00 +0.0000e+00 +0.0000e+00 +0.0000e+00 +0.0000e+00 +0.0000e+00 +0.0000e+00 +0.0000e+00 +0.0000e+00 +0.0000e+00
% function evaluation | noise-free fitness - Fopt (9.478000000000e+01) | best noise-free fitness - Fopt | measured fitness | best measured fitness | x1 | x2...
1 +9.250506233e+03 +9.250506233e+03 +9.345286233e+03 +9.345286233e+03 +1.8000e+01 +2.9000e+01 +1.7000e+01 +2.2000e+01 +1.7000e+01 +2.3000e+01 +2.9000e+01 +1.9000e+01 +1.6000e+01 +1.7000e+01 +1.5000e+01 +1.6000e+01 +3.0000e+01 +2.9000e+01 +1.4000e+01 +1.7000e+01 +1.9000e+01 +1.7000e+01 +2.7000e+01 +2.7000e+01
3 +5.692221433e+03 +5.692221433e+03 +5.787001433e+03 +5.787001433e+03 +6.0000e+00 +2.7000e+01 +7.0000e+00 +1.5000e+01 +2.4000e+01 +3.0000e+00 +8.0000e+00 +2.9000e+01 +6.0000e+00 +7.0000e+00 +1.5000e+01 +6.0000e+00 +2.6000e+01 +8.0000e+00 +1.8000e+01 +7.0000e+00 +6.0000e+00 +2.4000e+01 +2.3000e+01 +2.3000e+01
11 +3.965125433e+03 +3.965125433e+03 +4.059905433e+03 +4.059905433e+03 +5.0000e+00 +2.1000e+01 +5.0000e+00 +2.1000e+01 +5.0000e+00 +5.0000e+00 +2.5000e+01 +2.1000e+01 +5.0000e+00 +1.0000e+00 +0.0000e+00 +5.0000e+00 +6.0000e+00 +2.1000e+01 +2.1000e+01 +1.3000e+01 +5.0000e+00 +1.3000e+01 +2.1000e+01 +5.0000e+00
19 +1.983157433e+03 +1.983157433e+03 +2.077937433e+03 +2.077937433e+03 +3.0000e+00 +3.0000e+00 +1.1000e+01 +3.0000e+00 +1.9000e+01 +0.0000e+00 +1.9000e+01 +4.0000e+00 +3.0000e+00 +3.0000e+00 +3.0000e+00 +4.0000e+00 +3.0000e+00 +3.0000e+00 +1.9000e+01 +3.0000e+00 +3.0000e+00 +1.9000e+01 +1.1000e+01 +1.9000e+01
47 +1.540322233e+03 +1.540322233e+03 +1.635102233e+03 +1.635102233e+03 +0.0000e+00 +1.2000e+01 +0.0000e+00 +0.0000e+00 +0.0000e+00 +1.2000e+01 +1.2000e+01 +0.0000e+00 +0.0000e+00 +1.2000e+01 +0.0000e+00 +1.2000e+01 +0.0000e+00 +1.2000e+01 +1.2000e+01 +1.2000e+01 +1.2000e+01 +0.0000e+00 +1.2000e+01 +0.0000e+00
55 +9.366678330e+02 +9.366678330e+02 +1.031447833e+03 +1.031447833e+03 +8.0000e+00 +2.0000e+00 +1.0000e+01 +0.0000e+00 +1.0000e+01 +0.0000e+00 +1.0000e+01 +1.0000e+01 +1.0000e+01 +1.0000e+01 +0.0000e+00 +1.0000e+01 +0.0000e+00 +0.0000e+00 +1.0000e+01 +1.0000e+01 +1.0000e+01 +1.0000e+01 +0.0000e+00 +0.0000e+00
68 +4.426182330e+02 +4.426182330e+02 +5.373982330e+02 +5.373982330e+02 +0.0000e+00 +0.0000e+00 +0.0000e+00 +5.0000e+00 +0.0000e+00 +0.0000e+00 +0.0000e+00 +0.0000e+00 +0.0000e+00 +0.0000e+00 +0.0000e+00 +0.0000e+00 +0.0000e+00 +1.3000e+01 +0.0000e+00 +5.0000e+00 +0.0000e+00 +0.0000e+00 +0.0000e+00 +0.0000e+00
76 +1.556646330e+02 +1.556646330e+02 +2.504446330e+02 +2.504446330e+02 +0.0000e+00 +0.0000e+00 +0.0000e+00 +0.0000e+00 +0.0000e+00 +0.0000e+00 +1.1000e+01 +0.0000e+00 +0.0000e+00 +0.0000e+00 +3.0000e+00 +0.0000e+00 +0.0000e+00 +0.0000e+00 +0.0000e+00 +0.0000e+00 +0.0000e+00 +3.0000e+00 +3.0000e+00 +0.0000e+00
110 +8.645663296e+01 +8.645663296e+01 +1.812366330e+02 +1.812366330e+02 +0.0000e+00 +0.0000e+00 +2.0000e+00 +0.0000e+00 +0.0000e+00 +0.0000e+00 +0.0000e+00 +2.0000e+00 +2.0000e+00 +2.0000e+00 +2.0000e+00 +2.0000e+00 +0.0000e+00 +0.0000e+00 +0.0000e+00 +0.0000e+00 +0.0000e+00 +0.0000e+00 +2.0000e+00 +0.0000e+00
% function evaluation | noise-free fitness - Fopt (2.339200000000e+02) | best noise-free fitness - Fopt | measured fitness | best measured fitness | x1 | x2...
1 +7.693839820e+03 +7.693839820e+03 +7.927759820e+03 +7.927759820e+03 +1.1000e+01 +6.0000e+00 +2.7000e+01 +1.9000e+01 +1.9000e+01 +2.1000e+01 +1.8000e+01 +2.7000e+01 +1.0000e+01 +1.9000e+01 +2.4000e+01 +2.1000e+01 +1.0000e+01 +1.0000e+00 +7.0000e+00 +1.9000e+01 +2.1000e+01 +2.5000e+01 +2.7000e+01 +2.5000e+01
17 +5.669742220e+03 +5.669742220e+03 +5.903662220e+03 +5.903662220e+03 +1.5000e+01 +1.5000e+01 +1.7000e+01 +1.7000e+01 +1.7000e+01 +1.5000e+01 +1.7000e+01 +1.7000e+01 +1.5000e+01 +1.7000e+01 +1.7000e+01 +1.7000e+01 +1.7000e+01 +1.5000e+01 +1.5000e+01 +1.7000e+01 +1.7000e+01 +2.2000e+01 +1.5000e+01 +1.7000e+01
24 +3.610377420e+03 +3.610377420e+03 +3.844297420e+03 +3.844297420e+03 +6.0000e+00 +6.0000e+00 +6.0000e+00 +2.2000e+01 +6.0000e+00 +6.0000e+00 +6.0000e+00 +6.0000e+00 +6.0000e+00 +2.2000e+01 +6.0000e+00 +2.2000e+01 +6.0000e+00 +6.0000e+00 +2.2000e+01 +6.0000e+00 +6.0000e+00 +2.2000e+01 +2.2000e+01 +6.0000e+00
28 +1.377097420e+03 +1.377097420e+03 +1.611017420e+03 +1.611017420e+03 +5.0000e+00 +5.0000e+00 +5.0000e+00 +5.0000e+00 +5.0000e+00 +5.0000e+00 +5.0000e+00 +2.1000e+01 +5.0000e+00 +5.0000e+00 +5.0000e+00 +5.0000e+00 +5.0000e+00 +5.0000e+00 +2.1000e+01 +5.0000e+00 +5.0000e+00 +5.0000e+00 +5.0000e+00 +5.0000e+00
32 +8.600798195e+02 +8.600798195e+02 +1.093999820e+03 +1.093999820e+03 +4.0000e+00 +4.0000e+00 +4.0000e+00 +4.0000e+00 +4.0000e+00 +4.0000e+00 +4.0000e+00 +4.0000e+00 +4.0000e+00 +4.0000e+00 +4.0000e+00 +4.0000e+00 +4.0000e+00 +4.0000e+00 +4.0000e+00 +4.0000e+00 +4.0000e+00 +4.0000e+00 +2.0000e+01 +4.0000e+00
40 +5.777758195e+02 +5.777758195e+02 +8.116958195e+02 +8.116958195e+02 +2.0000e+00 +2.0000e+00 +1.8000e+01 +2.0000e+00 +2.0000e+00 +2.0000e+00 +2.0000e+00 +2.0000e+00 +2.0000e+00 +2.0000e+00 +2.0000e+00 +2.0000e+00 +2.0000e+00 +2.0000e+00 +2.0000e+00 +2.0000e+00 +2.0000e+00 +2.0000e+00 +2.0000e+00 +2.0000e+00
44 +1.002718195e+02 +1.002718195e+02 +3.341918195e+02 +3.341918195e+02 +1.0000e+00 +1.0000e+00 +1.0000e+00 +1.0000e+00 +1.0000e+00 +1.0000e+00 +1.0000e+00 +1.0000e+00 +1.0000e+00 +1.0000e+00 +1.0000e+00 +1.0000e+00 +1.0000e+00 +1.0000e+00 +1.0000e+00 +1.0000e+00 +1.0000e+00 +1.0000e+00 +1.0000e+00 +1.0000e+00
48 +7.636141952e+01 +7.636141952e+01 +3.102814195e+02 +3.102814195e+02 +0.0000e+00 +0.0000e+00 +0.0000e+00 +0.0000e+00 +0.0000e+00 +0.0000e+00 +0.0000e+00 +0.0000e+00 +0.0000e+00 +0.0000e+00 +0.0000e+00 +0.0000e+00 +0.0000e+00 +0.0000e+00 +0.0000e+00 +0.0000e+00 +0.0000e+00 +0.0000e+00 +0.0000e+00 +0.0000e+00
% function evaluation | noise-free fitness - Fopt (-6.092000000000e+01) | best noise-free fitness - Fopt | measured fitness | best measured fitness | x1 | x2...
1 +9.650752436e+03 +9.650752436e+03 +9.589832436e+03 +9.589832436e+03 +2.0000e+01 +9.0000e+00 +1.1000e+01 +2.2000e+01 +2.6000e+01 +2.6000e+01 +3.0000e+01 +1.1000e+01 +2.3000e+01 +1.1000e+01 +2.7000e+01 +2.7000e+01 +1.9000e+01 +2.4000e+01 +3.0000e+01 +2.2000e+01 +0.0000e+00 +2.0000e+01 +2.7000e+01 +2.0000e+01
2 +5.934866036e+03 +5.934866036e+03 +5.873946036e+03 +5.873946036e+03 +0.0000e+00 +1.4000e+01 +2.6000e+01 +2.3000e+01 +0.0000e+00 +0.0000e+00 +0.0000e+00 +2.6000e+01 +5.0000e+00 +2.6000e+01 +1.9000e+01 +1.7000e+01 +2.9000e+01 +1.0000e+00 +0.0000e+00 +2.3000e+01 +1.6000e+01 +1.3000e+01 +1.7000e+01 +1.3000e+01
8 +3.878458036e+03 +3.878458036e+03 +3.817538036e+03 +3.817538036e+03 +0.0000e+00 +9.0000e+00 +7.0000e+00 +6.0000e+00 +9.0000e+00 +6.0000e+00 +1.6000e+01 +2.1000e+01 +1.6000e+01 +2.1000e+01 +0.0000e+00 +0.0000e+00 +2.1000e+01 +2.0000e+00 +1.6000e+01 +9.0000e+00 +6.0000e+00 +2.3000e+01 +6.0000e+00 +2.2000e+01
32 +2.183554036e+03 +2.183554036e+03 +2.122634036e+03 +2.122634036e+03 +1.0000e+01 +1.0000e+01 +1.5000e+01 +9.0000e+00 +1.0000e+01 +1.0000e+01 +1.0000e+01 +1.0000e+01 +1.0000e+01 +1.5000e+01 +9.0000e+00 +9.0000e+00 +9.0000e+00 +3.0000e+00 +1.0000e+01 +1.0000e+01 +1.0000e+01 +1.0000e+01 +1.0000e+01 +1.0000e+01
40 +1.436448436e+03 +1.436448436e+03 +1.375528436e+03 +1.375528436e+03 +8.0000e+00 +8.0000e+00 +8.0000e+00 +8.0000e+00 +8.0000e+00 +8.0000e+00 +7.0000e+00 +8.0000e+00 +8.0000e+00 +8.0000e+00 +8.0000e+00 +1.3000e+01 +8.0000e+00 +7.0000e+00 +8.0000e+00 +8.0000e+00 +8.0000e+00 +8.0000e+00 +7.0000e+00 +8.0000e+00
48 +8.697028365e+02 +8.697028365e+02 +8.087828365e+02 +8.087828365e+02 +5.0000e+00 +5.0000e+00 +6.0000e+00 +5.0000e+00 +6.0000e+00 +6.0000e+00 +1.1000e+01 +6.0000e+00 +6.0000e+00 +6.0000e+00 +6.0000e+00 +6.0000e+00 +6.0000e+00 +6.0000e+00 +6.0000e+00 +6.0000e+00 +6.0000e+00 +5.0000e+00 +6.0000e+00 +6.0000e+00
52 +5.499380365e+02 +5.499380365e+02 +4.890180365e+02 +4.890180365e+02 +5.0000e+00 +5.0000e+00 +5.0000e+00 +5.0000e+00 +5.0000e+00 +5.0000e+00 +5.0000e+00 +4.0000e+00 +4.0000e+00 +4.0000e+00 +5.0000e+00 +5.0000e+00 +5.0000e+00 +5.0000e+00 +4.0000e+00 +4.0000e+00 +5.0000e+00 +5.0000e+00 +5.0000e+00 +5.0000e+00
56 +3.877460365e+02 +3.877460365e+02 +3.268260365e+02 +3.268260365e+02 +4.0000e+00 +3.0000e+00 +4.0000e+00 +4.0000e+00 +4.0000e+00 +4.0000e+00 +4.0000e+00 +4.0000e+00 +3.0000e+00 +4.0000e+00 +4.0000e+00 +4.0000e+00 +4.0000e+00 +3.0000e+00 +4.0000e+00 +3.0000e+00 +3.0000e+00 +3.0000e+00 +4.0000e+00 +4.0000e+00
64 +1.475124365e+02 +1.475124365e+02 +8.659243648e+01 +8.659243648e+01 +1.0000e+00 +1.0000e+00 +1.0000e+00 +2.0000e+00 +1.0000e+00 +2.0000e+00 +2.0000e+00 +2.0000e+00 +1.0000e+00 +2.0000e+00 +2.0000e+00 +2.0000e+00 +1.0000e+00 +1.0000e+00 +2.0000e+00 +1.0000e+00 +2.0000e+00 +2.0000e+00 +1.0000e+00 +1.0000e+00
% function evaluation | noise-free fitness - Fopt (-1.948000000000e+01) | best noise-free fitness - Fopt | measured fitness | best measured fitness | x1 | x2...
1 +8.001320972e+03 +8.001320972e+03 +7.981840972e+03 +7.981840972e+03 +1.4000e+01 +2.2000e+01 +1.4000e+01 +2.4000e+01 +1.4000e+01 +2.2000e+01 +1.9000e+01 +4.0000e+00 +1.3000e+01 +2.9000e+01 +1.4000e+01 +1.0000e+01 +2.9000e+01 +2.4000e+01 +2.9000e+01 +1.6000e+01 +2.6000e+01 +1.9000e+01 +2.4000e+01 +2.2000e+01
4 +6.207983372e+03 +6.207983372e+03 +6.188503372e+03 +6.188503372e+03 +1.8000e+01 +2.2000e+01 +3.0000e+00 +2.2000e+01 +1.8000e+01 +2.2000e+01 +5.0000e+00 +1.5000e+01 +2.0000e+01 +2.4000e+01 +1.8000e+01 +1.0000e+00 +2.4000e+01 +2.2000e+01 +2.4000e+01 +2.8000e+01 +1.0000e+00 +5.0000e+00 +2.0000e+00 +2.2000e+01
17 +3.275149772e+03 +3.275149772e+03 +3.255669772e+03 +3.255669772e+03 +1.2000e+01 +1.2000e+01 +1.8000e+01 +1.2000e+01 +1.2000e+01 +1.2000e+01 +1.2000e+01 +1.2000e+01 +1.2000e+01 +1.2000e+01 +1.2000e+01 +1.2000e+01 +1.8000e+01 +1.2000e+01 +1.2000e+01 +1.2000e+01 +1.2000e+01 +1.8000e+01 +1.2000e+01 +1.2000e+01
46 +2.161634572e+03 +2.161634572e+03 +2.142154572e+03 +2.142154572e+03 +9.0000e+00 +9.0000e+00 +9.0000e+00 +9.0000e+00 +1.9000e+01 +9.0000e+00 +9.0000e+00 +9.0000e+00 +9.0000e+00 +9.0000e+00 +1.9000e+01 +9.0000e+00 +9.0000e+00 +9.0000e+00 +9.0000e+00 +9.0000e+00 +9.0000e+00 +9.0000e+00 +9.0000e+00 +9.0000e+00
50 +1.279815372e+03 +1.279815372e+03 +1.260335372e+03 +1.260335372e+03 +8.0000e+00 +8.0000e+00 +8.0000e+00 +8.0000e+00 +8.0000e+00 +8.0000e+00 +8.0000e+00 +8.0000e+00 +8.0000e+00 +8.0000e+00 +8.0000e+00 +8.0000e+00 +8.0000e+00 +8.0000e+00 +8.0000e+00 +8.0000e+00 +8.0000e+00 +8.0000e+00 +8.0000e+00 +8.0000e+00
54 +9.927641722e+02 +9.927641722e+02 +9.732841722e+02 +9.732841722e+02 +7.0000e+00 +7.0000e+00 +7.0000e+00 +7.0000e+00 +7.0000e+00 +7.0000e+00 +7.0000e+00 +7.0000e+00 +7.0000e+00 +7.0000e+00 +7.0000e+00 +7.0000e+00 +7.0000e+00 +7.0000e+00 +7.0000e+00 +7.0000e+00 +7.0000e+00 +7.0000e+00 +7.0000e+00 +7.0000e+00
62 +5.386617722e+02 +5.386617722e+02 +5.191817722e+02 +5.191817722e+02 +5.0000e+00 +5.0000e+00 +5.0000e+00 +5.0000e+00 +5.0000e+00 +5.0000e+00 +5.0000e+00 +5.0000e+00 +5.0000e+00 +5.0000e+00 +5.0000e+00 +5.0000e+00 +5.0000e+00 +5.0000e+00 +5.0000e+00 +5.0000e+00 +5.0000e+00 +5.0000e+00 +5.0000e+00 +5.0000e+00
66 +3.716105722e+02 +3.716105722e+02 +3.521305722e+02 +3.521305722e+02 +4.0000e+00 +4.0000e+00 +4.0000e+00 +4.0000e+00 +4.0000e+00 +4.0000e+00 +4.0000e+00 +4.0000e+00 +4.0000e+00 +4.0000e+00 +4.0000e+00 +4.0000e+00 +4.0000e+00 +4.0000e+00 +4.0000e+00 +4.0000e+00 +4.0000e+00 +4.0000e+00 +4.0000e+00 +4.0000e+00
70 +2.445593722e+02 +2.445593722e+02 +2.250793722e+02 +2.250793722e+02 +3.0000e+00 +3.0000e+00 +3.0000e+00 +3.0000e+00 +3.0000e+00 +3.0000e+00 +3.0000e+00 +3.0000e+00 +3.0000e+00 +3.0000e+00 +3.0000e+00 +3.0000e+00 +3.0000e+00 +3.0000e+00 +3.0000e+00 +3.0000e+00 +3.0000e+00 +3.0000e+00 +3.0000e+00 +3.0000e+00
74 +1.575081722e+02 +1.575081722e+02 +1.380281722e+02 +1.380281722e+02 +2.0000e+00 +2.0000e+00 +2.0000e+00 +2.0000e+00 +2.0000e+00 +2.0000e+00 +2.0000e+00 +2.0000e+00 +2.0000e+00 +2.0000e+00 +2.0000e+00 +2.0000e+00 +2.0000e+00 +2.0000e+00 +2.0000e+00 +2.0000e+00 +2.0000e+00 +2.0000e+00 +2.0000e+00 +2.0000e+00
% function evaluation | noise-free fitness - Fopt (1.344700000000e+02) | best noise-free fitness - Fopt | measured fitness | best measured fitness | x1 | x2...
1 +4.633631066e+03 +4.633631066e+03 +4.768101066e+03 +4.768101066e+03 +1.5000e+01 +1.7000e+01 +1.0000e+00 +2.0000e+01 +2.3000e+01 +2.3000e+01 +2.3000e+01 +1.7000e+01 +1.4000e+01 +4.0000e+00 +9.0000e+00 +2.0000e+00 +9.0000e+00 +9.0000e+00 +9.0000e+00 +1.4000e+01 +2.0000e+01 +7.0000e+00 +2.0000e+00 +7.0000e+00
5 +3.412859866e+03 +3.412859866e+03 +3.547329866e+03 +3.547329866e+03 +8.0000e+00 +8.0000e+00 +1.6000e+01 +8.0000e+00 +8.0000e+00 +8.0000e+00 +1.9000e+01 +6.0000e+00 +2.2000e+01 +3.0000e+00 +1.9000e+01 +8.0000e+00 +8.0000e+00 +8.0000e+00 +8.0000e+00 +1.3000e+01 +1.9000e+01 +0.0000e+00 +8.0000e+00 +1.9000e+01
53 +1.797066266e+03 +1.797066266e+03 +1.931536266e+03 +1.931536266e+03 +4.0000e+00 +1.5000e+01 +0.0000e+00 +1.2000e+01 +7.0000e+00 +7.0000e+00 +7.0000e+00 +0.0000e+00 +0.0000e+00 +7.0000e+00 +0.0000e+00 +7.0000e+00 +7.0000e+00 +1.5000e+01 +7.0000e+00 +7.0000e+00 +0.0000e+00 +1.2000e+01 +7.0000e+00 +1.5000e+01
63 +2.892358662e+02 +2.892358662e+02 +4.237058662e+02 +4.237058662e+02 +4.0000e+00 +4.0000e+00 +0.0000e+00 +4.0000e+00 +0.0000e+00 +0.0000e+00 +4.0000e+00 +0.0000e+00 +0.0000e+00 +4.0000e+00 +0.0000e+00 +0.0000e+00 +0.0000e+00 +0.0000e+00 +0.0000e+00 +4.0000e+00 +0.0000e+00 +4.0000e+00 +0.0000e+00 +0.0000e+00
67 +1.496054662e+02 +1.496054662e+02 +2.840754662e+02 +2.840754662e+02 +0.0000e+00 +0.0000e+00 +0.0000e+00 +0.0000e+00 +0.0000e+00 +0.0000e+00 +0.0000e+00 +0.0000e+00 +0.0000e+00 +0.0000e+00 +0.0000e+00 +0.0000e+00 +3.0000e+00 +3.0000e+00 +0.0000e+00 +0.0000e+00 +0.0000e+00 +0.0000e+00 +0.0000e+00 +0.0000e+00
% function evaluation | noise-free fitness - Fopt (4.453500000000e+02) | best noise-free fitness - Fopt | measured fitness | best measured fitness | x1 | x2...
1 +7.741925945e+03 +7.741925945e+03 +8.187275945e+03 +8.187275945e+03 +1.0000e+00 +1.6000e+01 +3.0000e+01 +2.0000e+01 +2.0000e+01 +2.0000e+01 +1.9000e+01 +1.1000e+01 +2.0000e+01 +3.0000e+01 +0.0000e+00 +6.0000e+00 +2.7000e+01 +1.9000e+01 +2.7000e+01 +2.3000e+01 +2.9000e+01 +1.0000e+00 +2.0000e+01 +6.0000e+00
2 +5.842765945e+03 +5.842765945e+03 +6.288115945e+03 +6.288115945e+03 +2.9000e+01 +1.0000e+01 +5.0000e+00 +2.0000e+00 +2.0000e+00 +2.0000e+00 +2.6000e+01 +0.0000e+00 +2.0000e+00 +5.0000e+00 +2.6000e+01 +2.8000e+01 +2.4000e+01 +2.1000e+01 +2.4000e+01 +1.1000e+01 +1.0000e+01 +2.0000e+00 +2.0000e+00 +2.8000e+01
10 +3.354764345e+03 +3.354764345e+03 +3.800114345e+03 +3.800114345e+03 +2.4000e+01 +2.0000e+00 +0.0000e+00 +9.0000e+00 +0.0000e+00 +2.6000e+01 +2.2000e+01 +0.0000e+00 +0.0000e+00 +3.0000e+00 +0.0000e+00 +0.0000e+00 +3.0000e+00 +0.0000e+00 +8.0000e+00 +0.0000e+00 +8.0000e+00 +8.0000e+00 +2.6000e+01 +2.7000e+01
14 +2.475161145e+03 +2.475161145e+03 +2.920511145e+03 +2.920511145e+03 +0.0000e+00 +0.0000e+00 +2.3000e+01 +0.0000e+00 +0.0000e+00 +2.5000e+01 +0.0000e+00 +8.0000e+00 +0.0000e+00 +2.5000e+01 +0.0000e+00 +2.0000e+00 +0.0000e+00 +0.0000e+00 +7.0000e+00 +0.0000e+00 +8.0000e+00 +0.0000e+00 +1.0000e+00 +2.5000e+01
20 +1.184068345e+03 +1.184068345e+03 +1.629418345e+03 +1.629418345e+03 +0.0000e+00 +0.0000e+00 +1.7000e+01 +6.0000e+00 +1.7000e+01 +0.0000e+00 +1.7000e+01 +0.0000e+00 +0.0000e+00 +0.0000e+00 +0.0000e+00 +7.0000e+00 +0.0000e+00 +0.0000e+00 +7.0000e+00 +7.0000e+00 +0.0000e+00 +0.0000e+00 +7.0000e+00 +7.0000e+00
28 +4.203755450e+02 +4.203755450e+02 +8.657255450e+02 +8.657255450e+02 +0.0000e+00 +0.0000e+00 +0.0000e+00 +0.0000e+00 +0.0000e+00 +0.0000e+00 +0.0000e+00 +0.0000e+00 +0.0000e+00 +0.0000e+00 +0.0000e+00 +0.0000e+00 +0.0000e+00 +0.0000e+00 +0.0000e+00 +1.5000e+01 +0.0000e+00 +0.0000e+00 +0.0000e+00 +0.0000e+00
32 +2.765067450e+02 +2.765067450e+02 +7.218567450e+02 +7.218567450e+02 +0.0000e+00 +0.0000e+00 +0.0000e+00 +0.0000e+00 +0.0000e+00 +0.0000e+00 +0.0000e+00 +1.4000e+01 +0.0000e+00 +0.0000e+00 +0.0000e+00 +0.0000e+00 +0.0000e+00 +0.0000e+00 +0.0000e+00 +0.0000e+00 +0.0000e+00 +0.0000e+00 +0.0000e+00 +0.0000e+00
36 +1.254635450e+02 +1.254635450e+02 +5.708135450e+02 +5.708135450e+02 +0.0000e+00 +0.0000e+00 +0.0000e+00 +0.0000e+00 +0.0000e+00 +0.0000e+00 +0.0000e+00 +0.0000e+00 +0.0000e+00 +0.0000e+00 +0.0000e+00 +0.0000e+00 +0.0000e+00 +0.0000e+00 +0.0000e+00 +0.0000e+00 +0.0000e+00 +0.0000e+00 +0.0000e+00 +0.0000e+00
