% function evaluation | noise-free fitness - Fopt (7.948000000000e+01) | best noise-free fitness - Fopt | measured fitness | best measured fitness | x1 | x2...
1 +5.515401617e+03 +5.515401617e+03 +5.594881617e+03 +5.594881617e+03 +2.9000e+01 +2.0000e+01 +0.0000e+00 +3.0000e+00 +1.0000e+01 +2.0000e+00 +0.0000e+00 +2.3000e+01 +1.0000e+00 +8.0000e+00 +3.0000e+01 +5.0000e+00 +2.1000e+01 +1.2000e+01 +6.0000e+00 +4.0000e+00 +6.0000e+00 +2.5000e+01 +1.4000e+01 +2.8000e+01
9 +3.820958417e+03 +3.820958417e+03 +3.900438417e+03 +3.900438417e+03 +1.7000e+01 +2.4000e+01 +0.0000e+00 +0.0000e+00 +6.0000e+00 +0.0000e+00 +0.0000e+00 +1.9000e+01 +0.0000e+00 +4.0000e+00 +2.6000e+01 +1.0000e+00 +1.7000e+01 +8.0000e+00 +2.0000e+00 +0.0000e+00 +2.0000e+00 +2.1000e+01 +1.0000e+01 +2.4000e+01
16 +2.437288017e+03 +2.437288017e+03 +2.516768017e+03 +2.516768017e+03 +1.4000e+01 +1.0000e+00 +3.0000e+00 +0.0000e+00 +1.6000e+01 +6.0000e+00 +1.5000e+01 +1.7000e+01 +2.0000e+00 +1.8000e+01 +0.0000e+00 +6.0000e+00 +1.2000e+01 +4.0000e+00 +9.0000e+00 +0.0000e+00 +1.1000e+01 +1.2000e+01 +1.5000e+01 +1.3000e+01
22 +1.469315217e+03 +1.469315217e+03 +1.548795217e+03 +1.548795217e+03 +6.0000e+00 +3.0000e+00 +0.0000e+00 +0.0000e+00 +1.3000e+01 +3.0000e+00 +1.2000e+01 +1.4000e+01 +0.0000e+00 +1.5000e+01 +0.0000e+00 +3.0000e+00 +9.0000e+00 +1.0000e+00 +6.0000e+00 +0.0000e+00 +8.0000e+00 +9.0000e+00 +1.2000e+01 +1.0000e+01
28 +8.639808173e+02 +8.639808173e+02 +9.434608173e+02 +9.434608173e+02 +4.0000e+00 +0.0000e+00 +0.0000e+00 +0.0000e+00 +1.0000e+01 +0.0000e+00 +9.0000e+00 +1.1000e+01 +0.0000e+00 +1.2000e+01 +0.0000e+00 +0.0000e+00 +6.0000e+00 +0.0000e+00 +3.0000e+00 +0.0000e+00 +5.0000e+00 +6.0000e+00 +9.0000e+00 +7.0000e+00
32 +5.756832173e+02 +5.756832173e+02 +6.551632173e+02 +6.551632173e+02 +2.0000e+00 +0.0000e+00 +0.0000e+00 +0.0000e+00 +8.0000e+00 +0.0000e+00 +7.0000e+00 +9.0000e+00 +0.0000e+00 +1.0000e+01 +0.0000e+00 +0.0000e+00 +4.0000e+00 +0.0000e+00 +1.0000e+00 +0.0000e+00 +3.0000e+00 +4.0000e+00 +7.0000e+00 +5.0000e+00
36 +3.670912173e+02 +3.670912173e+02 +4.465712173e+02 +4.465712173e+02 +0.0000e+00 +0.0000e+00 +0.0000e+00 +0.0000e+00 +6.0000e+00 +0.0000e+00 +5.0000e+00 +7.0000e+00 +0.0000e+00 +8.0000e+00 +0.0000e+00 +0.0000e+00 +2.0000e+00 +0.0000e+00 +0.0000e+00 +0.0000e+00 +1.0000e+00 +2.0000e+00 +5.0000e+00 +3.0000e+00
40 +2.264432173e+02 +2.264432173e+02 +3.059232173e+02 +3.059232173e+02 +0.0000e+00 +0.0000e+00 +0.0000e+00 +0.0000e+00 +4.0000e+00 +0.0000e+00 +3.0000e+00 +5.0000e+00 +0.0000e+00 +6.0000e+00 +0.0000e+00 +0.0000e+00 +0.0000e+00 +0.0000e+00 +0.0000e+00 +0.0000e+00 +0.0000e+00 +0.0000e+00 +3.0000e+00 +1.0000e+00
44 +1.506944173e+02 +1.506944173e+02 +2.301744173e+02 +2.301744173e+02 +0.0000e+00 +0.0000e+00 +0.0000e+00 +0.0000e+00 +2.0000e+00 +0.0000e+00 +1.0000e+00 +3.0000e+00 +0.0000e+00 +4.0000e+00 +0.0000e+00 +0.0000e+00 +0.0000e+00 +0.0000e+00 +0.0000e+00 +0.0000e+00 +0.0000e+00 +0.0000e+00 +1.0000e+00 +0.0000e+00
50 +9.687521728e+01 +9.687521728e+01 +1.763552173e+02 +1.763552173e+02 +0.0000e+00 +0.0000e+00 +0.0000e+00 +0.0000e+00 +0.0000e+00 +0.0000e+00 +0.0000e+00 +0.0000e+00 +0.0000e+00 +1.0000e+00 +0.0000e+00 +0.0000e+00 +0.0000e+00 +0.0000e+00 +0.0000e+00 +0.0000e+00 +0.0000e+00 +0.0000e+00 +0.0000e+00 +0.0000e+00
% function evaluation | noise-free fitness - Fopt (3.944800000000e+02) | best noise-free fitness - Fopt | measured fitness | best measured fitness | x1 | x2...
1 +6.336923682e+03 +6.336923682e+03 +6.731403682e+03 +6.731403682e+03 +2.9000e+01 +1.7000e+01 +1.0000e+00 +1.7000e+01 +7.0000e+00 +2.1000e+01 +2.4000e+01 +1.2000e+01 +0.0000e+00 +5.0000e+00 +2.7000e+01 +2.1000e+01 +1.7000e+01 +2.2000e+01 +5.0000e+00 +1.5000e+01 +6.0000e+00 +2.3000e+01 +2.9000e+01 +1.0000e+01
3 +5.658141282e+03 +5.658141282e+03 +6.052621282e+03 +6.052621282e+03 +2.4000e+01 +2.0000e+01 +0.0000e+00 +1.6000e+01 +6.0000e+00 +2.0000e+01 +2.3000e+01 +1.1000e+01 +0.0000e+00 +4.0000e+00 +2.6000e+01 +2.0000e+01 +1.6000e+01 +2.1000e+01 +4.0000e+00 +1.4000e+01 +5.0000e+00 +2.2000e+01 +2.8000e+01 +9.0000e+00
11 +3.625686882e+03 +3.625686882e+03 +4.020166882e+03 +4.020166882e+03 +2.0000e+01 +1.6000e+01 +0.0000e+00 +1.2000e+01 +2.0000e+00 +1.6000e+01 +1.9000e+01 +7.0000e+00 +0.0000e+00 +0.0000e+00 +2.2000e+01 +1.6000e+01 +1.2000e+01 +1.7000e+01 +0.0000e+00 +1.0000e+01 +1.0000e+00 +1.8000e+01 +2.4000e+01 +5.0000e+00
17 +2.511525282e+03 +2.511525282e+03 +2.906005282e+03 +2.906005282e+03 +1.7000e+01 +1.3000e+01 +0.0000e+00 +9.0000e+00 +0.0000e+00 +1.3000e+01 +1.6000e+01 +4.0000e+00 +0.0000e+00 +0.0000e+00 +1.9000e+01 +1.3000e+01 +9.0000e+00 +1.4000e+01 +0.0000e+00 +7.0000e+00 +0.0000e+00 +1.5000e+01 +2.1000e+01 +2.0000e+00
25 +1.418658082e+03 +1.418658082e+03 +1.813138082e+03 +1.813138082e+03 +1.3000e+01 +9.0000e+00 +0.0000e+00 +5.0000e+00 +0.0000e+00 +9.0000e+00 +1.2000e+01 +0.0000e+00 +0.0000e+00 +0.0000e+00 +1.5000e+01 +9.0000e+00 +5.0000e+00 +1.0000e+01 +0.0000e+00 +3.0000e+00 +0.0000e+00 +1.1000e+01 +1.7000e+01 +0.0000e+00
31 +9.136324819e+02 +9.136324819e+02 +1.308112482e+03 +1.308112482e+03 +2.0000e+00 +1.4000e+01 +0.0000e+00 +2.0000e+00 +0.0000e+00 +6.0000e+00 +9.0000e+00 +0.0000e+00 +0.0000e+00 +0.0000e+00 +1.2000e+01 +6.0000e+00 +2.0000e+00 +7.0000e+00 +0.0000e+00 +0.0000e+00 +0.0000e+00 +8.0000e+00 +1.4000e+01 +0.0000e+00
57 +5.949236819e+02 +5.949236819e+02 +9.894036819e+02 +9.894036819e+02 +0.0000e+00 +0.0000e+00 +0.0000e+00 +6.0000e+00 +6.0000e+00 +9.0000e+00 +0.0000e+00 +0.0000e+00 +0.0000e+00 +0.0000e+00 +3.0000e+00 +0.0000e+00 +6.0000e+00 +0.0000e+00 +0.0000e+00 +0.0000e+00 +0.0000e+00 +0.0000e+00 +1.7000e+01 +0.0000e+00
65 +3.536628819e+02 +3.536628819e+02 +7.481428819e+02 +7.481428819e+02 +0.0000e+00 +0.0000e+00 +0.0000e+00 +2.0000e+00 +2.0000e+00 +5.0000e+00 +0.0000e+00 +0.0000e+00 +0.0000e+00 +0.0000e+00 +0.0000e+00 +0.0000e+00 +2.0000e+00 +0.0000e+00 +0.0000e+00 +0.0000e+00 +0.0000e+00 +0.0000e+00 +1.3000e+01 +0.0000e+00
72 +2.419492819e+02 +2.419492819e+02 +6.364292819e+02 +6.364292819e+02 +0.0000e+00 +0.0000e+00 +0.0000e+00 +1.0000e+00 +1.1000e+01 +0.0000e+00 +0.0000e+00 +0.0000e+00 +0.0000e+00 +0.0000e+00 +0.0000e+00 +0.0000e+00 +0.0000e+00 +0.0000e+00 +0.0000e+00 +0.0000e+00 +0.0000e+00 +0.0000e+00 +0.0000e+00 +0.0000e+00
85 +1.550388819e+02 +1.550388819e+02 +5.495188819e+02 +5.495188819e+02 +0.0000e+00 +0.0000e+00 +0.0000e+00 +0.0000e+00 +0.0000e+00 +0.0000e+00 +0.0000e+00 +0.0000e+00 +0.0000e+00 +0.0000e+00 +0.0000e+00 +0.0000e+00 +0.0000e+00 +0.0000e+00 +0.0000e+00 +0.0000e+00 +0.0000e+00 +0.0000e+00 +3.0000e+00 +0.0000e+00
% function evaluation | noise-free fitness - Fopt (-2.471100000000e+02) | best noise-free fitness - Fopt | measured fitness | best measured fitness | x1 | x2...
1 +7.162837396e+03 +7.162837396e+03 +6.915727396e+03 +6.915727396e+03 +1.2000e+01 +2.2000e+01 +1.7000e+01 +0.0000e+00 +1.3000e+01 +1.0000e+01 +9.0000e+00 +9.0000e+00 +3.0000e+01 +2.8000e+01 +2.1000e+01 +3.0000e+00 +2.9000e+01 +3.0000e+01 +1.6000e+01 +3.0000e+01 +1.6000e+01 +1.0000e+01 +3.0000e+01 +1.1000e+01
2 +4.422160596e+03 +4.422160596e+03 +4.175050596e+03 +4.175050596e+03 +1.1000e+01 +1.3000e+01 +1.9000e+01 +2.0000e+00 +1.4000e+01 +2.8000e+01 +2.4000e+01 +3.0000e+00 +5.0000e+00 +2.4000e+01 +1.7000e+01 +4.0000e+00 +1.5000e+01 +1.2000e+01 +5.0000e+00 +1.4000e+01 +2.8000e+01 +0.0000e+00 +2.0000e+01 +1.0000e+01
4 +3.926581396e+03 +3.926581396e+03 +3.679471396e+03 +3.679471396e+03 +8.0000e+00 +1.4000e+01 +1.8000e+01 +1.0000e+00 +1.3000e+01 +2.7000e+01 +2.3000e+01 +2.0000e+00 +4.0000e+00 +2.3000e+01 +1.6000e+01 +3.0000e+00 +1.4000e+01 +1.1000e+01 +4.0000e+00 +1.3000e+01 +2.7000e+01 +0.0000e+00 +1.9000e+01 +9.0000e+00
12 +2.393318996e+03 +2.393318996e+03 +2.146208996e+03 +2.146208996e+03 +0.0000e+00 +1.4000e+01 +1.4000e+01 +0.0000e+00 +9.0000e+00 +2.3000e+01 +1.9000e+01 +0.0000e+00 +0.0000e+00 +1.9000e+01 +1.2000e+01 +0.0000e+00 +1.0000e+01 +7.0000e+00 +0.0000e+00 +9.0000e+00 +2.3000e+01 +0.0000e+00 +1.5000e+01 +5.0000e+00
18 +1.553336596e+03 +1.553336596e+03 +1.306226596e+03 +1.306226596e+03 +8.0000e+00 +3.0000e+00 +1.1000e+01 +0.0000e+00 +6.0000e+00 +2.0000e+01 +1.6000e+01 +0.0000e+00 +0.0000e+00 +1.6000e+01 +9.0000e+00 +0.0000e+00 +7.0000e+00 +4.0000e+00 +0.0000e+00 +6.0000e+00 +2.0000e+01 +0.0000e+00 +1.2000e+01 +2.0000e+00
24 +8.759573958e+02 +8.759573958e+02 +6.288473958e+02 +6.288473958e+02 +1.0000e+00 +4.0000e+00 +8.0000e+00 +0.0000e+00 +3.0000e+00 +1.7000e+01 +1.3000e+01 +0.0000e+00 +0.0000e+00 +1.3000e+01 +6.0000e+00 +0.0000e+00 +4.0000e+00 +1.0000e+00 +0.0000e+00 +3.0000e+00 +1.7000e+01 +0.0000e+00 +9.0000e+00 +0.0000e+00
28 +5.867957958e+02 +5.867957958e+02 +3.396857958e+02 +3.396857958e+02 +0.0000e+00 +2.0000e+00 +6.0000e+00 +0.0000e+00 +1.0000e+00 +1.5000e+01 +1.1000e+01 +0.0000e+00 +0.0000e+00 +1.1000e+01 +4.0000e+00 +0.0000e+00 +2.0000e+00 +0.0000e+00 +0.0000e+00 +1.0000e+00 +1.5000e+01 +0.0000e+00 +7.0000e+00 +0.0000e+00
32 +3.965301958e+02 +3.965301958e+02 +1.494201958e+02 +1.494201958e+02 +0.0000e+00 +0.0000e+00 +4.0000e+00 +0.0000e+00 +0.0000e+00 +1.3000e+01 +9.0000e+00 +0.0000e+00 +0.0000e+00 +9.0000e+00 +2.0000e+00 +0.0000e+00 +0.0000e+00 +0.0000e+00 +0.0000e+00 +0.0000e+00 +1.3000e+01 +0.0000e+00 +5.0000e+00 +0.0000e+00
38 +2.148965958e+02 +2.148965958e+02 -3.221340416e+01 -3.221340416e+01 +0.0000e+00 +0.0000e+00 +1.0000e+00 +0.0000e+00 +0.0000e+00 +1.0000e+01 +6.0000e+00 +0.0000e+00 +0.0000e+00 +6.0000e+00 +0.0000e+00 +0.0000e+00 +0.0000e+00 +0.0000e+00 +0.0000e+00 +0.0000e+00 +1.0000e+01 +0.0000e+00 +2.0000e+00 +0.0000e+00
42 +1.506421958e+02 +1.506421958e+02 -9.646780416e+01 -9.646780416e+01 +0.0000e+00 +0.0000e+00 +0.0000e+00 +0.0000e+00 +0.0000e+00 +8.0000e+00 +4.0000e+00 +0.0000e+00 +0.0000e+00 +4.0000e+00 +0.0000e+00 +0.0000e+00 +0.0000e+00 +0.0000e+00 +0.0000e+00 +0.0000e+00 +8.0000e+00 +0.0000e+00 +0.0000e+00 +0.0000e+00
% function evaluation | noise-free fitness - Fopt (-1.520400000000e+02) | best noise-free fitness - Fopt | measured fitness | best measured fitness | x1 | x2...
1 +6.200754435e+03 +6.200754435e+03 +6.048714435e+03 +6.048714435e+03 +9.0000e+00 +2.4000e+01 +2.1000e+01 +6.0000e+00 +2.6000e+01 +2.0000e+01 +7.0000e+00 +8.0000e+00 +1.9000e+01 +1.3000e+01 +5.0000e+00 +2.5000e+01 +1.8000e+01 +1.8000e+01 +3.0000e+01 +1.9000e+01 +1.1000e+01 +5.0000e+00 +2.1000e+01 +2.0000e+01
11 +3.509004035e+03 +3.509004035e+03 +3.356964035e+03 +3.356964035e+03 +8.0000e+00 +1.6000e+01 +1.6000e+01 +1.0000e+00 +2.1000e+01 +1.5000e+01 +2.0000e+00 +3.0000e+00 +1.4000e+01 +8.0000e+00 +0.0000e+00 +2.0000e+01 +1.3000e+01 +1.3000e+01 +2.5000e+01 +1.4000e+01 +6.0000e+00 +0.0000e+00 +1.6000e+01 +1.5000e+01
16 +2.441372035e+03 +2.441372035e+03 +2.289332035e+03 +2.289332035e+03 +1.1000e+01 +1.4000e+01 +1.6000e+01 +7.0000e+00 +1.2000e+01 +1.1000e+01 +1.5000e+01 +1.0000e+00 +9.0000e+00 +2.2000e+01 +4.0000e+00 +0.0000e+00 +1.1000e+01 +2.0000e+00 +1.0000e+01 +2.0000e+00 +6.0000e+00 +1.3000e+01 +1.8000e+01 +8.0000e+00
22 +1.535652035e+03 +1.535652035e+03 +1.383612035e+03 +1.383612035e+03 +1.1000e+01 +8.0000e+00 +1.3000e+01 +4.0000e+00 +9.0000e+00 +8.0000e+00 +1.2000e+01 +0.0000e+00 +6.0000e+00 +1.9000e+01 +1.0000e+00 +0.0000e+00 +8.0000e+00 +0.0000e+00 +7.0000e+00 +0.0000e+00 +3.0000e+00 +1.0000e+01 +1.5000e+01 +5.0000e+00
28 +8.868936352e+02 +8.868936352e+02 +7.348536352e+02 +7.348536352e+02 +5.0000e+00 +8.0000e+00 +1.0000e+01 +1.0000e+00 +6.0000e+00 +5.0000e+00 +9.0000e+00 +0.0000e+00 +3.0000e+00 +1.6000e+01 +0.0000e+00 +0.0000e+00 +5.0000e+00 +0.0000e+00 +4.0000e+00 +0.0000e+00 +0.0000e+00 +7.0000e+00 +1.2000e+01 +2.0000e+00
32 +6.146792352e+02 +6.146792352e+02 +4.626392352e+02 +4.626392352e+02 +7.0000e+00 +2.0000e+00 +8.0000e+00 +0.0000e+00 +4.0000e+00 +3.0000e+00 +7.0000e+00 +0.0000e+00 +1.0000e+00 +1.4000e+01 +0.0000e+00 +0.0000e+00 +3.0000e+00 +0.0000e+00 +2.0000e+00 +0.0000e+00 +0.0000e+00 +5.0000e+00 +1.0000e+01 +0.0000e+00
36 +3.786248352e+02 +3.786248352e+02 +2.265848352e+02 +2.265848352e+02 +0.0000e+00 +5.0000e+00 +6.0000e+00 +0.0000e+00 +2.0000e+00 +1.0000e+00 +5.0000e+00 +0.0000e+00 +0.0000e+00 +1.2000e+01 +0.0000e+00 +0.0000e+00 +1.0000e+00 +0.0000e+00 +0.0000e+00 +0.0000e+00 +0.0000e+00 +3.0000e+00 +8.0000e+00 +0.0000e+00
40 +2.429320352e+02 +2.429320352e+02 +9.089203520e+01 +9.089203520e+01 +0.0000e+00 +3.0000e+00 +4.0000e+00 +0.0000e+00 +0.0000e+00 +0.0000e+00 +3.0000e+00 +0.0000e+00 +0.0000e+00 +1.0000e+01 +0.0000e+00 +0.0000e+00 +0.0000e+00 +0.0000e+00 +0.0000e+00 +0.0000e+00 +0.0000e+00 +1.0000e+00 +6.0000e+00 +0.0000e+00
44 +1.574808352e+02 +1.574808352e+02 +5.440835200e+00 +5.440835200e+00 +0.0000e+00 +1.0000e+00 +2.0000e+00 +0.0000e+00 +0.0000e+00 +0.0000e+00 +1.0000e+00 +0.0000e+00 +0.0000e+00 +8.0000e+00 +0.0000e+00 +0.0000e+00 +0.0000e+00 +0.0000e+00 +0.0000e+00 +0.0000e+00 +0.0000e+00 +0.0000e+00 +4.0000e+00 +0.0000e+00
52 +9.780723520e+01 +9.780723520e+01 -5.423276480e+01 -5.423276480e+01 +0.0000e+00 +0.0000e+00 +0.0000e+00 +0.0000e+00 +0.0000e+00 +0.0000e+00 +0.0000e+00 +0.0000e+00 +0.0000e+00 +4.0000e+00 +0.0000e+00 +0.0000e+00 +0.0000e+00 +0.0000e+00 +0.0000e+00 +0.0000e+00 +0.0000e+00 +0.0000e+00 +0.0000e+00 +0.0000e+00
% function evaluation | noise-free fitness - Fopt (-2.525000000000e+01) | best noise-free fitness - Fopt | measured fitness | best measured fitness | x1 | x2...
1 +5.250124428e+03 +5.250124428e+03 +5.224874428e+03 +5.224874428e+03 +2.9000e+01 +1.2000e+01 +1.0000e+00 +1.3000e+01 +1.0000e+01 +2.8000e+01 +0.0000e+00 +7.0000e+00 +2.4000e+01 +1.0000e+01 +4.0000e+00 +1.3000e+01 +2.3000e+01 +4.0000e+00 +2.5000e+01 +2.2000e+01 +1.0000e+00 +5.0000e+00 +1.9000e+01 +2.0000e+01
7 +3.810642828e+03 +3.810642828e+03 +3.785392828e+03 +3.785392828e+03 +2.6000e+01 +9.0000e+00 +0.0000e+00 +1.0000e+01 +7.0000e+00 +2.5000e+01 +0.0000e+00 +4.0000e+00 +2.1000e+01 +7.0000e+00 +1.0000e+00 +1.0000e+01 +2.0000e+01 +1.0000e+00 +2.2000e+01 +1.9000e+01 +0.0000e+00 +2.0000e+00 +1.6000e+01 +1.7000e+01
15 +2.262431628e+03 +2.262431628e+03 +2.237181628e+03 +2.237181628e+03 +1.8000e+01 +9.0000e+00 +0.0000e+00 +6.0000e+00 +3.0000e+00 +2.1000e+01 +0.0000e+00 +0.0000e+00 +1.7000e+01 +3.0000e+00 +0.0000e+00 +6.0000e+00 +1.6000e+01 +0.0000e+00 +1.8000e+01 +1.5000e+01 +0.0000e+00 +0.0000e+00 +1.2000e+01 +1.3000e+01
21 +1.451478028e+03 +1.451478028e+03 +1.426228028e+03 +1.426228028e+03 +1.0000e+01 +1.1000e+01 +0.0000e+00 +3.0000e+00 +0.0000e+00 +1.8000e+01 +0.0000e+00 +0.0000e+00 +1.4000e+01 +0.0000e+00 +0.0000e+00 +3.0000e+00 +1.3000e+01 +0.0000e+00 +1.5000e+01 +1.2000e+01 +0.0000e+00 +0.0000e+00 +9.0000e+00 +1.0000e+01
27 +9.048636282e+02 +9.048636282e+02 +8.796136282e+02 +8.796136282e+02 +4.0000e+00 +1.1000e+01 +0.0000e+00 +0.0000e+00 +0.0000e+00 +1.5000e+01 +0.0000e+00 +0.0000e+00 +1.1000e+01 +0.0000e+00 +0.0000e+00 +0.0000e+00 +1.0000e+01 +0.0000e+00 +1.2000e+01 +9.0000e+00 +0.0000e+00 +0.0000e+00 +6.0000e+00 +7.0000e+00
31 +5.870012282e+02 +5.870012282e+02 +5.617512282e+02 +5.617512282e+02 +1.0000e+01 +1.0000e+00 +0.0000e+00 +0.0000e+00 +0.0000e+00 +1.3000e+01 +0.0000e+00 +0.0000e+00 +9.0000e+00 +0.0000e+00 +0.0000e+00 +0.0000e+00 +8.0000e+00 +0.0000e+00 +1.0000e+01 +7.0000e+00 +0.0000e+00 +0.0000e+00 +4.0000e+00 +5.0000e+00
37 +3.161468282e+02 +3.161468282e+02 +2.908968282e+02 +2.908968282e+02 +0.0000e+00 +6.0000e+00 +0.0000e+00 +0.0000e+00 +0.0000e+00 +1.0000e+01 +0.0000e+00 +0.0000e+00 +6.0000e+00 +0.0000e+00 +0.0000e+00 +0.0000e+00 +5.0000e+00 +0.0000e+00 +7.0000e+00 +4.0000e+00 +0.0000e+00 +0.0000e+00 +1.0000e+00 +2.0000e+00
39 +2.140284282e+02 +2.140284282e+02 +1.887784282e+02 +1.887784282e+02 +5.0000e+00 +0.0000e+00 +0.0000e+00 +0.0000e+00 +0.0000e+00 +9.0000e+00 +0.0000e+00 +0.0000e+00 +5.0000e+00 +0.0000e+00 +0.0000e+00 +0.0000e+00 +4.0000e+00 +0.0000e+00 +6.0000e+00 +3.0000e+00 +0.0000e+00 +0.0000e+00 +0.0000e+00 +1.0000e+00
43 +1.251596282e+02 +1.251596282e+02 +9.990962816e+01 +9.990962816e+01 +3.0000e+00 +0.0000e+00 +0.0000e+00 +0.0000e+00 +0.0000e+00 +7.0000e+00 +0.0000e+00 +0.0000e+00 +3.0000e+00 +0.0000e+00 +0.0000e+00 +0.0000e+00 +2.0000e+00 +0.0000e+00 +4.0000e+00 +1.0000e+00 +0.0000e+00 +0.0000e+00 +0.0000e+00 +0.0000e+00
47 +8.597242816e+01 +8.597242816e+01 +6.072242816e+01 +6.072242816e+01 +1.0000e+00 +0.0000e+00 +0.0000e+00 +0.0000e+00 +0.0000e+00 +5.0000e+00 +0.0000e+00 +0.0000e+00 +1.0000e+00 +0.0000e+00 +0.0000e+00 +0.0000e+00 +0.0000e+00 +0.0000e+00 +2.0000e+00 +0.0000e+00 +0.0000e+00 +0.0000e+00 +0.0000e+00 +0.0000e+00
% function evaluation | noise-free fitness - Fopt (2.230000000000e+00) | best noise-free fitness - Fopt | measured fitness | best measured fitness | x1 | x2...
1 +5.147032183e+03 +5.147032183e+03 +5.149262183e+03 +5.149262183e+03 +2.8000e+01 +1.1000e+01 +1.8000e+01 +6.0000e+00 +1.3000e+01 +2.5000e+01 +2.0000e+01 +9.0000e+00 +1.1000e+01 +3.0000e+00 +1.6000e+01 +2.5000e+01 +5.0000e+00 +3.0000e+00 +2.0000e+01 +1.3000e+01 +6.0000e+00 +2.1000e+01 +8.0000e+00 +1.4000e+01
7 +3.632878583e+03 +3.632878583e+03 +3.635108583e+03 +3.635108583e+03 +2.4000e+01 +9.0000e+00 +1.5000e+01 +3.0000e+00 +1.0000e+01 +2.2000e+01 +1.7000e+01 +6.0000e+00 +8.0000e+00 +0.0000e+00 +1.3000e+01 +2.2000e+01 +2.0000e+00 +0.0000e+00 +1.7000e+01 +1.0000e+01 +3.0000e+00 +1.8000e+01 +5.0000e+00 +1.1000e+01
13 +2.456193783e+03 +2.456193783e+03 +2.458423783e+03 +2.458423783e+03 +1.4000e+01 +1.3000e+01 +1.2000e+01 +0.0000e+00 +7.0000e+00 +1.9000e+01 +1.4000e+01 +3.0000e+00 +5.0000e+00 +0.0000e+00 +1.0000e+01 +1.9000e+01 +0.0000e+00 +0.0000e+00 +1.4000e+01 +7.0000e+00 +0.0000e+00 +1.5000e+01 +2.0000e+00 +8.0000e+00
19 +1.579113783e+03 +1.579113783e+03 +1.581343783e+03 +1.581343783e+03 +1.1000e+01 +1.0000e+01 +9.0000e+00 +0.0000e+00 +4.0000e+00 +1.6000e+01 +1.1000e+01 +0.0000e+00 +2.0000e+00 +0.0000e+00 +7.0000e+00 +1.6000e+01 +0.0000e+00 +0.0000e+00 +1.1000e+01 +4.0000e+00 +0.0000e+00 +1.2000e+01 +0.0000e+00 +5.0000e+00
25 +9.703217830e+02 +9.703217830e+02 +9.725517830e+02 +9.725517830e+02 +7.0000e+00 +8.0000e+00 +6.0000e+00 +0.0000e+00 +1.0000e+00 +1.3000e+01 +8.0000e+00 +0.0000e+00 +0.0000e+00 +0.0000e+00 +4.0000e+00 +1.3000e+01 +0.0000e+00 +0.0000e+00 +8.0000e+00 +1.0000e+00 +0.0000e+00 +9.0000e+00 +0.0000e+00 +2.0000e+00
31 +5.443601830e+02 +5.443601830e+02 +5.465901830e+02 +5.465901830e+02 +5.0000e+00 +4.0000e+00 +3.0000e+00 +0.0000e+00 +0.0000e+00 +1.0000e+01 +5.0000e+00 +0.0000e+00 +0.0000e+00 +0.0000e+00 +1.0000e+00 +1.0000e+01 +0.0000e+00 +0.0000e+00 +5.0000e+00 +0.0000e+00 +0.0000e+00 +6.0000e+00 +0.0000e+00 +0.0000e+00
35 +3.576353830e+02 +3.576353830e+02 +3.598653830e+02 +3.598653830e+02 +3.0000e+00 +2.0000e+00 +1.0000e+00 +0.0000e+00 +0.0000e+00 +8.0000e+00 +3.0000e+00 +0.0000e+00 +0.0000e+00 +0.0000e+00 +0.0000e+00 +8.0000e+00 +0.0000e+00 +0.0000e+00 +3.0000e+00 +0.0000e+00 +0.0000e+00 +4.0000e+00 +0.0000e+00 +0.0000e+00
39 +2.367953830e+02 +2.367953830e+02 +2.390253830e+02 +2.390253830e+02 +1.0000e+00 +0.0000e+00 +0.0000e+00 +0.0000e+00 +0.0000e+00 +6.0000e+00 +1.0000e+00 +0.0000e+00 +0.0000e+00 +0.0000e+00 +0.0000e+00 +6.0000e+00 +0.0000e+00 +0.0000e+00 +1.0000e+00 +0.0000e+00 +0.0000e+00 +2.0000e+00 +0.0000e+00 +0.0000e+00
45 +1.529793830e+02 +1.529793830e+02 +1.552093830e+02 +1.552093830e+02 +0.0000e+00 +0.0000e+00 +0.0000e+00 +0.0000e+00 +0.0000e+00 +3.0000e+00 +0.0000e+00 +0.0000e+00 +0.0000e+00 +0.0000e+00 +0.0000e+00 +3.0000e+00 +0.0000e+00 +0.0000e+00 +0.0000e+00 +0.0000e+00 +0.0000e+00 +0.0000e+00 +0.0000e+00 +0.0000e+00
% function evaluation | noise-free fitness - Fopt (-1.308000000000e+01) | best noise-free fitness - Fopt | measured fitness | best measured fitness | x1 | x2...
1 +6.374470547e+03 +6.374470547e+03 +6.361390547e+03 +6.361390547e+03 +1.4000e+01 +1.6000e+01 +1.0000e+01 +2.5000e+01 +2.5000e+01 +2.1000e+01 +1.2000e+01 +1.7000e+01 +1.3000e+01 +2.0000e+01 +1.2000e+01 +1.5000e+01 +2.5000e+01 +2.0000e+01 +2.6000e+01 +1.1000e+01 +2.5000e+01 +8.0000e+00 +2.0000e+00 +1.3000e+01
3 +5.732936147e+03 +5.732936147e+03 +5.719856147e+03 +5.719856147e+03 +1.5000e+01 +1.3000e+01 +9.0000e+00 +2.4000e+01 +2.4000e+01 +2.0000e+01 +1.1000e+01 +1.6000e+01 +1.2000e+01 +1.9000e+01 +1.1000e+01 +1.4000e+01 +2.4000e+01 +1.9000e+01 +2.5000e+01 +1.0000e+01 +2.4000e+01 +7.0000e+00 +1.0000e+00 +1.2000e+01
11 +3.592350547e+03 +3.592350547e+03 +3.579270547e+03 +3.579270547e+03 +1.3000e+01 +7.0000e+00 +5.0000e+00 +2.0000e+01 +2.0000e+01 +1.6000e+01 +7.0000e+00 +1.2000e+01 +8.0000e+00 +1.5000e+01 +7.0000e+00 +1.0000e+01 +2.0000e+01 +1.5000e+01 +2.1000e+01 +6.0000e+00 +2.0000e+01 +3.0000e+00 +0.0000e+00 +8.0000e+00
17 +2.405075347e+03 +2.405075347e+03 +2.391995347e+03 +2.391995347e+03 +4.0000e+00 +1.0000e+01 +2.0000e+00 +1.7000e+01 +1.7000e+01 +1.3000e+01 +4.0000e+00 +9.0000e+00 +5.0000e+00 +1.2000e+01 +4.0000e+00 +7.0000e+00 +1.7000e+01 +1.2000e+01 +1.8000e+01 +3.0000e+00 +1.7000e+01 +0.0000e+00 +0.0000e+00 +5.0000e+00
23 +1.485779347e+03 +1.485779347e+03 +1.472699347e+03 +1.472699347e+03 +7.0000e+00 +1.0000e+00 +0.0000e+00 +1.4000e+01 +1.4000e+01 +1.0000e+01 +1.0000e+00 +6.0000e+00 +2.0000e+00 +9.0000e+00 +1.0000e+00 +4.0000e+00 +1.4000e+01 +9.0000e+00 +1.5000e+01 +0.0000e+00 +1.4000e+01 +0.0000e+00 +0.0000e+00 +2.0000e+00
29 +8.612401466e+02 +8.612401466e+02 +8.481601466e+02 +8.481601466e+02 +0.0000e+00 +2.0000e+00 +0.0000e+00 +1.1000e+01 +1.1000e+01 +7.0000e+00 +0.0000e+00 +3.0000e+00 +0.0000e+00 +6.0000e+00 +0.0000e+00 +1.0000e+00 +1.1000e+01 +6.0000e+00 +1.2000e+01 +0.0000e+00 +1.1000e+01 +0.0000e+00 +0.0000e+00 +0.0000e+00
33 +5.551089466e+02 +5.551089466e+02 +5.420289466e+02 +5.420289466e+02 +0.0000e+00 +0.0000e+00 +0.0000e+00 +9.0000e+00 +9.0000e+00 +5.0000e+00 +0.0000e+00 +1.0000e+00 +0.0000e+00 +4.0000e+00 +0.0000e+00 +0.0000e+00 +9.0000e+00 +4.0000e+00 +1.0000e+01 +0.0000e+00 +9.0000e+00 +0.0000e+00 +0.0000e+00 +0.0000e+00
37 +3.396465466e+02 +3.396465466e+02 +3.265665466e+02 +3.265665466e+02 +0.0000e+00 +0.0000e+00 +0.0000e+00 +7.0000e+00 +7.0000e+00 +3.0000e+00 +0.0000e+00 +0.0000e+00 +0.0000e+00 +2.0000e+00 +0.0000e+00 +0.0000e+00 +7.0000e+00 +2.0000e+00 +8.0000e+00 +0.0000e+00 +7.0000e+00 +0.0000e+00 +0.0000e+00 +0.0000e+00
41 +1.932497466e+02 +1.932497466e+02 +1.801697466e+02 +1.801697466e+02 +0.0000e+00 +0.0000e+00 +0.0000e+00 +5.0000e+00 +5.0000e+00 +1.0000e+00 +0.0000e+00 +0.0000e+00 +0.0000e+00 +0.0000e+00 +0.0000e+00 +0.0000e+00 +5.0000e+00 +0.0000e+00 +6.0000e+00 +0.0000e+00 +5.0000e+00 +0.0000e+00 +0.0000e+00 +0.0000e+00
43 +1.466337466e+02 +1.466337466e+02 +1.335537466e+02 +1.335537466e+02 +0.0000e+00 +0.0000e+00 +0.0000e+00 +4.0000e+00 +4.0000e+00 +0.0000e+00 +0.0000e+00 +0.0000e+00 +0.0000e+00 +0.0000e+00 +0.0000e+00 +0.0000e+00 +4.0000e+00 +0.0000e+00 +5.0000e+00 +0.0000e+00 +4.0000e+00 +0.0000e+00 +0.0000e+00 +0.0000e+00
47 +9.681934656e+01 +9.681934656e+01 +8.373934656e+01 +8.373934656e+01 +0.0000e+00 +0.0000e+00 +0.0000e+00 +2.0000e+00 +2.0000e+00 +0.0000e+00 +0.0000e+00 +0.0000e+00 +0.0000e+00 +0.0000e+00 +0.0000e+00 +0.0000e+00 +2.0000e+00 +0.0000e+00 +3.0000e+00 +0.0000e+00 +2.0000e+00 +0.0000e+00 +0.0000e+00 +0.0000e+00
% function evaluation | noise-free fitness - Fopt (2.671600000000e+02) | best noise-free fitness - Fopt | measured fitness | best measured fitness | x1 | x2...
1 +5.874774584e+03 +5.874774584e+03 +6.141934584e+03 +6.141934584e+03 +1.0000e+01 +0.0000e+00 +1.0000e+01 +1.9000e+01 +2.1000e+01 +1.2000e+01 +2.2000e+01 +2.8000e+01 +1.1000e+01 +2.7000e+01 +9.0000e+00 +0.0000e+00 +1.0000e+00 +2.7000e+01 +8.0000e+00 +2.5000e+01 +1.6000e+01 +1.5000e+01 +5.0000e+00 +1.3000e+01
4 +3.838496184e+03 +3.838496184e+03 +4.105656184e+03 +4.105656184e+03 +0.0000e+00 +5.0000e+00 +1.6000e+01 +0.0000e+00 +2.1000e+01 +7.0000e+00 +1.4000e+01 +1.7000e+01 +2.0000e+01 +4.0000e+00 +1.4000e+01 +7.0000e+00 +2.2000e+01 +7.0000e+00 +1.0000e+00 +2.4000e+01 +0.0000e+00 +0.0000e+00 +1.6000e+01 +1.3000e+01
12 +2.311636984e+03 +2.311636984e+03 +2.578796984e+03 +2.578796984e+03 +0.0000e+00 +1.0000e+00 +1.2000e+01 +0.0000e+00 +1.7000e+01 +3.0000e+00 +1.0000e+01 +1.3000e+01 +1.6000e+01 +0.0000e+00 +1.0000e+01 +3.0000e+00 +1.8000e+01 +3.0000e+00 +0.0000e+00 +2.0000e+01 +0.0000e+00 +0.0000e+00 +1.2000e+01 +9.0000e+00
18 +1.478795384e+03 +1.478795384e+03 +1.745955384e+03 +1.745955384e+03 +0.0000e+00 +0.0000e+00 +9.0000e+00 +0.0000e+00 +1.4000e+01 +0.0000e+00 +7.0000e+00 +1.0000e+01 +1.3000e+01 +0.0000e+00 +7.0000e+00 +0.0000e+00 +1.5000e+01 +0.0000e+00 +0.0000e+00 +1.7000e+01 +0.0000e+00 +0.0000e+00 +9.0000e+00 +6.0000e+00
24 +8.814161843e+02 +8.814161843e+02 +1.148576184e+03 +1.148576184e+03 +0.0000e+00 +0.0000e+00 +6.0000e+00 +0.0000e+00 +1.1000e+01 +0.0000e+00 +4.0000e+00 +7.0000e+00 +1.0000e+01 +0.0000e+00 +4.0000e+00 +0.0000e+00 +1.2000e+01 +0.0000e+00 +0.0000e+00 +1.4000e+01 +0.0000e+00 +0.0000e+00 +6.0000e+00 +3.0000e+00
28 +5.831633843e+02 +5.831633843e+02 +8.503233843e+02 +8.503233843e+02 +0.0000e+00 +0.0000e+00 +4.0000e+00 +0.0000e+00 +9.0000e+00 +0.0000e+00 +2.0000e+00 +5.0000e+00 +8.0000e+00 +0.0000e+00 +2.0000e+00 +0.0000e+00 +1.0000e+01 +0.0000e+00 +0.0000e+00 +1.2000e+01 +0.0000e+00 +0.0000e+00 +4.0000e+00 +1.0000e+00
32 +3.684513843e+02 +3.684513843e+02 +6.356113843e+02 +6.356113843e+02 +0.0000e+00 +0.0000e+00 +2.0000e+00 +0.0000e+00 +7.0000e+00 +0.0000e+00 +0.0000e+00 +3.0000e+00 +6.0000e+00 +0.0000e+00 +0.0000e+00 +0.0000e+00 +8.0000e+00 +0.0000e+00 +0.0000e+00 +1.0000e+01 +0.0000e+00 +0.0000e+00 +2.0000e+00 +0.0000e+00
36 +2.275585843e+02 +2.275585843e+02 +4.947185843e+02 +4.947185843e+02 +0.0000e+00 +0.0000e+00 +0.0000e+00 +0.0000e+00 +5.0000e+00 +0.0000e+00 +0.0000e+00 +1.0000e+00 +4.0000e+00 +0.0000e+00 +0.0000e+00 +0.0000e+00 +6.0000e+00 +0.0000e+00 +0.0000e+00 +8.0000e+00 +0.0000e+00 +0.0000e+00 +0.0000e+00 +0.0000e+00
40 +1.500577843e+02 +1.500577843e+02 +4.172177843e+02 +4.172177843e+02 +0.0000e+00 +0.0000e+00 +0.0000e+00 +0.0000e+00 +3.0000e+00 +0.0000e+00 +0.0000e+00 +0.0000e+00 +2.0000e+00 +0.0000e+00 +0.0000e+00 +0.0000e+00 +4.0000e+00 +0.0000e+00 +0.0000e+00 +6.0000e+00 +0.0000e+00 +0.0000e+00 +0.0000e+00 +0.0000e+00
% function evaluation | noise-free fitness - Fopt (3.710000000000e+00) | best noise-free fitness - Fopt | measured fitness | best measured fitness | x1 | x2...
1 +7.584607709e+03 +7.584607709e+03 +7.588317709e+03 +7.588317709e+03 +1.7000e+01 +2.8000e+01 +2.5000e+01 +1.0000e+00 +1.1000e+01 +2.2000e+01 +2.7000e+01 +1.0000e+00 +1.1000e+01 +7.0000e+00 +2.0000e+01 +2.9000e+01 +9.0000e+00 +2.6000e+01 +6.0000e+00 +2.7000e+01 +2.0000e+00 +2.0000e+00 +2.2000e+01 +1.9000e+01
7 +6.031367709e+03 +6.031367709e+03 +6.035077709e+03 +6.035077709e+03 +9.0000e+00 +3.0000e+01 +2.2000e+01 +0.0000e+00 +8.0000e+00 +1.9000e+01 +2.4000e+01 +0.0000e+00 +8.0000e+00 +4.0000e+00 +1.7000e+01 +2.6000e+01 +6.0000e+00 +2.3000e+01 +3.0000e+00 +2.4000e+01 +0.0000e+00 +0.0000e+00 +1.9000e+01 +1.6000e+01
15 +3.803034909e+03 +3.803034909e+03 +3.806744909e+03 +3.806744909e+03 +1.3000e+01 +1.8000e+01 +1.8000e+01 +0.0000e+00 +4.0000e+00 +1.5000e+01 +2.0000e+01 +0.0000e+00 +4.0000e+00 +0.0000e+00 +1.3000e+01 +2.2000e+01 +2.0000e+00 +1.9000e+01 +0.0000e+00 +2.0000e+01 +0.0000e+00 +0.0000e+00 +1.5000e+01 +1.2000e+01
24 +2.374023709e+03 +2.374023709e+03 +2.377733709e+03 +2.377733709e+03 +1.0000e+00 +0.0000e+00 +0.0000e+00 +0.0000e+00 +1.9000e+01 +1.8000e+01 +1.5000e+01 +6.0000e+00 +3.0000e+00 +9.0000e+00 +4.0000e+00 +0.0000e+00 +0.0000e+00 +1.3000e+01 +0.0000e+00 +6.0000e+00 +8.0000e+00 +1.3000e+01 +1.7000e+01 +1.7000e+01
30 +1.562450909e+03 +1.562450909e+03 +1.566160909e+03 +1.566160909e+03 +0.0000e+00 +0.0000e+00 +0.0000e+00 +0.0000e+00 +1.6000e+01 +1.5000e+01 +1.2000e+01 +3.0000e+00 +0.0000e+00 +6.0000e+00 +1.0000e+00 +0.0000e+00 +0.0000e+00 +1.0000e+01 +0.0000e+00 +3.0000e+00 +5.0000e+00 +1.0000e+01 +1.4000e+01 +1.4000e+01
35 +9.314909094e+02 +9.314909094e+02 +9.352009094e+02 +9.352009094e+02 +1.0000e+01 +5.0000e+00 +8.0000e+00 +0.0000e+00 +0.0000e+00 +5.0000e+00 +1.0000e+01 +0.0000e+00 +0.0000e+00 +0.0000e+00 +3.0000e+00 +1.2000e+01 +0.0000e+00 +9.0000e+00 +0.0000e+00 +1.0000e+01 +0.0000e+00 +0.0000e+00 +5.0000e+00 +2.0000e+00
42 +5.431533094e+02 +5.431533094e+02 +5.468633094e+02 +5.468633094e+02 +0.0000e+00 +0.0000e+00 +0.0000e+00 +0.0000e+00 +1.0000e+01 +9.0000e+00 +6.0000e+00 +0.0000e+00 +0.0000e+00 +0.0000e+00 +0.0000e+00 +0.0000e+00 +0.0000e+00 +4.0000e+00 +0.0000e+00 +0.0000e+00 +0.0000e+00 +4.0000e+00 +8.0000e+00 +8.0000e+00
45 +3.152765094e+02 +3.152765094e+02 +3.189865094e+02 +3.189865094e+02 +8.0000e+00 +0.0000e+00 +3.0000e+00 +0.0000e+00 +0.0000e+00 +0.0000e+00 +5.0000e+00 +0.0000e+00 +0.0000e+00 +0.0000e+00 +0.0000e+00 +7.0000e+00 +0.0000e+00 +4.0000e+00 +0.0000e+00 +5.0000e+00 +0.0000e+00 +0.0000e+00 +0.0000e+00 +0.0000e+00
49 +1.950333094e+02 +1.950333094e+02 +1.987433094e+02 +1.987433094e+02 +6.0000e+00 +0.0000e+00 +1.0000e+00 +0.0000e+00 +0.0000e+00 +0.0000e+00 +3.0000e+00 +0.0000e+00 +0.0000e+00 +0.0000e+00 +0.0000e+00 +5.0000e+00 +0.0000e+00 +2.0000e+00 +0.0000e+00 +3.0000e+00 +0.0000e+00 +0.0000e+00 +0.0000e+00 +0.0000e+00
54 +1.330029094e+02 +1.330029094e+02 +1.367129094e+02 +1.367129094e+02 +0.0000e+00 +0.0000e+00 +0.0000e+00 +0.0000e+00 +4.0000e+00 +3.0000e+00 +0.0000e+00 +0.0000e+00 +0.0000e+00 +0.0000e+00 +0.0000e+00 +0.0000e+00 +0.0000e+00 +0.0000e+00 +0.0000e+00 +0.0000e+00 +0.0000e+00 +0.0000e+00 +2.0000e+00 +2.0000e+00
58 +9.558530944e+01 +9.558530944e+01 +9.929530944e+01 +9.929530944e+01 +0.0000e+00 +0.0000e+00 +0.0000e+00 +0.0000e+00 +2.0000e+00 +1.0000e+00 +0.0000e+00 +0.0000e+00 +0.0000e+00 +0.0000e+00 +0.0000e+00 +0.0000e+00 +0.0000e+00 +0.0000e+00 +0.0000e+00 +0.0000e+00 +0.0000e+00 +0.0000e+00 +0.0000e+00 +0.0000e+00
% function evaluation | noise-free fitness - Fopt (9.478000000000e+01) | best noise-free fitness - Fopt | measured fitness | best measured fitness | x1 | x2...
1 +6.130640633e+03 +6.130640633e+03 +6.225420633e+03 +6.225420633e+03 +2.2000e+01 +1.0000e+01 +2.0000e+01 +2.7000e+01 +1.9000e+01 +0.0000e+00 +1.5000e+01 +1.7000e+01 +1.7000e+01 +2.6000e+01 +7.0000e+00 +2.8000e+01 +1.0000e+00 +9.0000e+00 +8.0000e+00 +1.1000e+01 +1.6000e+01 +1.8000e+01 +2.2000e+01 +2.7000e+01
6 +3.927957433e+03 +3.927957433e+03 +4.022737433e+03 +4.022737433e+03 +2.0000e+00 +1.3000e+01 +2.5000e+01 +2.0000e+00 +2.2000e+01 +0.0000e+00 +1.7000e+01 +1.9000e+01 +0.0000e+00 +1.0000e+00 +2.7000e+01 +0.0000e+00 +2.0000e+00 +1.0000e+00 +2.6000e+01 +3.0000e+00 +1.3000e+01 +2.1000e+01 +1.6000e+01 +1.0000e+01
14 +2.365579833e+03 +2.365579833e+03 +2.460359833e+03 +2.460359833e+03 +6.0000e+00 +1.0000e+00 +2.1000e+01 +0.0000e+00 +1.8000e+01 +0.0000e+00 +1.3000e+01 +1.5000e+01 +0.0000e+00 +0.0000e+00 +2.3000e+01 +0.0000e+00 +0.0000e+00 +0.0000e+00 +2.2000e+01 +0.0000e+00 +9.0000e+00 +1.7000e+01 +1.2000e+01 +6.0000e+00
22 +1.365346233e+03 +1.365346233e+03 +1.460126233e+03 +1.460126233e+03 +2.0000e+00 +0.0000e+00 +1.7000e+01 +0.0000e+00 +1.4000e+01 +0.0000e+00 +9.0000e+00 +1.1000e+01 +0.0000e+00 +0.0000e+00 +1.9000e+01 +0.0000e+00 +0.0000e+00 +0.0000e+00 +1.8000e+01 +0.0000e+00 +5.0000e+00 +1.3000e+01 +8.0000e+00 +2.0000e+00
28 +8.521574330e+02 +8.521574330e+02 +9.469374330e+02 +9.469374330e+02 +0.0000e+00 +0.0000e+00 +1.4000e+01 +0.0000e+00 +1.1000e+01 +0.0000e+00 +6.0000e+00 +8.0000e+00 +0.0000e+00 +0.0000e+00 +1.6000e+01 +0.0000e+00 +0.0000e+00 +0.0000e+00 +1.5000e+01 +0.0000e+00 +2.0000e+00 +1.0000e+01 +5.0000e+00 +0.0000e+00
32 +6.087078330e+02 +6.087078330e+02 +7.034878330e+02 +7.034878330e+02 +0.0000e+00 +0.0000e+00 +1.2000e+01 +0.0000e+00 +9.0000e+00 +0.0000e+00 +4.0000e+00 +6.0000e+00 +0.0000e+00 +0.0000e+00 +1.4000e+01 +0.0000e+00 +0.0000e+00 +0.0000e+00 +1.3000e+01 +0.0000e+00 +0.0000e+00 +8.0000e+00 +3.0000e+00 +0.0000e+00
38 +3.584982330e+02 +3.584982330e+02 +4.532782330e+02 +4.532782330e+02 +0.0000e+00 +0.0000e+00 +9.0000e+00 +0.0000e+00 +6.0000e+00 +0.0000e+00 +1.0000e+00 +3.0000e+00 +0.0000e+00 +0.0000e+00 +1.1000e+01 +0.0000e+00 +0.0000e+00 +0.0000e+00 +1.0000e+01 +0.0000e+00 +0.0000e+00 +5.0000e+00 +0.0000e+00 +0.0000e+00
44 +2.132070330e+02 +2.132070330e+02 +3.079870330e+02 +3.079870330e+02 +0.0000e+00 +0.0000e+00 +6.0000e+00 +0.0000e+00 +3.0000e+00 +0.0000e+00 +0.0000e+00 +0.0000e+00 +0.0000e+00 +0.0000e+00 +8.0000e+00 +0.0000e+00 +0.0000e+00 +0.0000e+00 +7.0000e+00 +0.0000e+00 +0.0000e+00 +2.0000e+00 +0.0000e+00 +0.0000e+00
50 +1.442294330e+02 +1.442294330e+02 +2.390094330e+02 +2.390094330e+02 +0.0000e+00 +0.0000e+00 +3.0000e+00 +0.0000e+00 +0.0000e+00 +0.0000e+00 +0.0000e+00 +0.0000e+00 +0.0000e+00 +0.0000e+00 +5.0000e+00 +0.0000e+00 +0.0000e+00 +0.0000e+00 +4.0000e+00 +0.0000e+00 +0.0000e+00 +0.0000e+00 +0.0000e+00 +0.0000e+00
% function evaluation | noise-free fitness - Fopt (2.339200000000e+02) | best noise-free fitness - Fopt | measured fitness | best measured fitness | x1 | x2...
1 +8.303281420e+03 +8.303281420e+03 +8.537201420e+03 +8.537201420e+03 +3.0000e+00 +1.1000e+01 +2.8000e+01 +1.0000e+00 +2.5000e+01 +3.0000e+01 +2.2000e+01 +2.7000e+01 +1.2000e+01 +2.6000e+01 +1.7000e+01 +2.4000e+01 +1.8000e+01 +8.0000e+00 +3.0000e+01 +4.0000e+00 +2.8000e+01 +3.0000e+01 +3.0000e+00 +7.0000e+00
2 +5.322103820e+03 +5.322103820e+03 +5.556023820e+03 +5.556023820e+03 +0.0000e+00 +0.0000e+00 +1.8000e+01 +1.1000e+01 +4.0000e+00 +3.0000e+00 +2.6000e+01 +1.8000e+01 +2.1000e+01 +3.0000e+00 +3.0000e+00 +3.0000e+01 +1.4000e+01 +6.0000e+00 +3.0000e+00 +0.0000e+00 +2.6000e+01 +2.7000e+01 +2.4000e+01 +1.0000e+00
10 +3.640046220e+03 +3.640046220e+03 +3.873966220e+03 +3.873966220e+03 +0.0000e+00 +0.0000e+00 +1.4000e+01 +7.0000e+00 +0.0000e+00 +0.0000e+00 +2.2000e+01 +1.4000e+01 +1.7000e+01 +0.0000e+00 +0.0000e+00 +2.6000e+01 +1.0000e+01 +2.0000e+00 +0.0000e+00 +0.0000e+00 +2.2000e+01 +2.3000e+01 +2.0000e+01 +0.0000e+00
18 +2.339950220e+03 +2.339950220e+03 +2.573870220e+03 +2.573870220e+03 +0.0000e+00 +0.0000e+00 +1.0000e+01 +3.0000e+00 +0.0000e+00 +0.0000e+00 +1.8000e+01 +1.0000e+01 +1.3000e+01 +0.0000e+00 +0.0000e+00 +2.2000e+01 +6.0000e+00 +0.0000e+00 +0.0000e+00 +0.0000e+00 +1.8000e+01 +1.9000e+01 +1.6000e+01 +0.0000e+00
24 +1.578425420e+03 +1.578425420e+03 +1.812345420e+03 +1.812345420e+03 +0.0000e+00 +0.0000e+00 +7.0000e+00 +0.0000e+00 +0.0000e+00 +0.0000e+00 +1.5000e+01 +7.0000e+00 +1.0000e+01 +0.0000e+00 +0.0000e+00 +1.9000e+01 +3.0000e+00 +0.0000e+00 +0.0000e+00 +0.0000e+00 +1.5000e+01 +1.6000e+01 +1.3000e+01 +0.0000e+00
32 +8.514334195e+02 +8.514334195e+02 +1.085353420e+03 +1.085353420e+03 +0.0000e+00 +0.0000e+00 +3.0000e+00 +0.0000e+00 +0.0000e+00 +0.0000e+00 +1.1000e+01 +3.0000e+00 +6.0000e+00 +0.0000e+00 +0.0000e+00 +1.5000e+01 +0.0000e+00 +0.0000e+00 +0.0000e+00 +0.0000e+00 +1.1000e+01 +1.2000e+01 +9.0000e+00 +0.0000e+00
36 +5.914014195e+02 +5.914014195e+02 +8.253214195e+02 +8.253214195e+02 +0.0000e+00 +0.0000e+00 +1.0000e+00 +0.0000e+00 +0.0000e+00 +0.0000e+00 +9.0000e+00 +1.0000e+00 +4.0000e+00 +0.0000e+00 +0.0000e+00 +1.3000e+01 +0.0000e+00 +0.0000e+00 +0.0000e+00 +0.0000e+00 +9.0000e+00 +1.0000e+01 +7.0000e+00 +0.0000e+00
40 +3.978958195e+02 +3.978958195e+02 +6.318158195e+02 +6.318158195e+02 +0.0000e+00 +0.0000e+00 +0.0000e+00 +0.0000e+00 +0.0000e+00 +0.0000e+00 +7.0000e+00 +0.0000e+00 +2.0000e+00 +0.0000e+00 +0.0000e+00 +1.1000e+01 +0.0000e+00 +0.0000e+00 +0.0000e+00 +0.0000e+00 +7.0000e+00 +8.0000e+00 +5.0000e+00 +0.0000e+00
46 +2.063150195e+02 +2.063150195e+02 +4.402350195e+02 +4.402350195e+02 +0.0000e+00 +0.0000e+00 +0.0000e+00 +0.0000e+00 +0.0000e+00 +0.0000e+00 +4.0000e+00 +0.0000e+00 +0.0000e+00 +0.0000e+00 +0.0000e+00 +8.0000e+00 +0.0000e+00 +0.0000e+00 +0.0000e+00 +0.0000e+00 +4.0000e+00 +5.0000e+00 +2.0000e+00 +0.0000e+00
50 +1.311118195e+02 +1.311118195e+02 +3.650318195e+02 +3.650318195e+02 +0.0000e+00 +0.0000e+00 +0.0000e+00 +0.0000e+00 +0.0000e+00 +0.0000e+00 +2.0000e+00 +0.0000e+00 +0.0000e+00 +0.0000e+00 +0.0000e+00 +6.0000e+00 +0.0000e+00 +0.0000e+00 +0.0000e+00 +0.0000e+00 +2.0000e+00 +3.0000e+00 +0.0000e+00 +0.0000e+00
54 +9.991821952e+01 +9.991821952e+01 +3.338382195e+02 +3.338382195e+02 +0.0000e+00 +0.0000e+00 +0.0000e+00 +0.0000e+00 +0.0000e+00 +0.0000e+00 +0.0000e+00 +0.0000e+00 +0.0000e+00 +0.0000e+00 +0.0000e+00 +4.0000e+00 +0.0000e+00 +0.0000e+00 +0.0000e+00 +0.0000e+00 +0.0000e+00 +1.0000e+00 +0.0000e+00 +0.0000e+00
% function evaluation | noise-free fitness - Fopt (-6.092000000000e+01) | best noise-free fitness - Fopt | measured fitness | best measured fitness | x1 | x2...
1 +6.463258036e+03 +6.463258036e+03 +6.402338036e+03 +6.402338036e+03 +1.5000e+01 +1.3000e+01 +2.6000e+01 +1.0000e+00 +1.5000e+01 +3.0000e+00 +2.5000e+01 +8.0000e+00 +2.1000e+01 +2.6000e+01 +9.0000e+00 +2.2000e+01 +2.7000e+01 +2.9000e+01 +1.0000e+00 +0.0000e+00 +2.0000e+01 +1.8000e+01 +1.3000e+01 +1.6000e+01
3 +5.865197236e+03 +5.865197236e+03 +5.804277236e+03 +5.804277236e+03 +1.2000e+01 +1.4000e+01 +2.5000e+01 +0.0000e+00 +1.4000e+01 +2.0000e+00 +2.4000e+01 +7.0000e+00 +2.0000e+01 +2.5000e+01 +8.0000e+00 +2.1000e+01 +2.6000e+01 +2.8000e+01 +0.0000e+00 +0.0000e+00 +1.9000e+01 +1.7000e+01 +1.2000e+01 +1.5000e+01
11 +3.843562036e+03 +3.843562036e+03 +3.782642036e+03 +3.782642036e+03 +8.0000e+00 +1.0000e+01 +2.1000e+01 +0.0000e+00 +1.0000e+01 +0.0000e+00 +2.0000e+01 +3.0000e+00 +1.6000e+01 +2.1000e+01 +4.0000e+00 +1.7000e+01 +2.2000e+01 +2.4000e+01 +0.0000e+00 +0.0000e+00 +1.5000e+01 +1.3000e+01 +8.0000e+00 +1.1000e+01
19 +2.356466036e+03 +2.356466036e+03 +2.295546036e+03 +2.295546036e+03 +8.0000e+00 +2.0000e+00 +1.7000e+01 +0.0000e+00 +6.0000e+00 +0.0000e+00 +1.6000e+01 +0.0000e+00 +1.2000e+01 +1.7000e+01 +0.0000e+00 +1.3000e+01 +1.8000e+01 +2.0000e+01 +0.0000e+00 +0.0000e+00 +1.1000e+01 +9.0000e+00 +4.0000e+00 +7.0000e+00
25 +1.534542836e+03 +1.534542836e+03 +1.473622836e+03 +1.473622836e+03 +5.0000e+00 +0.0000e+00 +1.4000e+01 +0.0000e+00 +3.0000e+00 +0.0000e+00 +1.3000e+01 +0.0000e+00 +9.0000e+00 +1.4000e+01 +0.0000e+00 +1.0000e+01 +1.5000e+01 +1.7000e+01 +0.0000e+00 +0.0000e+00 +8.0000e+00 +6.0000e+00 +1.0000e+00 +4.0000e+00
31 +9.239956365e+02 +9.239956365e+02 +8.630756365e+02 +8.630756365e+02 +2.0000e+00 +0.0000e+00 +1.1000e+01 +0.0000e+00 +0.0000e+00 +0.0000e+00 +1.0000e+01 +0.0000e+00 +6.0000e+00 +1.1000e+01 +0.0000e+00 +7.0000e+00 +1.2000e+01 +1.4000e+01 +0.0000e+00 +0.0000e+00 +5.0000e+00 +3.0000e+00 +0.0000e+00 +1.0000e+00
37 +5.362532365e+02 +5.362532365e+02 +4.753332365e+02 +4.753332365e+02 +0.0000e+00 +0.0000e+00 +8.0000e+00 +0.0000e+00 +0.0000e+00 +0.0000e+00 +7.0000e+00 +0.0000e+00 +3.0000e+00 +8.0000e+00 +0.0000e+00 +4.0000e+00 +9.0000e+00 +1.1000e+01 +0.0000e+00 +0.0000e+00 +2.0000e+00 +0.0000e+00 +0.0000e+00 +0.0000e+00
41 +3.601156365e+02 +3.601156365e+02 +2.991956365e+02 +2.991956365e+02 +0.0000e+00 +0.0000e+00 +6.0000e+00 +0.0000e+00 +0.0000e+00 +0.0000e+00 +5.0000e+00 +0.0000e+00 +1.0000e+00 +6.0000e+00 +0.0000e+00 +2.0000e+00 +7.0000e+00 +9.0000e+00 +0.0000e+00 +0.0000e+00 +0.0000e+00 +0.0000e+00 +0.0000e+00 +0.0000e+00
45 +2.413028365e+02 +2.413028365e+02 +1.803828365e+02 +1.803828365e+02 +0.0000e+00 +0.0000e+00 +4.0000e+00 +0.0000e+00 +0.0000e+00 +0.0000e+00 +3.0000e+00 +0.0000e+00 +0.0000e+00 +4.0000e+00 +0.0000e+00 +0.0000e+00 +5.0000e+00 +7.0000e+00 +0.0000e+00 +0.0000e+00 +0.0000e+00 +0.0000e+00 +0.0000e+00 +0.0000e+00
51 +1.376852365e+02 +1.376852365e+02 +7.676523648e+01 +7.676523648e+01 +0.0000e+00 +0.0000e+00 +1.0000e+00 +0.0000e+00 +0.0000e+00 +0.0000e+00 +0.0000e+00 +0.0000e+00 +0.0000e+00 +1.0000e+00 +0.0000e+00 +0.0000e+00 +2.0000e+00 +4.0000e+00 +0.0000e+00 +0.0000e+00 +0.0000e+00 +0.0000e+00 +0.0000e+00 +0.0000e+00
% function evaluation | noise-free fitness - Fopt (-1.948000000000e+01) | best noise-free fitness - Fopt | measured fitness | best measured fitness | x1 | x2...
1 +5.097829772e+03 +5.097829772e+03 +5.078349772e+03 +5.078349772e+03 +2.2000e+01 +1.1000e+01 +1.9000e+01 +2.4000e+01 +2.7000e+01 +2.9000e+01 +0.0000e+00 +2.2000e+01 +1.5000e+01 +8.0000e+00 +0.0000e+00 +2.0000e+01 +1.5000e+01 +1.2000e+01 +8.0000e+00 +4.0000e+00 +1.6000e+01 +3.0000e+00 +9.0000e+00 +1.2000e+01
7 +3.868360972e+03 +3.868360972e+03 +3.848880972e+03 +3.848880972e+03 +2.4000e+01 +3.0000e+00 +1.6000e+01 +2.1000e+01 +2.4000e+01 +2.6000e+01 +0.0000e+00 +1.9000e+01 +1.2000e+01 +5.0000e+00 +0.0000e+00 +1.7000e+01 +1.2000e+01 +9.0000e+00 +5.0000e+00 +1.0000e+00 +1.3000e+01 +0.0000e+00 +6.0000e+00 +9.0000e+00
15 +2.274412172e+03 +2.274412172e+03 +2.254932172e+03 +2.254932172e+03 +1.6000e+01 +3.0000e+00 +1.2000e+01 +1.7000e+01 +2.0000e+01 +2.2000e+01 +0.0000e+00 +1.5000e+01 +8.0000e+00 +1.0000e+00 +0.0000e+00 +1.3000e+01 +8.0000e+00 +5.0000e+00 +1.0000e+00 +0.0000e+00 +9.0000e+00 +0.0000e+00 +2.0000e+00 +5.0000e+00
21 +1.422610572e+03 +1.422610572e+03 +1.403130572e+03 +1.403130572e+03 +1.0000e+00 +1.2000e+01 +9.0000e+00 +1.4000e+01 +1.7000e+01 +1.9000e+01 +0.0000e+00 +1.2000e+01 +5.0000e+00 +0.0000e+00 +0.0000e+00 +1.0000e+01 +5.0000e+00 +2.0000e+00 +0.0000e+00 +0.0000e+00 +6.0000e+00 +0.0000e+00 +0.0000e+00 +2.0000e+00
27 +8.903673722e+02 +8.903673722e+02 +8.708873722e+02 +8.708873722e+02 +6.0000e+00 +1.0000e+00 +6.0000e+00 +1.1000e+01 +1.4000e+01 +1.6000e+01 +0.0000e+00 +9.0000e+00 +2.0000e+00 +0.0000e+00 +0.0000e+00 +7.0000e+00 +2.0000e+00 +0.0000e+00 +0.0000e+00 +0.0000e+00 +3.0000e+00 +0.0000e+00 +0.0000e+00 +0.0000e+00
33 +5.037065722e+02 +5.037065722e+02 +4.842265722e+02 +4.842265722e+02 +0.0000e+00 +3.0000e+00 +3.0000e+00 +8.0000e+00 +1.1000e+01 +1.3000e+01 +0.0000e+00 +6.0000e+00 +0.0000e+00 +0.0000e+00 +0.0000e+00 +4.0000e+00 +0.0000e+00 +0.0000e+00 +0.0000e+00 +0.0000e+00 +0.0000e+00 +0.0000e+00 +0.0000e+00 +0.0000e+00
37 +3.409577722e+02 +3.409577722e+02 +3.214777722e+02 +3.214777722e+02 +0.0000e+00 +1.0000e+00 +1.0000e+00 +6.0000e+00 +9.0000e+00 +1.1000e+01 +0.0000e+00 +4.0000e+00 +0.0000e+00 +0.0000e+00 +0.0000e+00 +2.0000e+00 +0.0000e+00 +0.0000e+00 +0.0000e+00 +0.0000e+00 +0.0000e+00 +0.0000e+00 +0.0000e+00 +0.0000e+00
41 +2.261561722e+02 +2.261561722e+02 +2.066761722e+02 +2.066761722e+02 +0.0000e+00 +0.0000e+00 +0.0000e+00 +4.0000e+00 +7.0000e+00 +9.0000e+00 +0.0000e+00 +2.0000e+00 +0.0000e+00 +0.0000e+00 +0.0000e+00 +0.0000e+00 +0.0000e+00 +0.0000e+00 +0.0000e+00 +0.0000e+00 +0.0000e+00 +0.0000e+00 +0.0000e+00 +0.0000e+00
45 +1.574873722e+02 +1.574873722e+02 +1.380073722e+02 +1.380073722e+02 +0.0000e+00 +0.0000e+00 +0.0000e+00 +2.0000e+00 +5.0000e+00 +7.0000e+00 +0.0000e+00 +0.0000e+00 +0.0000e+00 +0.0000e+00 +0.0000e+00 +0.0000e+00 +0.0000e+00 +0.0000e+00 +0.0000e+00 +0.0000e+00 +0.0000e+00 +0.0000e+00 +0.0000e+00 +0.0000e+00
% function evaluation | noise-free fitness - Fopt (1.344700000000e+02) | best noise-free fitness - Fopt | measured fitness | best measured fitness | x1 | x2...
1 +9.183784666e+03 +9.183784666e+03 +9.318254666e+03 +9.318254666e+03 +1.6000e+01 +2.1000e+01 +2.2000e+01 +7.0000e+00 +2.6000e+01 +0.0000e+00 +2.6000e+01 +1.1000e+01 +3.0000e+00 +2.0000e+01 +2.5000e+01 +2.2000e+01 +2.9000e+01 +2.8000e+01 +4.0000e+00 +1.4000e+01 +2.2000e+01 +2.6000e+01 +2.5000e+01 +2.6000e+01
2 +4.879773466e+03 +4.879773466e+03 +5.014243466e+03 +5.014243466e+03 +1.0000e+00 +4.0000e+00 +1.8000e+01 +2.0000e+00 +1.0000e+00 +5.0000e+00 +9.0000e+00 +1.8000e+01 +2.3000e+01 +2.3000e+01 +7.0000e+00 +1.5000e+01 +0.0000e+00 +2.1000e+01 +1.3000e+01 +2.6000e+01 +1.2000e+01 +8.0000e+00 +1.4000e+01 +1.9000e+01
6 +3.925757466e+03 +3.925757466e+03 +4.060227466e+03 +4.060227466e+03 +0.0000e+00 +2.0000e+00 +1.6000e+01 +0.0000e+00 +0.0000e+00 +3.0000e+00 +7.0000e+00 +1.6000e+01 +2.1000e+01 +2.1000e+01 +5.0000e+00 +1.3000e+01 +0.0000e+00 +1.9000e+01 +1.1000e+01 +2.4000e+01 +1.0000e+01 +6.0000e+00 +1.2000e+01 +1.7000e+01
14 +2.444272666e+03 +2.444272666e+03 +2.578742666e+03 +2.578742666e+03 +0.0000e+00 +0.0000e+00 +1.2000e+01 +0.0000e+00 +0.0000e+00 +0.0000e+00 +3.0000e+00 +1.2000e+01 +1.7000e+01 +1.7000e+01 +1.0000e+00 +9.0000e+00 +0.0000e+00 +1.5000e+01 +7.0000e+00 +2.0000e+01 +6.0000e+00 +2.0000e+00 +8.0000e+00 +1.3000e+01
22 +1.390776666e+03 +1.390776666e+03 +1.525246666e+03 +1.525246666e+03 +0.0000e+00 +0.0000e+00 +8.0000e+00 +0.0000e+00 +0.0000e+00 +0.0000e+00 +0.0000e+00 +8.0000e+00 +1.3000e+01 +1.3000e+01 +0.0000e+00 +5.0000e+00 +0.0000e+00 +1.1000e+01 +3.0000e+00 +1.6000e+01 +2.0000e+00 +0.0000e+00 +4.0000e+00 +9.0000e+00
26 +9.996214662e+02 +9.996214662e+02 +1.134091466e+03 +1.134091466e+03 +0.0000e+00 +0.0000e+00 +6.0000e+00 +0.0000e+00 +0.0000e+00 +0.0000e+00 +0.0000e+00 +6.0000e+00 +1.1000e+01 +1.1000e+01 +0.0000e+00 +3.0000e+00 +0.0000e+00 +9.0000e+00 +1.0000e+00 +1.4000e+01 +0.0000e+00 +0.0000e+00 +2.0000e+00 +7.0000e+00
32 +5.934566662e+02 +5.934566662e+02 +7.279266662e+02 +7.279266662e+02 +0.0000e+00 +0.0000e+00 +3.0000e+00 +0.0000e+00 +0.0000e+00 +0.0000e+00 +0.0000e+00 +3.0000e+00 +8.0000e+00 +8.0000e+00 +0.0000e+00 +0.0000e+00 +0.0000e+00 +6.0000e+00 +0.0000e+00 +1.1000e+01 +0.0000e+00 +0.0000e+00 +0.0000e+00 +4.0000e+00
38 +3.385478662e+02 +3.385478662e+02 +4.730178662e+02 +4.730178662e+02 +0.0000e+00 +0.0000e+00 +0.0000e+00 +0.0000e+00 +0.0000e+00 +0.0000e+00 +0.0000e+00 +0.0000e+00 +5.0000e+00 +5.0000e+00 +0.0000e+00 +0.0000e+00 +0.0000e+00 +3.0000e+00 +0.0000e+00 +8.0000e+00 +0.0000e+00 +0.0000e+00 +0.0000e+00 +1.0000e+00
42 +2.299302662e+02 +2.299302662e+02 +3.644002662e+02 +3.644002662e+02 +0.0000e+00 +0.0000e+00 +0.0000e+00 +0.0000e+00 +0.0000e+00 +0.0000e+00 +0.0000e+00 +0.0000e+00 +3.0000e+00 +3.0000e+00 +0.0000e+00 +0.0000e+00 +0.0000e+00 +1.0000e+00 +0.0000e+00 +6.0000e+00 +0.0000e+00 +0.0000e+00 +0.0000e+00 +0.0000e+00
46 +1.569686662e+02 +1.569686662e+02 +2.914386662e+02 +2.914386662e+02 +0.0000e+00 +0.0000e+00 +0.0000e+00 +0.0000e+00 +0.0000e+00 +0.0000e+00 +0.0000e+00 +0.0000e+00 +1.0000e+00 +1.0000e+00 +0.0000e+00 +0.0000e+00 +0.0000e+00 +0.0000e+00 +0.0000e+00 +4.0000e+00 +0.0000e+00 +0.0000e+00 +0.0000e+00 +0.0000e+00
% function evaluation | noise-free fitness - Fopt (4.453500000000e+02) | best noise-free fitness - Fopt | measured fitness | best measured fitness | x1 | x2...
1 +6.368441145e+03 +6.368441145e+03 +6.813791145e+03 +6.813791145e+03 +1.9000e+01 +2.0000e+01 +1.3000e+01 +8.0000e+00 +2.0000e+00 +1.2000e+01 +0.0000e+00 +2.6000e+01 +1.2000e+01 +2.5000e+01 +2.6000e+01 +2.6000e+01 +3.0000e+01 +2.7000e+01 +1.4000e+01 +1.8000e+01 +9.0000e+00 +1.3000e+01 +9.0000e+00 +1.0000e+01
2 +4.235250745e+03 +4.235250745e+03 +4.680600745e+03 +4.680600745e+03 +2.0000e+00 +4.0000e+00 +1.0000e+00 +2.0000e+01 +0.0000e+00 +1.7000e+01 +1.0000e+01 +5.0000e+00 +9.0000e+00 +2.4000e+01 +0.0000e+00 +4.0000e+00 +2.4000e+01 +0.0000e+00 +2.9000e+01 +1.4000e+01 +1.1000e+01 +2.0000e+01 +2.5000e+01 +7.0000e+00
4 +3.839676345e+03 +3.839676345e+03 +4.285026345e+03 +4.285026345e+03 +3.0000e+00 +1.0000e+00 +0.0000e+00 +1.9000e+01 +0.0000e+00 +1.6000e+01 +9.0000e+00 +4.0000e+00 +8.0000e+00 +2.3000e+01 +0.0000e+00 +3.0000e+00 +2.3000e+01 +0.0000e+00 +2.8000e+01 +1.3000e+01 +1.0000e+01 +1.9000e+01 +2.4000e+01 +6.0000e+00
12 +2.451409145e+03 +2.451409145e+03 +2.896759145e+03 +2.896759145e+03 +0.0000e+00 +0.0000e+00 +0.0000e+00 +1.5000e+01 +0.0000e+00 +1.2000e+01 +5.0000e+00 +0.0000e+00 +4.0000e+00 +1.9000e+01 +0.0000e+00 +0.0000e+00 +1.9000e+01 +0.0000e+00 +2.4000e+01 +9.0000e+00 +6.0000e+00 +1.5000e+01 +2.0000e+01 +2.0000e+00
20 +1.447761145e+03 +1.447761145e+03 +1.893111145e+03 +1.893111145e+03 +0.0000e+00 +0.0000e+00 +0.0000e+00 +1.1000e+01 +0.0000e+00 +8.0000e+00 +1.0000e+00 +0.0000e+00 +0.0000e+00 +1.5000e+01 +0.0000e+00 +0.0000e+00 +1.5000e+01 +0.0000e+00 +2.0000e+01 +5.0000e+00 +2.0000e+00 +1.1000e+01 +1.6000e+01 +0.0000e+00
26 +9.154219450e+02 +9.154219450e+02 +1.360771945e+03 +1.360771945e+03 +0.0000e+00 +0.0000e+00 +0.0000e+00 +8.0000e+00 +0.0000e+00 +5.0000e+00 +0.0000e+00 +0.0000e+00 +0.0000e+00 +1.2000e+01 +0.0000e+00 +0.0000e+00 +1.2000e+01 +0.0000e+00 +1.7000e+01 +2.0000e+00 +0.0000e+00 +8.0000e+00 +1.3000e+01 +0.0000e+00
32 +5.497803450e+02 +5.497803450e+02 +9.951303450e+02 +9.951303450e+02 +0.0000e+00 +0.0000e+00 +0.0000e+00 +5.0000e+00 +0.0000e+00 +2.0000e+00 +0.0000e+00 +0.0000e+00 +0.0000e+00 +9.0000e+00 +0.0000e+00 +0.0000e+00 +9.0000e+00 +0.0000e+00 +1.4000e+01 +0.0000e+00 +0.0000e+00 +5.0000e+00 +1.0000e+01 +0.0000e+00
36 +3.849003450e+02 +3.849003450e+02 +8.302503450e+02 +8.302503450e+02 +0.0000e+00 +0.0000e+00 +0.0000e+00 +3.0000e+00 +0.0000e+00 +0.0000e+00 +0.0000e+00 +0.0000e+00 +0.0000e+00 +7.0000e+00 +0.0000e+00 +0.0000e+00 +7.0000e+00 +0.0000e+00 +1.2000e+01 +0.0000e+00 +0.0000e+00 +3.0000e+00 +8.0000e+00 +0.0000e+00
42 +2.132763450e+02 +2.132763450e+02 +6.586263450e+02 +6.586263450e+02 +0.0000e+00 +0.0000e+00 +0.0000e+00 +0.0000e+00 +0.0000e+00 +0.0000e+00 +0.0000e+00 +0.0000e+00 +0.0000e+00 +4.0000e+00 +0.0000e+00 +0.0000e+00 +4.0000e+00 +0.0000e+00 +9.0000e+00 +0.0000e+00 +0.0000e+00 +0.0000e+00 +5.0000e+00 +0.0000e+00
46 +1.552507450e+02 +1.552507450e+02 +6.006007450e+02 +6.006007450e+02 +0.0000e+00 +0.0000e+00 +0.0000e+00 +0.0000e+00 +0.0000e+00 +0.0000e+00 +0.0000e+00 +0.0000e+00 +0.0000e+00 +2.0000e+00 +0.0000e+00 +0.0000e+00 +2.0000e+00 +0.0000e+00 +7.0000e+00 +0.0000e+00 +0.0000e+00 +0.0000e+00 +3.0000e+00 +0.0000e+00
