% function evaluation | noise-free fitness - Fopt (7.948000000000e+01) | best noise-free fitness - Fopt | measured fitness | best measured fitness | x1 | x2...
1 +6.772593617e+03 +6.772593617e+03 +6.852073617e+03 +6.852073617e+03 +1.1000e+01 +1.0000e+00 +8.0000e+00 +1.8000e+01 +1.3000e+01 +1.8000e+01 +2.8000e+01 +2.1000e+01 +2.0000e+01 +5.0000e+00 +1.6000e+01 +2.7000e+01 +2.9000e+01 +2.6000e+01 +2.7000e+01 +1.9000e+01 +0.0000e+00 +2.0000e+01 +1.1000e+01 +1.0000e+01
3 +6.133358417e+03 +6.133358417e+03 +6.212838417e+03 +6.212838417e+03 +1.0000e+01 +0.0000e+00 +7.0000e+00 +1.7000e+01 +1.2000e+01 +1.7000e+01 +2.7000e+01 +2.0000e+01 +1.9000e+01 +4.0000e+00 +1.5000e+01 +2.6000e+01 +2.8000e+01 +2.5000e+01 +2.6000e+01 +1.8000e+01 +0.0000e+00 +1.9000e+01 +1.0000e+01 +9.0000e+00
11 +3.923008017e+03 +3.923008017e+03 +4.002488017e+03 +4.002488017e+03 +2.0000e+00 +1.0000e+00 +3.0000e+00 +1.3000e+01 +8.0000e+00 +1.3000e+01 +2.3000e+01 +1.6000e+01 +1.5000e+01 +0.0000e+00 +1.1000e+01 +2.2000e+01 +2.4000e+01 +2.1000e+01 +2.2000e+01 +1.4000e+01 +0.0000e+00 +1.5000e+01 +6.0000e+00 +5.0000e+00
18 +2.511886417e+03 +2.511886417e+03 +2.591366417e+03 +2.591366417e+03 +6.0000e+00 +1.2000e+01 +1.1000e+01 +6.0000e+00 +2.2000e+01 +2.2000e+01 +1.4000e+01 +0.0000e+00 +1.9000e+01 +4.0000e+00 +2.0000e+00 +0.0000e+00 +1.0000e+01 +1.2000e+01 +0.0000e+00 +1.0000e+01 +5.0000e+00 +0.0000e+00 +8.0000e+00 +0.0000e+00
25 +1.481065617e+03 +1.481065617e+03 +1.560545617e+03 +1.560545617e+03 +0.0000e+00 +0.0000e+00 +0.0000e+00 +6.0000e+00 +1.0000e+00 +6.0000e+00 +1.6000e+01 +9.0000e+00 +8.0000e+00 +0.0000e+00 +4.0000e+00 +1.5000e+01 +1.7000e+01 +1.4000e+01 +1.5000e+01 +7.0000e+00 +0.0000e+00 +8.0000e+00 +0.0000e+00 +0.0000e+00
31 +8.478336173e+02 +8.478336173e+02 +9.273136173e+02 +9.273136173e+02 +0.0000e+00 +0.0000e+00 +0.0000e+00 +3.0000e+00 +0.0000e+00 +3.0000e+00 +1.3000e+01 +6.0000e+00 +5.0000e+00 +0.0000e+00 +1.0000e+00 +1.2000e+01 +1.4000e+01 +1.1000e+01 +1.2000e+01 +4.0000e+00 +0.0000e+00 +5.0000e+00 +0.0000e+00 +0.0000e+00
35 +5.566272173e+02 +5.566272173e+02 +6.361072173e+02 +6.361072173e+02 +0.0000e+00 +0.0000e+00 +0.0000e+00 +1.0000e+00 +0.0000e+00 +1.0000e+00 +1.1000e+01 +4.0000e+00 +3.0000e+00 +0.0000e+00 +0.0000e+00 +1.0000e+01 +1.2000e+01 +9.0000e+00 +1.0000e+01 +2.0000e+00 +0.0000e+00 +3.0000e+00 +0.0000e+00 +0.0000e+00
39 +3.553968173e+02 +3.553968173e+02 +4.348768173e+02 +4.348768173e+02 +0.0000e+00 +0.0000e+00 +0.0000e+00 +0.0000e+00 +0.0000e+00 +0.0000e+00 +9.0000e+00 +2.0000e+00 +1.0000e+00 +0.0000e+00 +0.0000e+00 +8.0000e+00 +1.0000e+01 +7.0000e+00 +8.0000e+00 +0.0000e+00 +0.0000e+00 +1.0000e+00 +0.0000e+00 +0.0000e+00
43 +2.169312173e+02 +2.169312173e+02 +2.964112173e+02 +2.964112173e+02 +0.0000e+00 +0.0000e+00 +0.0000e+00 +0.0000e+00 +0.0000e+00 +0.0000e+00 +7.0000e+00 +0.0000e+00 +0.0000e+00 +0.0000e+00 +0.0000e+00 +6.0000e+00 +8.0000e+00 +5.0000e+00 +6.0000e+00 +0.0000e+00 +0.0000e+00 +0.0000e+00 +0.0000e+00 +0.0000e+00
47 +1.351168173e+02 +1.351168173e+02 +2.145968173e+02 +2.145968173e+02 +0.0000e+00 +0.0000e+00 +0.0000e+00 +0.0000e+00 +0.0000e+00 +0.0000e+00 +5.0000e+00 +0.0000e+00 +0.0000e+00 +0.0000e+00 +0.0000e+00 +4.0000e+00 +6.0000e+00 +3.0000e+00 +4.0000e+00 +0.0000e+00 +0.0000e+00 +0.0000e+00 +0.0000e+00 +0.0000e+00
51 +9.330241728e+01 +9.330241728e+01 +1.727824173e+02 +1.727824173e+02 +0.0000e+00 +0.0000e+00 +0.0000e+00 +0.0000e+00 +0.0000e+00 +0.0000e+00 +3.0000e+00 +0.0000e+00 +0.0000e+00 +0.0000e+00 +0.0000e+00 +2.0000e+00 +4.0000e+00 +1.0000e+00 +2.0000e+00 +0.0000e+00 +0.0000e+00 +0.0000e+00 +0.0000e+00 +0.0000e+00
% function evaluation | noise-free fitness - Fopt (3.944800000000e+02) | best noise-free fitness - Fopt | measured fitness | best measured fitness | x1 | x2...
1 +7.814726882e+03 +7.814726882e+03 +8.209206882e+03 +8.209206882e+03 +2.5000e+01 +2.9000e+01 +2.7000e+01 +2.3000e+01 +5.0000e+00 +2.2000e+01 +2.2000e+01 +8.0000e+00 +1.8000e+01 +0.0000e+00 +1.5000e+01 +8.0000e+00 +3.0000e+01 +3.0000e+00 +3.0000e+01 +1.2000e+01 +1.2000e+01 +6.0000e+00 +2.5000e+01 +1.0000e+01
6 +6.079750882e+03 +6.079750882e+03 +6.474230882e+03 +6.474230882e+03 +1.5000e+01 +9.0000e+00 +2.7000e+01 +2.3000e+01 +8.0000e+00 +1.5000e+01 +1.2000e+01 +2.4000e+01 +2.4000e+01 +1.2000e+01 +6.0000e+00 +1.2000e+01 +2.1000e+01 +2.5000e+01 +1.1000e+01 +0.0000e+00 +1.2000e+01 +1.5000e+01 +2.6000e+01 +0.0000e+00
14 +3.927750882e+03 +3.927750882e+03 +4.322230882e+03 +4.322230882e+03 +3.0000e+00 +1.3000e+01 +2.3000e+01 +1.9000e+01 +4.0000e+00 +1.1000e+01 +8.0000e+00 +2.0000e+01 +2.0000e+01 +8.0000e+00 +2.0000e+00 +8.0000e+00 +1.7000e+01 +2.1000e+01 +7.0000e+00 +0.0000e+00 +8.0000e+00 +1.1000e+01 +2.2000e+01 +0.0000e+00
22 +2.284304482e+03 +2.284304482e+03 +2.678784482e+03 +2.678784482e+03 +3.0000e+00 +5.0000e+00 +1.9000e+01 +1.5000e+01 +0.0000e+00 +7.0000e+00 +4.0000e+00 +1.6000e+01 +1.6000e+01 +4.0000e+00 +0.0000e+00 +4.0000e+00 +1.3000e+01 +1.7000e+01 +3.0000e+00 +0.0000e+00 +4.0000e+00 +7.0000e+00 +1.8000e+01 +0.0000e+00
28 +1.421787682e+03 +1.421787682e+03 +1.816267682e+03 +1.816267682e+03 +0.0000e+00 +2.0000e+00 +1.6000e+01 +1.2000e+01 +0.0000e+00 +4.0000e+00 +1.0000e+00 +1.3000e+01 +1.3000e+01 +1.0000e+00 +0.0000e+00 +1.0000e+00 +1.0000e+01 +1.4000e+01 +0.0000e+00 +0.0000e+00 +1.0000e+00 +4.0000e+00 +1.5000e+01 +0.0000e+00
34 +8.720084819e+02 +8.720084819e+02 +1.266488482e+03 +1.266488482e+03 +0.0000e+00 +0.0000e+00 +1.3000e+01 +9.0000e+00 +0.0000e+00 +1.0000e+00 +0.0000e+00 +1.0000e+01 +1.0000e+01 +0.0000e+00 +0.0000e+00 +0.0000e+00 +7.0000e+00 +1.1000e+01 +0.0000e+00 +0.0000e+00 +0.0000e+00 +1.0000e+00 +1.2000e+01 +0.0000e+00
38 +6.176820819e+02 +6.176820819e+02 +1.012162082e+03 +1.012162082e+03 +0.0000e+00 +0.0000e+00 +1.1000e+01 +7.0000e+00 +0.0000e+00 +0.0000e+00 +0.0000e+00 +8.0000e+00 +8.0000e+00 +0.0000e+00 +0.0000e+00 +0.0000e+00 +5.0000e+00 +9.0000e+00 +0.0000e+00 +0.0000e+00 +0.0000e+00 +0.0000e+00 +1.0000e+01 +0.0000e+00
44 +3.570852819e+02 +3.570852819e+02 +7.515652819e+02 +7.515652819e+02 +0.0000e+00 +0.0000e+00 +8.0000e+00 +4.0000e+00 +0.0000e+00 +0.0000e+00 +0.0000e+00 +5.0000e+00 +5.0000e+00 +0.0000e+00 +0.0000e+00 +0.0000e+00 +2.0000e+00 +6.0000e+00 +0.0000e+00 +0.0000e+00 +0.0000e+00 +0.0000e+00 +7.0000e+00 +0.0000e+00
50 +2.183460819e+02 +2.183460819e+02 +6.128260819e+02 +6.128260819e+02 +0.0000e+00 +0.0000e+00 +5.0000e+00 +1.0000e+00 +0.0000e+00 +0.0000e+00 +0.0000e+00 +2.0000e+00 +2.0000e+00 +0.0000e+00 +0.0000e+00 +0.0000e+00 +0.0000e+00 +3.0000e+00 +0.0000e+00 +0.0000e+00 +0.0000e+00 +0.0000e+00 +4.0000e+00 +0.0000e+00
58 +1.552676819e+02 +1.552676819e+02 +5.497476819e+02 +5.497476819e+02 +0.0000e+00 +0.0000e+00 +1.0000e+00 +0.0000e+00 +0.0000e+00 +0.0000e+00 +0.0000e+00 +0.0000e+00 +0.0000e+00 +0.0000e+00 +0.0000e+00 +0.0000e+00 +0.0000e+00 +0.0000e+00 +0.0000e+00 +0.0000e+00 +0.0000e+00 +0.0000e+00 +0.0000e+00 +0.0000e+00
% function evaluation | noise-free fitness - Fopt (-2.471100000000e+02) | best noise-free fitness - Fopt | measured fitness | best measured fitness | x1 | x2...
1 +4.196342996e+03 +4.196342996e+03 +3.949232996e+03 +3.949232996e+03 +5.0000e+00 +4.0000e+00 +0.0000e+00 +1.0000e+00 +2.0000e+01 +1.7000e+01 +2.1000e+01 +1.5000e+01 +7.0000e+00 +0.0000e+00 +1.7000e+01 +5.0000e+00 +1.1000e+01 +4.0000e+00 +2.6000e+01 +4.0000e+00 +2.5000e+01 +2.9000e+01 +8.0000e+00 +2.1000e+01
3 +3.743186196e+03 +3.743186196e+03 +3.496076196e+03 +3.496076196e+03 +3.0000e+00 +4.0000e+00 +0.0000e+00 +0.0000e+00 +1.9000e+01 +1.6000e+01 +2.0000e+01 +1.4000e+01 +6.0000e+00 +0.0000e+00 +1.6000e+01 +4.0000e+00 +1.0000e+01 +3.0000e+00 +2.5000e+01 +3.0000e+00 +2.4000e+01 +2.8000e+01 +7.0000e+00 +2.0000e+01
11 +2.337798996e+03 +2.337798996e+03 +2.090688996e+03 +2.090688996e+03 +0.0000e+00 +0.0000e+00 +0.0000e+00 +0.0000e+00 +1.5000e+01 +1.2000e+01 +1.6000e+01 +1.0000e+01 +2.0000e+00 +0.0000e+00 +1.2000e+01 +0.0000e+00 +6.0000e+00 +0.0000e+00 +2.1000e+01 +0.0000e+00 +2.0000e+01 +2.4000e+01 +3.0000e+00 +1.6000e+01
17 +1.580192596e+03 +1.580192596e+03 +1.333082596e+03 +1.333082596e+03 +0.0000e+00 +0.0000e+00 +0.0000e+00 +0.0000e+00 +1.2000e+01 +9.0000e+00 +1.3000e+01 +7.0000e+00 +0.0000e+00 +0.0000e+00 +9.0000e+00 +0.0000e+00 +3.0000e+00 +0.0000e+00 +1.8000e+01 +0.0000e+00 +1.7000e+01 +2.1000e+01 +0.0000e+00 +1.3000e+01
25 +8.432933958e+02 +8.432933958e+02 +5.961833958e+02 +5.961833958e+02 +0.0000e+00 +0.0000e+00 +0.0000e+00 +0.0000e+00 +8.0000e+00 +5.0000e+00 +9.0000e+00 +3.0000e+00 +0.0000e+00 +0.0000e+00 +5.0000e+00 +0.0000e+00 +0.0000e+00 +0.0000e+00 +1.4000e+01 +0.0000e+00 +1.3000e+01 +1.7000e+01 +0.0000e+00 +9.0000e+00
29 +5.788741958e+02 +5.788741958e+02 +3.317641958e+02 +3.317641958e+02 +0.0000e+00 +0.0000e+00 +0.0000e+00 +0.0000e+00 +6.0000e+00 +3.0000e+00 +7.0000e+00 +1.0000e+00 +0.0000e+00 +0.0000e+00 +3.0000e+00 +0.0000e+00 +0.0000e+00 +0.0000e+00 +1.2000e+01 +0.0000e+00 +1.1000e+01 +1.5000e+01 +0.0000e+00 +7.0000e+00
33 +3.932869958e+02 +3.932869958e+02 +1.461769958e+02 +1.461769958e+02 +0.0000e+00 +0.0000e+00 +0.0000e+00 +0.0000e+00 +4.0000e+00 +1.0000e+00 +5.0000e+00 +0.0000e+00 +0.0000e+00 +0.0000e+00 +1.0000e+00 +0.0000e+00 +0.0000e+00 +0.0000e+00 +1.0000e+01 +0.0000e+00 +9.0000e+00 +1.3000e+01 +0.0000e+00 +5.0000e+00
39 +2.215653958e+02 +2.215653958e+02 -2.554460416e+01 -2.554460416e+01 +0.0000e+00 +0.0000e+00 +0.0000e+00 +0.0000e+00 +1.0000e+00 +0.0000e+00 +2.0000e+00 +0.0000e+00 +0.0000e+00 +0.0000e+00 +0.0000e+00 +0.0000e+00 +0.0000e+00 +0.0000e+00 +7.0000e+00 +0.0000e+00 +6.0000e+00 +1.0000e+01 +0.0000e+00 +2.0000e+00
45 +1.499381958e+02 +1.499381958e+02 -9.717180416e+01 -9.717180416e+01 +0.0000e+00 +0.0000e+00 +0.0000e+00 +0.0000e+00 +0.0000e+00 +0.0000e+00 +0.0000e+00 +0.0000e+00 +0.0000e+00 +0.0000e+00 +0.0000e+00 +0.0000e+00 +0.0000e+00 +0.0000e+00 +4.0000e+00 +0.0000e+00 +3.0000e+00 +7.0000e+00 +0.0000e+00 +0.0000e+00
% function evaluation | noise-free fitness - Fopt (-1.520400000000e+02) | best noise-free fitness - Fopt | measured fitness | best measured fitness | x1 | x2...
1 +4.552032835e+03 +4.552032835e+03 +4.399992835e+03 +4.399992835e+03 +3.0000e+00 +4.0000e+00 +1.1000e+01 +1.7000e+01 +6.0000e+00 +1.5000e+01 +1.0000e+01 +1.0000e+01 +1.8000e+01 +1.0000e+01 +2.9000e+01 +2.9000e+01 +1.8000e+01 +6.0000e+00 +1.5000e+01 +1.5000e+01 +2.0000e+01 +8.0000e+00 +1.3000e+01 +3.0000e+00
5 +3.633860035e+03 +3.633860035e+03 +3.481820035e+03 +3.481820035e+03 +1.0000e+00 +2.0000e+00 +9.0000e+00 +1.5000e+01 +4.0000e+00 +1.3000e+01 +8.0000e+00 +8.0000e+00 +1.6000e+01 +8.0000e+00 +2.7000e+01 +2.7000e+01 +1.6000e+01 +4.0000e+00 +1.3000e+01 +1.3000e+01 +1.8000e+01 +6.0000e+00 +1.1000e+01 +1.0000e+00
13 +2.227714435e+03 +2.227714435e+03 +2.075674435e+03 +2.075674435e+03 +0.0000e+00 +0.0000e+00 +5.0000e+00 +1.1000e+01 +0.0000e+00 +9.0000e+00 +4.0000e+00 +4.0000e+00 +1.2000e+01 +4.0000e+00 +2.3000e+01 +2.3000e+01 +1.2000e+01 +0.0000e+00 +9.0000e+00 +9.0000e+00 +1.4000e+01 +2.0000e+00 +7.0000e+00 +0.0000e+00
19 +1.467332035e+03 +1.467332035e+03 +1.315292035e+03 +1.315292035e+03 +0.0000e+00 +0.0000e+00 +2.0000e+00 +8.0000e+00 +0.0000e+00 +6.0000e+00 +1.0000e+00 +1.0000e+00 +9.0000e+00 +1.0000e+00 +2.0000e+01 +2.0000e+01 +9.0000e+00 +0.0000e+00 +6.0000e+00 +6.0000e+00 +1.1000e+01 +0.0000e+00 +4.0000e+00 +0.0000e+00
25 +9.489960352e+02 +9.489960352e+02 +7.969560352e+02 +7.969560352e+02 +0.0000e+00 +0.0000e+00 +0.0000e+00 +5.0000e+00 +0.0000e+00 +3.0000e+00 +0.0000e+00 +0.0000e+00 +6.0000e+00 +0.0000e+00 +1.7000e+01 +1.7000e+01 +6.0000e+00 +0.0000e+00 +3.0000e+00 +3.0000e+00 +8.0000e+00 +0.0000e+00 +1.0000e+00 +0.0000e+00
31 +6.270120352e+02 +6.270120352e+02 +4.749720352e+02 +4.749720352e+02 +0.0000e+00 +0.0000e+00 +0.0000e+00 +2.0000e+00 +0.0000e+00 +0.0000e+00 +0.0000e+00 +0.0000e+00 +3.0000e+00 +0.0000e+00 +1.4000e+01 +1.4000e+01 +3.0000e+00 +0.0000e+00 +0.0000e+00 +0.0000e+00 +5.0000e+00 +0.0000e+00 +0.0000e+00 +0.0000e+00
39 +3.762648352e+02 +3.762648352e+02 +2.242248352e+02 +2.242248352e+02 +0.0000e+00 +0.0000e+00 +0.0000e+00 +0.0000e+00 +0.0000e+00 +0.0000e+00 +0.0000e+00 +0.0000e+00 +0.0000e+00 +0.0000e+00 +1.0000e+01 +1.0000e+01 +0.0000e+00 +0.0000e+00 +0.0000e+00 +0.0000e+00 +1.0000e+00 +0.0000e+00 +0.0000e+00 +0.0000e+00
44 +2.174568352e+02 +2.174568352e+02 +6.541683520e+01 +6.541683520e+01 +1.0000e+00 +2.0000e+00 +0.0000e+00 +6.0000e+00 +0.0000e+00 +0.0000e+00 +0.0000e+00 +0.0000e+00 +0.0000e+00 +0.0000e+00 +8.0000e+00 +0.0000e+00 +0.0000e+00 +0.0000e+00 +4.0000e+00 +0.0000e+00 +7.0000e+00 +0.0000e+00 +0.0000e+00 +0.0000e+00
48 +1.527672352e+02 +1.527672352e+02 +7.272352000e-01 +7.272352000e-01 +0.0000e+00 +0.0000e+00 +0.0000e+00 +4.0000e+00 +0.0000e+00 +0.0000e+00 +0.0000e+00 +0.0000e+00 +0.0000e+00 +0.0000e+00 +6.0000e+00 +0.0000e+00 +0.0000e+00 +0.0000e+00 +2.0000e+00 +0.0000e+00 +5.0000e+00 +0.0000e+00 +0.0000e+00 +0.0000e+00
% function evaluation | noise-free fitness - Fopt (-2.525000000000e+01) | best noise-free fitness - Fopt | measured fitness | best measured fitness | x1 | x2...
1 +5.937583628e+03 +5.937583628e+03 +5.912333628e+03 +5.912333628e+03 +5.0000e+00 +1.9000e+01 +2.6000e+01 +1.6000e+01 +1.7000e+01 +7.0000e+00 +2.0000e+00 +2.0000e+00 +2.0000e+01 +2.6000e+01 +2.1000e+01 +0.0000e+00 +1.6000e+01 +9.0000e+00 +2.9000e+01 +2.0000e+00 +1.7000e+01 +2.3000e+01 +1.8000e+01 +1.8000e+01
9 +3.801718028e+03 +3.801718028e+03 +3.776468028e+03 +3.776468028e+03 +1.5000e+01 +1.0000e+00 +2.2000e+01 +1.2000e+01 +1.3000e+01 +3.0000e+00 +0.0000e+00 +0.0000e+00 +1.6000e+01 +2.2000e+01 +1.7000e+01 +0.0000e+00 +1.2000e+01 +5.0000e+00 +2.5000e+01 +0.0000e+00 +1.3000e+01 +1.9000e+01 +1.4000e+01 +1.4000e+01
17 +2.233940428e+03 +2.233940428e+03 +2.208690428e+03 +2.208690428e+03 +7.0000e+00 +2.0000e+00 +1.8000e+01 +8.0000e+00 +9.0000e+00 +0.0000e+00 +0.0000e+00 +0.0000e+00 +1.2000e+01 +1.8000e+01 +1.3000e+01 +0.0000e+00 +8.0000e+00 +1.0000e+00 +2.1000e+01 +0.0000e+00 +9.0000e+00 +1.5000e+01 +1.0000e+01 +1.0000e+01
23 +1.408930828e+03 +1.408930828e+03 +1.383680828e+03 +1.383680828e+03 +3.0000e+00 +0.0000e+00 +1.5000e+01 +5.0000e+00 +6.0000e+00 +0.0000e+00 +0.0000e+00 +0.0000e+00 +9.0000e+00 +1.5000e+01 +1.0000e+01 +0.0000e+00 +5.0000e+00 +0.0000e+00 +1.8000e+01 +0.0000e+00 +6.0000e+00 +1.2000e+01 +7.0000e+00 +7.0000e+00
27 +9.943548282e+02 +9.943548282e+02 +9.691048282e+02 +9.691048282e+02 +1.0000e+00 +0.0000e+00 +1.3000e+01 +3.0000e+00 +4.0000e+00 +0.0000e+00 +0.0000e+00 +0.0000e+00 +7.0000e+00 +1.3000e+01 +8.0000e+00 +0.0000e+00 +3.0000e+00 +0.0000e+00 +1.6000e+01 +0.0000e+00 +4.0000e+00 +1.0000e+01 +5.0000e+00 +5.0000e+00
33 +5.490332282e+02 +5.490332282e+02 +5.237832282e+02 +5.237832282e+02 +0.0000e+00 +0.0000e+00 +1.0000e+01 +0.0000e+00 +1.0000e+00 +0.0000e+00 +0.0000e+00 +0.0000e+00 +4.0000e+00 +1.0000e+01 +5.0000e+00 +0.0000e+00 +0.0000e+00 +0.0000e+00 +1.3000e+01 +0.0000e+00 +1.0000e+00 +7.0000e+00 +2.0000e+00 +2.0000e+00
37 +3.715612282e+02 +3.715612282e+02 +3.463112282e+02 +3.463112282e+02 +0.0000e+00 +0.0000e+00 +8.0000e+00 +0.0000e+00 +0.0000e+00 +0.0000e+00 +0.0000e+00 +0.0000e+00 +2.0000e+00 +8.0000e+00 +3.0000e+00 +0.0000e+00 +0.0000e+00 +0.0000e+00 +1.1000e+01 +0.0000e+00 +0.0000e+00 +5.0000e+00 +0.0000e+00 +0.0000e+00
41 +2.499356282e+02 +2.499356282e+02 +2.246856282e+02 +2.246856282e+02 +0.0000e+00 +0.0000e+00 +6.0000e+00 +0.0000e+00 +0.0000e+00 +0.0000e+00 +0.0000e+00 +0.0000e+00 +0.0000e+00 +6.0000e+00 +1.0000e+00 +0.0000e+00 +0.0000e+00 +0.0000e+00 +9.0000e+00 +0.0000e+00 +0.0000e+00 +3.0000e+00 +0.0000e+00 +0.0000e+00
47 +1.260508282e+02 +1.260508282e+02 +1.008008282e+02 +1.008008282e+02 +0.0000e+00 +0.0000e+00 +3.0000e+00 +0.0000e+00 +0.0000e+00 +0.0000e+00 +0.0000e+00 +0.0000e+00 +0.0000e+00 +3.0000e+00 +0.0000e+00 +0.0000e+00 +0.0000e+00 +0.0000e+00 +6.0000e+00 +0.0000e+00 +0.0000e+00 +0.0000e+00 +0.0000e+00 +0.0000e+00
51 +8.183642816e+01 +8.183642816e+01 +5.658642816e+01 +5.658642816e+01 +0.0000e+00 +0.0000e+00 +1.0000e+00 +0.0000e+00 +0.0000e+00 +0.0000e+00 +0.0000e+00 +0.0000e+00 +0.0000e+00 +1.0000e+00 +0.0000e+00 +0.0000e+00 +0.0000e+00 +0.0000e+00 +4.0000e+00 +0.0000e+00 +0.0000e+00 +0.0000e+00 +0.0000e+00 +0.0000e+00
% function evaluation | noise-free fitness - Fopt (2.230000000000e+00) | best noise-free fitness - Fopt | measured fitness | best measured fitness | x1 | x2...
1 +4.967345783e+03 +4.967345783e+03 +4.969575783e+03 +4.969575783e+03 +2.9000e+01 +1.0000e+00 +8.0000e+00 +1.3000e+01 +3.0000e+00 +9.0000e+00 +1.6000e+01 +2.2000e+01 +1.1000e+01 +2.9000e+01 +8.0000e+00 +2.4000e+01 +0.0000e+00 +5.0000e+00 +2.0000e+01 +1.9000e+01 +1.7000e+01 +8.0000e+00 +3.0000e+00 +1.0000e+01
5 +3.790300983e+03 +3.790300983e+03 +3.792530983e+03 +3.792530983e+03 +1.6000e+01 +1.1000e+01 +6.0000e+00 +1.1000e+01 +1.0000e+00 +7.0000e+00 +1.4000e+01 +2.0000e+01 +9.0000e+00 +2.7000e+01 +6.0000e+00 +2.2000e+01 +0.0000e+00 +3.0000e+00 +1.8000e+01 +1.7000e+01 +1.5000e+01 +6.0000e+00 +1.0000e+00 +8.0000e+00
13 +2.259508983e+03 +2.259508983e+03 +2.261738983e+03 +2.261738983e+03 +1.2000e+01 +7.0000e+00 +2.0000e+00 +7.0000e+00 +0.0000e+00 +3.0000e+00 +1.0000e+01 +1.6000e+01 +5.0000e+00 +2.3000e+01 +2.0000e+00 +1.8000e+01 +0.0000e+00 +0.0000e+00 +1.4000e+01 +1.3000e+01 +1.1000e+01 +2.0000e+00 +0.0000e+00 +4.0000e+00
19 +1.495764983e+03 +1.495764983e+03 +1.497994983e+03 +1.497994983e+03 +5.0000e+00 +8.0000e+00 +0.0000e+00 +4.0000e+00 +0.0000e+00 +0.0000e+00 +7.0000e+00 +1.3000e+01 +2.0000e+00 +2.0000e+01 +0.0000e+00 +1.5000e+01 +0.0000e+00 +0.0000e+00 +1.1000e+01 +1.0000e+01 +8.0000e+00 +0.0000e+00 +0.0000e+00 +1.0000e+00
25 +9.557665830e+02 +9.557665830e+02 +9.579965830e+02 +9.579965830e+02 +1.0000e+00 +6.0000e+00 +0.0000e+00 +1.0000e+00 +0.0000e+00 +0.0000e+00 +4.0000e+00 +1.0000e+01 +0.0000e+00 +1.7000e+01 +0.0000e+00 +1.2000e+01 +0.0000e+00 +0.0000e+00 +8.0000e+00 +7.0000e+00 +5.0000e+00 +0.0000e+00 +0.0000e+00 +0.0000e+00
29 +6.261153830e+02 +6.261153830e+02 +6.283453830e+02 +6.283453830e+02 +4.0000e+00 +0.0000e+00 +0.0000e+00 +0.0000e+00 +0.0000e+00 +0.0000e+00 +2.0000e+00 +8.0000e+00 +0.0000e+00 +1.5000e+01 +0.0000e+00 +1.0000e+01 +0.0000e+00 +0.0000e+00 +6.0000e+00 +5.0000e+00 +3.0000e+00 +0.0000e+00 +0.0000e+00 +0.0000e+00
35 +3.647745830e+02 +3.647745830e+02 +3.670045830e+02 +3.670045830e+02 +1.0000e+00 +0.0000e+00 +0.0000e+00 +0.0000e+00 +0.0000e+00 +0.0000e+00 +0.0000e+00 +5.0000e+00 +0.0000e+00 +1.2000e+01 +0.0000e+00 +7.0000e+00 +0.0000e+00 +0.0000e+00 +3.0000e+00 +2.0000e+00 +0.0000e+00 +0.0000e+00 +0.0000e+00 +0.0000e+00
39 +2.446321830e+02 +2.446321830e+02 +2.468621830e+02 +2.468621830e+02 +0.0000e+00 +0.0000e+00 +0.0000e+00 +0.0000e+00 +0.0000e+00 +0.0000e+00 +0.0000e+00 +3.0000e+00 +0.0000e+00 +1.0000e+01 +0.0000e+00 +5.0000e+00 +0.0000e+00 +0.0000e+00 +1.0000e+00 +0.0000e+00 +0.0000e+00 +0.0000e+00 +0.0000e+00 +0.0000e+00
44 +1.357697830e+02 +1.357697830e+02 +1.379997830e+02 +1.379997830e+02 +0.0000e+00 +0.0000e+00 +1.0000e+00 +0.0000e+00 +4.0000e+00 +0.0000e+00 +0.0000e+00 +0.0000e+00 +0.0000e+00 +7.0000e+00 +0.0000e+00 +0.0000e+00 +0.0000e+00 +0.0000e+00 +0.0000e+00 +0.0000e+00 +1.0000e+00 +0.0000e+00 +5.0000e+00 +0.0000e+00
% function evaluation | noise-free fitness - Fopt (-1.308000000000e+01) | best noise-free fitness - Fopt | measured fitness | best measured fitness | x1 | x2...
1 +3.678464147e+03 +3.678464147e+03 +3.665384147e+03 +3.665384147e+03 +1.1000e+01 +6.0000e+00 +9.0000e+00 +1.6000e+01 +2.5000e+01 +3.0000e+00 +1.5000e+01 +0.0000e+00 +1.7000e+01 +3.0000e+00 +3.0000e+00 +4.0000e+00 +1.1000e+01 +9.0000e+00 +9.0000e+00 +2.3000e+01 +2.6000e+01 +1.9000e+01 +5.0000e+00 +1.3000e+01
9 +2.214724947e+03 +2.214724947e+03 +2.201644947e+03 +2.201644947e+03 +7.0000e+00 +2.0000e+00 +5.0000e+00 +1.2000e+01 +2.1000e+01 +0.0000e+00 +1.1000e+01 +0.0000e+00 +1.3000e+01 +0.0000e+00 +0.0000e+00 +0.0000e+00 +7.0000e+00 +5.0000e+00 +5.0000e+00 +1.9000e+01 +2.2000e+01 +1.5000e+01 +1.0000e+00 +9.0000e+00
15 +1.499232147e+03 +1.499232147e+03 +1.486152147e+03 +1.486152147e+03 +0.0000e+00 +4.0000e+00 +2.0000e+00 +9.0000e+00 +1.8000e+01 +0.0000e+00 +8.0000e+00 +0.0000e+00 +1.0000e+01 +0.0000e+00 +0.0000e+00 +0.0000e+00 +4.0000e+00 +2.0000e+00 +2.0000e+00 +1.6000e+01 +1.9000e+01 +1.2000e+01 +0.0000e+00 +6.0000e+00
21 +9.806433466e+02 +9.806433466e+02 +9.675633466e+02 +9.675633466e+02 +1.0000e+00 +0.0000e+00 +0.0000e+00 +6.0000e+00 +1.5000e+01 +0.0000e+00 +5.0000e+00 +0.0000e+00 +7.0000e+00 +0.0000e+00 +0.0000e+00 +0.0000e+00 +1.0000e+00 +0.0000e+00 +0.0000e+00 +1.3000e+01 +1.6000e+01 +9.0000e+00 +0.0000e+00 +3.0000e+00
28 +5.949697466e+02 +5.949697466e+02 +5.818897466e+02 +5.818897466e+02 +8.0000e+00 +0.0000e+00 +1.0000e+01 +0.0000e+00 +0.0000e+00 +0.0000e+00 +1.1000e+01 +1.0000e+00 +0.0000e+00 +0.0000e+00 +0.0000e+00 +0.0000e+00 +0.0000e+00 +1.7000e+01 +6.0000e+00 +0.0000e+00 +0.0000e+00 +6.0000e+00 +0.0000e+00 +7.0000e+00
34 +3.242769466e+02 +3.242769466e+02 +3.111969466e+02 +3.111969466e+02 +5.0000e+00 +0.0000e+00 +7.0000e+00 +0.0000e+00 +0.0000e+00 +0.0000e+00 +8.0000e+00 +0.0000e+00 +0.0000e+00 +0.0000e+00 +0.0000e+00 +0.0000e+00 +0.0000e+00 +1.4000e+01 +3.0000e+00 +0.0000e+00 +0.0000e+00 +3.0000e+00 +0.0000e+00 +4.0000e+00
38 +2.300801466e+02 +2.300801466e+02 +2.170001466e+02 +2.170001466e+02 +0.0000e+00 +3.0000e+00 +5.0000e+00 +0.0000e+00 +0.0000e+00 +0.0000e+00 +6.0000e+00 +0.0000e+00 +0.0000e+00 +0.0000e+00 +0.0000e+00 +0.0000e+00 +0.0000e+00 +1.2000e+01 +1.0000e+00 +0.0000e+00 +0.0000e+00 +1.0000e+00 +0.0000e+00 +2.0000e+00
44 +1.415025466e+02 +1.415025466e+02 +1.284225466e+02 +1.284225466e+02 +0.0000e+00 +0.0000e+00 +2.0000e+00 +0.0000e+00 +0.0000e+00 +0.0000e+00 +3.0000e+00 +0.0000e+00 +0.0000e+00 +0.0000e+00 +0.0000e+00 +0.0000e+00 +0.0000e+00 +9.0000e+00 +0.0000e+00 +0.0000e+00 +0.0000e+00 +0.0000e+00 +0.0000e+00 +0.0000e+00
49 +9.832494656e+01 +9.832494656e+01 +8.524494656e+01 +8.524494656e+01 +0.0000e+00 +0.0000e+00 +0.0000e+00 +0.0000e+00 +1.0000e+00 +0.0000e+00 +0.0000e+00 +0.0000e+00 +0.0000e+00 +0.0000e+00 +0.0000e+00 +0.0000e+00 +0.0000e+00 +0.0000e+00 +0.0000e+00 +0.0000e+00 +2.0000e+00 +0.0000e+00 +0.0000e+00 +0.0000e+00
% function evaluation | noise-free fitness - Fopt (2.671600000000e+02) | best noise-free fitness - Fopt | measured fitness | best measured fitness | x1 | x2...
1 +7.016260984e+03 +7.016260984e+03 +7.283420984e+03 +7.283420984e+03 +4.0000e+00 +2.4000e+01 +1.1000e+01 +1.8000e+01 +2.0000e+01 +5.0000e+00 +1.7000e+01 +2.4000e+01 +1.9000e+01 +2.3000e+01 +2.6000e+01 +2.3000e+01 +2.0000e+01 +2.3000e+01 +1.0000e+01 +2.3000e+01 +1.0000e+00 +0.0000e+00 +1.4000e+01 +1.2000e+01
3 +6.224347384e+03 +6.224347384e+03 +6.491507384e+03 +6.491507384e+03 +7.0000e+00 +1.9000e+01 +1.0000e+01 +1.7000e+01 +1.9000e+01 +4.0000e+00 +1.6000e+01 +2.3000e+01 +1.8000e+01 +2.2000e+01 +2.5000e+01 +2.2000e+01 +1.9000e+01 +2.2000e+01 +9.0000e+00 +2.2000e+01 +0.0000e+00 +0.0000e+00 +1.3000e+01 +1.1000e+01
11 +3.962587384e+03 +3.962587384e+03 +4.229747384e+03 +4.229747384e+03 +3.0000e+00 +1.5000e+01 +6.0000e+00 +1.3000e+01 +1.5000e+01 +0.0000e+00 +1.2000e+01 +1.9000e+01 +1.4000e+01 +1.8000e+01 +2.1000e+01 +1.8000e+01 +1.5000e+01 +1.8000e+01 +5.0000e+00 +1.8000e+01 +0.0000e+00 +0.0000e+00 +9.0000e+00 +7.0000e+00
19 +2.279971384e+03 +2.279971384e+03 +2.547131384e+03 +2.547131384e+03 +0.0000e+00 +1.1000e+01 +2.0000e+00 +9.0000e+00 +1.1000e+01 +0.0000e+00 +8.0000e+00 +1.5000e+01 +1.0000e+01 +1.4000e+01 +1.7000e+01 +1.4000e+01 +1.1000e+01 +1.4000e+01 +1.0000e+00 +1.4000e+01 +0.0000e+00 +0.0000e+00 +5.0000e+00 +3.0000e+00
25 +1.344955384e+03 +1.344955384e+03 +1.612115384e+03 +1.612115384e+03 +0.0000e+00 +6.0000e+00 +0.0000e+00 +6.0000e+00 +8.0000e+00 +0.0000e+00 +5.0000e+00 +1.2000e+01 +7.0000e+00 +1.1000e+01 +1.4000e+01 +1.1000e+01 +8.0000e+00 +1.1000e+01 +0.0000e+00 +1.1000e+01 +0.0000e+00 +0.0000e+00 +2.0000e+00 +0.0000e+00
29 +9.138513843e+02 +9.138513843e+02 +1.181011384e+03 +1.181011384e+03 +4.0000e+00 +0.0000e+00 +0.0000e+00 +4.0000e+00 +6.0000e+00 +0.0000e+00 +3.0000e+00 +1.0000e+01 +5.0000e+00 +9.0000e+00 +1.2000e+01 +9.0000e+00 +6.0000e+00 +9.0000e+00 +0.0000e+00 +9.0000e+00 +0.0000e+00 +0.0000e+00 +0.0000e+00 +0.0000e+00
33 +5.922545843e+02 +5.922545843e+02 +8.594145843e+02 +8.594145843e+02 +0.0000e+00 +2.0000e+00 +0.0000e+00 +2.0000e+00 +4.0000e+00 +0.0000e+00 +1.0000e+00 +8.0000e+00 +3.0000e+00 +7.0000e+00 +1.0000e+01 +7.0000e+00 +4.0000e+00 +7.0000e+00 +0.0000e+00 +7.0000e+00 +0.0000e+00 +0.0000e+00 +0.0000e+00 +0.0000e+00
37 +3.577825843e+02 +3.577825843e+02 +6.249425843e+02 +6.249425843e+02 +0.0000e+00 +0.0000e+00 +0.0000e+00 +0.0000e+00 +2.0000e+00 +0.0000e+00 +0.0000e+00 +6.0000e+00 +1.0000e+00 +5.0000e+00 +8.0000e+00 +5.0000e+00 +2.0000e+00 +5.0000e+00 +0.0000e+00 +5.0000e+00 +0.0000e+00 +0.0000e+00 +0.0000e+00 +0.0000e+00
41 +2.303553843e+02 +2.303553843e+02 +4.975153843e+02 +4.975153843e+02 +0.0000e+00 +0.0000e+00 +0.0000e+00 +0.0000e+00 +0.0000e+00 +0.0000e+00 +0.0000e+00 +4.0000e+00 +0.0000e+00 +3.0000e+00 +6.0000e+00 +3.0000e+00 +0.0000e+00 +3.0000e+00 +0.0000e+00 +3.0000e+00 +0.0000e+00 +0.0000e+00 +0.0000e+00 +0.0000e+00
45 +1.522657843e+02 +1.522657843e+02 +4.194257843e+02 +4.194257843e+02 +0.0000e+00 +0.0000e+00 +0.0000e+00 +0.0000e+00 +0.0000e+00 +0.0000e+00 +0.0000e+00 +2.0000e+00 +0.0000e+00 +1.0000e+00 +4.0000e+00 +1.0000e+00 +0.0000e+00 +1.0000e+00 +0.0000e+00 +1.0000e+00 +0.0000e+00 +0.0000e+00 +0.0000e+00 +0.0000e+00
% function evaluation | noise-free fitness - Fopt (3.710000000000e+00) | best noise-free fitness - Fopt | measured fitness | best measured fitness | x1 | x2...
1 +6.538612509e+03 +6.538612509e+03 +6.542322509e+03 +6.542322509e+03 +8.0000e+00 +2.6000e+01 +2.6000e+01 +8.0000e+00 +2.4000e+01 +3.0000e+01 +2.5000e+01 +2.2000e+01 +2.2000e+01 +1.3000e+01 +1.4000e+01 +2.6000e+01 +5.0000e+00 +5.0000e+00 +3.0000e+00 +7.0000e+00 +8.0000e+00 +1.7000e+01 +4.0000e+00 +1.1000e+01
3 +6.296999709e+03 +6.296999709e+03 +6.300709709e+03 +6.300709709e+03 +1.0000e+00 +3.1000e+01 +2.5000e+01 +7.0000e+00 +2.3000e+01 +2.9000e+01 +2.4000e+01 +2.1000e+01 +2.1000e+01 +1.2000e+01 +1.3000e+01 +2.5000e+01 +4.0000e+00 +4.0000e+00 +2.0000e+00 +6.0000e+00 +7.0000e+00 +1.6000e+01 +3.0000e+00 +1.0000e+01
11 +3.976468509e+03 +3.976468509e+03 +3.980178509e+03 +3.980178509e+03 +1.0000e+00 +2.3000e+01 +2.1000e+01 +3.0000e+00 +1.9000e+01 +2.5000e+01 +2.0000e+01 +1.7000e+01 +1.7000e+01 +8.0000e+00 +9.0000e+00 +2.1000e+01 +0.0000e+00 +0.0000e+00 +0.0000e+00 +2.0000e+00 +3.0000e+00 +1.2000e+01 +0.0000e+00 +6.0000e+00
19 +2.328897309e+03 +2.328897309e+03 +2.332607309e+03 +2.332607309e+03 +1.0000e+00 +1.5000e+01 +1.7000e+01 +0.0000e+00 +1.5000e+01 +2.1000e+01 +1.6000e+01 +1.3000e+01 +1.3000e+01 +4.0000e+00 +5.0000e+00 +1.7000e+01 +0.0000e+00 +0.0000e+00 +0.0000e+00 +0.0000e+00 +0.0000e+00 +8.0000e+00 +0.0000e+00 +2.0000e+00
23 +1.578382109e+03 +1.578382109e+03 +1.582092109e+03 +1.582092109e+03 +7.0000e+00 +5.0000e+00 +1.5000e+01 +0.0000e+00 +1.3000e+01 +1.9000e+01 +1.4000e+01 +1.1000e+01 +1.1000e+01 +2.0000e+00 +3.0000e+00 +1.5000e+01 +0.0000e+00 +0.0000e+00 +0.0000e+00 +0.0000e+00 +0.0000e+00 +6.0000e+00 +0.0000e+00 +0.0000e+00
29 +9.909261094e+02 +9.909261094e+02 +9.946361094e+02 +9.946361094e+02 +2.0000e+00 +4.0000e+00 +1.2000e+01 +0.0000e+00 +1.0000e+01 +1.6000e+01 +1.1000e+01 +8.0000e+00 +8.0000e+00 +0.0000e+00 +0.0000e+00 +1.2000e+01 +0.0000e+00 +0.0000e+00 +0.0000e+00 +0.0000e+00 +0.0000e+00 +3.0000e+00 +0.0000e+00 +0.0000e+00
35 +5.688045094e+02 +5.688045094e+02 +5.725145094e+02 +5.725145094e+02 +0.0000e+00 +1.0000e+00 +9.0000e+00 +0.0000e+00 +7.0000e+00 +1.3000e+01 +8.0000e+00 +5.0000e+00 +5.0000e+00 +0.0000e+00 +0.0000e+00 +9.0000e+00 +0.0000e+00 +0.0000e+00 +0.0000e+00 +0.0000e+00 +0.0000e+00 +0.0000e+00 +0.0000e+00 +0.0000e+00
39 +3.777757094e+02 +3.777757094e+02 +3.814857094e+02 +3.814857094e+02 +0.0000e+00 +0.0000e+00 +7.0000e+00 +0.0000e+00 +5.0000e+00 +1.1000e+01 +6.0000e+00 +3.0000e+00 +3.0000e+00 +0.0000e+00 +0.0000e+00 +7.0000e+00 +0.0000e+00 +0.0000e+00 +0.0000e+00 +0.0000e+00 +0.0000e+00 +0.0000e+00 +0.0000e+00 +0.0000e+00
43 +2.501821094e+02 +2.501821094e+02 +2.538921094e+02 +2.538921094e+02 +0.0000e+00 +0.0000e+00 +5.0000e+00 +0.0000e+00 +3.0000e+00 +9.0000e+00 +4.0000e+00 +1.0000e+00 +1.0000e+00 +0.0000e+00 +0.0000e+00 +5.0000e+00 +0.0000e+00 +0.0000e+00 +0.0000e+00 +0.0000e+00 +0.0000e+00 +0.0000e+00 +0.0000e+00 +0.0000e+00
48 +1.285741094e+02 +1.285741094e+02 +1.322841094e+02 +1.322841094e+02 +3.0000e+00 +1.0000e+00 +0.0000e+00 +0.0000e+00 +7.0000e+00 +0.0000e+00 +0.0000e+00 +5.0000e+00 +3.0000e+00 +0.0000e+00 +2.0000e+00 +0.0000e+00 +0.0000e+00 +0.0000e+00 +0.0000e+00 +0.0000e+00 +0.0000e+00 +0.0000e+00 +0.0000e+00 +0.0000e+00
54 +9.813410944e+01 +9.813410944e+01 +1.018441094e+02 +1.018441094e+02 +0.0000e+00 +0.0000e+00 +0.0000e+00 +0.0000e+00 +4.0000e+00 +0.0000e+00 +0.0000e+00 +2.0000e+00 +0.0000e+00 +0.0000e+00 +0.0000e+00 +0.0000e+00 +0.0000e+00 +0.0000e+00 +0.0000e+00 +0.0000e+00 +0.0000e+00 +0.0000e+00 +0.0000e+00 +0.0000e+00
% function evaluation | noise-free fitness - Fopt (9.478000000000e+01) | best noise-free fitness - Fopt | measured fitness | best measured fitness | x1 | x2...
1 +5.079603833e+03 +5.079603833e+03 +5.174383833e+03 +5.174383833e+03 +1.0000e+00 +2.0000e+01 +2.7000e+01 +7.0000e+00 +6.0000e+00 +2.7000e+01 +1.0000e+00 +2.6000e+01 +5.0000e+00 +1.2000e+01 +8.0000e+00 +2.0000e+01 +2.0000e+00 +2.7000e+01 +1.0000e+01 +9.0000e+00 +1.3000e+01 +1.6000e+01 +2.4000e+01 +7.0000e+00
5 +3.885615033e+03 +3.885615033e+03 +3.980395033e+03 +3.980395033e+03 +1.5000e+01 +2.0000e+00 +2.5000e+01 +5.0000e+00 +4.0000e+00 +2.5000e+01 +0.0000e+00 +2.4000e+01 +3.0000e+00 +1.0000e+01 +6.0000e+00 +1.8000e+01 +0.0000e+00 +2.5000e+01 +8.0000e+00 +7.0000e+00 +1.1000e+01 +1.4000e+01 +2.2000e+01 +5.0000e+00
13 +2.356824633e+03 +2.356824633e+03 +2.451604633e+03 +2.451604633e+03 +7.0000e+00 +3.0000e+00 +2.1000e+01 +1.0000e+00 +0.0000e+00 +2.1000e+01 +0.0000e+00 +2.0000e+01 +0.0000e+00 +6.0000e+00 +2.0000e+00 +1.4000e+01 +0.0000e+00 +2.1000e+01 +4.0000e+00 +3.0000e+00 +7.0000e+00 +1.0000e+01 +1.8000e+01 +1.0000e+00
21 +1.366231033e+03 +1.366231033e+03 +1.461011033e+03 +1.461011033e+03 +3.0000e+00 +0.0000e+00 +1.7000e+01 +0.0000e+00 +0.0000e+00 +1.7000e+01 +0.0000e+00 +1.6000e+01 +0.0000e+00 +2.0000e+00 +0.0000e+00 +1.0000e+01 +0.0000e+00 +1.7000e+01 +0.0000e+00 +0.0000e+00 +3.0000e+00 +6.0000e+00 +1.4000e+01 +0.0000e+00
27 +8.976710330e+02 +8.976710330e+02 +9.924510330e+02 +9.924510330e+02 +0.0000e+00 +0.0000e+00 +1.4000e+01 +0.0000e+00 +0.0000e+00 +1.4000e+01 +0.0000e+00 +1.3000e+01 +0.0000e+00 +0.0000e+00 +0.0000e+00 +7.0000e+00 +0.0000e+00 +1.4000e+01 +0.0000e+00 +0.0000e+00 +0.0000e+00 +3.0000e+00 +1.1000e+01 +0.0000e+00
33 +5.480966330e+02 +5.480966330e+02 +6.428766330e+02 +6.428766330e+02 +0.0000e+00 +0.0000e+00 +1.1000e+01 +0.0000e+00 +0.0000e+00 +1.1000e+01 +0.0000e+00 +1.0000e+01 +0.0000e+00 +0.0000e+00 +0.0000e+00 +4.0000e+00 +0.0000e+00 +1.1000e+01 +0.0000e+00 +0.0000e+00 +0.0000e+00 +0.0000e+00 +8.0000e+00 +0.0000e+00
37 +3.728006330e+02 +3.728006330e+02 +4.675806330e+02 +4.675806330e+02 +0.0000e+00 +0.0000e+00 +9.0000e+00 +0.0000e+00 +0.0000e+00 +9.0000e+00 +0.0000e+00 +8.0000e+00 +0.0000e+00 +0.0000e+00 +0.0000e+00 +2.0000e+00 +0.0000e+00 +9.0000e+00 +0.0000e+00 +0.0000e+00 +0.0000e+00 +0.0000e+00 +6.0000e+00 +0.0000e+00
41 +2.455046330e+02 +2.455046330e+02 +3.402846330e+02 +3.402846330e+02 +0.0000e+00 +0.0000e+00 +7.0000e+00 +0.0000e+00 +0.0000e+00 +7.0000e+00 +0.0000e+00 +6.0000e+00 +0.0000e+00 +0.0000e+00 +0.0000e+00 +0.0000e+00 +0.0000e+00 +7.0000e+00 +0.0000e+00 +0.0000e+00 +0.0000e+00 +0.0000e+00 +4.0000e+00 +0.0000e+00
47 +1.400102330e+02 +1.400102330e+02 +2.347902330e+02 +2.347902330e+02 +0.0000e+00 +0.0000e+00 +4.0000e+00 +0.0000e+00 +0.0000e+00 +4.0000e+00 +0.0000e+00 +3.0000e+00 +0.0000e+00 +0.0000e+00 +0.0000e+00 +0.0000e+00 +0.0000e+00 +4.0000e+00 +0.0000e+00 +0.0000e+00 +0.0000e+00 +0.0000e+00 +1.0000e+00 +0.0000e+00
54 +9.757663296e+01 +9.757663296e+01 +1.923566330e+02 +1.923566330e+02 +0.0000e+00 +0.0000e+00 +1.0000e+00 +0.0000e+00 +4.0000e+00 +0.0000e+00 +4.0000e+00 +0.0000e+00 +2.0000e+00 +0.0000e+00 +0.0000e+00 +0.0000e+00 +0.0000e+00 +0.0000e+00 +0.0000e+00 +2.0000e+00 +0.0000e+00 +0.0000e+00 +0.0000e+00 +0.0000e+00
% function evaluation | noise-free fitness - Fopt (2.339200000000e+02) | best noise-free fitness - Fopt | measured fitness | best measured fitness | x1 | x2...
1 +5.230767820e+03 +5.230767820e+03 +5.464687820e+03 +5.464687820e+03 +1.8000e+01 +2.9000e+01 +1.6000e+01 +4.0000e+00 +7.0000e+00 +2.6000e+01 +2.3000e+01 +1.2000e+01 +1.4000e+01 +1.0000e+01 +1.2000e+01 +4.0000e+00 +1.0000e+00 +2.0000e+01 +1.0000e+00 +1.8000e+01 +5.0000e+00 +2.3000e+01 +6.0000e+00 +2.7000e+01
7 +3.751159820e+03 +3.751159820e+03 +3.985079820e+03 +3.985079820e+03 +1.4000e+01 +2.7000e+01 +1.3000e+01 +1.0000e+00 +4.0000e+00 +2.3000e+01 +2.0000e+01 +9.0000e+00 +1.1000e+01 +7.0000e+00 +9.0000e+00 +1.0000e+00 +0.0000e+00 +1.7000e+01 +0.0000e+00 +1.5000e+01 +2.0000e+00 +2.0000e+01 +3.0000e+00 +2.4000e+01
15 +2.367471820e+03 +2.367471820e+03 +2.601391820e+03 +2.601391820e+03 +6.0000e+00 +2.7000e+01 +9.0000e+00 +0.0000e+00 +0.0000e+00 +1.9000e+01 +1.6000e+01 +5.0000e+00 +7.0000e+00 +3.0000e+00 +5.0000e+00 +0.0000e+00 +0.0000e+00 +1.3000e+01 +0.0000e+00 +1.1000e+01 +0.0000e+00 +1.6000e+01 +0.0000e+00 +2.0000e+01
21 +1.531571020e+03 +1.531571020e+03 +1.765491020e+03 +1.765491020e+03 +4.0000e+00 +2.3000e+01 +6.0000e+00 +0.0000e+00 +0.0000e+00 +1.6000e+01 +1.3000e+01 +2.0000e+00 +4.0000e+00 +0.0000e+00 +2.0000e+00 +0.0000e+00 +0.0000e+00 +1.0000e+01 +0.0000e+00 +8.0000e+00 +0.0000e+00 +1.3000e+01 +0.0000e+00 +1.7000e+01
27 +8.564798195e+02 +8.564798195e+02 +1.090399820e+03 +1.090399820e+03 +5.0000e+00 +1.6000e+01 +3.0000e+00 +0.0000e+00 +0.0000e+00 +1.3000e+01 +1.0000e+01 +0.0000e+00 +1.0000e+00 +0.0000e+00 +0.0000e+00 +0.0000e+00 +0.0000e+00 +7.0000e+00 +0.0000e+00 +5.0000e+00 +0.0000e+00 +1.0000e+01 +0.0000e+00 +1.4000e+01
33 +4.604798195e+02 +4.604798195e+02 +6.943998195e+02 +6.943998195e+02 +2.0000e+00 +1.3000e+01 +0.0000e+00 +0.0000e+00 +0.0000e+00 +1.0000e+01 +7.0000e+00 +0.0000e+00 +0.0000e+00 +0.0000e+00 +0.0000e+00 +0.0000e+00 +0.0000e+00 +4.0000e+00 +0.0000e+00 +2.0000e+00 +0.0000e+00 +7.0000e+00 +0.0000e+00 +1.1000e+01
35 +3.459950195e+02 +3.459950195e+02 +5.799150195e+02 +5.799150195e+02 +4.0000e+00 +9.0000e+00 +0.0000e+00 +0.0000e+00 +0.0000e+00 +9.0000e+00 +6.0000e+00 +0.0000e+00 +0.0000e+00 +0.0000e+00 +0.0000e+00 +0.0000e+00 +0.0000e+00 +3.0000e+00 +0.0000e+00 +1.0000e+00 +0.0000e+00 +6.0000e+00 +0.0000e+00 +1.0000e+01
39 +2.038350195e+02 +2.038350195e+02 +4.377550195e+02 +4.377550195e+02 +2.0000e+00 +7.0000e+00 +0.0000e+00 +0.0000e+00 +0.0000e+00 +7.0000e+00 +4.0000e+00 +0.0000e+00 +0.0000e+00 +0.0000e+00 +0.0000e+00 +0.0000e+00 +0.0000e+00 +1.0000e+00 +0.0000e+00 +0.0000e+00 +0.0000e+00 +4.0000e+00 +0.0000e+00 +8.0000e+00
43 +1.350814195e+02 +1.350814195e+02 +3.690014195e+02 +3.690014195e+02 +4.0000e+00 +1.0000e+00 +0.0000e+00 +0.0000e+00 +0.0000e+00 +5.0000e+00 +2.0000e+00 +0.0000e+00 +0.0000e+00 +0.0000e+00 +0.0000e+00 +0.0000e+00 +0.0000e+00 +0.0000e+00 +0.0000e+00 +0.0000e+00 +0.0000e+00 +2.0000e+00 +0.0000e+00 +6.0000e+00
45 +8.277101952e+01 +8.277101952e+01 +3.166910195e+02 +3.166910195e+02 +0.0000e+00 +3.0000e+00 +0.0000e+00 +0.0000e+00 +0.0000e+00 +4.0000e+00 +1.0000e+00 +0.0000e+00 +0.0000e+00 +0.0000e+00 +0.0000e+00 +0.0000e+00 +0.0000e+00 +0.0000e+00 +0.0000e+00 +0.0000e+00 +0.0000e+00 +1.0000e+00 +0.0000e+00 +5.0000e+00
% function evaluation | noise-free fitness - Fopt (-6.092000000000e+01) | best noise-free fitness - Fopt | measured fitness | best measured fitness | x1 | x2...
1 +4.521198836e+03 +4.521198836e+03 +4.460278836e+03 +4.460278836e+03 +6.0000e+00 +2.0000e+01 +2.0000e+01 +1.2000e+01 +8.0000e+00 +5.0000e+00 +0.0000e+00 +3.0000e+01 +2.4000e+01 +5.0000e+00 +1.3000e+01 +0.0000e+00 +4.0000e+00 +1.2000e+01 +1.6000e+01 +7.0000e+00 +8.0000e+00 +2.8000e+01 +7.0000e+00 +2.0000e+01
5 +3.728370036e+03 +3.728370036e+03 +3.667450036e+03 +3.667450036e+03 +0.0000e+00 +2.2000e+01 +1.8000e+01 +1.0000e+01 +6.0000e+00 +3.0000e+00 +0.0000e+00 +2.8000e+01 +2.2000e+01 +3.0000e+00 +1.1000e+01 +0.0000e+00 +2.0000e+00 +1.0000e+01 +1.4000e+01 +5.0000e+00 +6.0000e+00 +2.6000e+01 +5.0000e+00 +1.8000e+01
11 +2.428430836e+03 +2.428430836e+03 +2.367510836e+03 +2.367510836e+03 +7.0000e+00 +1.0000e+01 +1.5000e+01 +7.0000e+00 +3.0000e+00 +0.0000e+00 +0.0000e+00 +2.5000e+01 +1.9000e+01 +0.0000e+00 +8.0000e+00 +0.0000e+00 +0.0000e+00 +7.0000e+00 +1.1000e+01 +2.0000e+00 +3.0000e+00 +2.3000e+01 +2.0000e+00 +1.5000e+01
19 +1.433221236e+03 +1.433221236e+03 +1.372301236e+03 +1.372301236e+03 +7.0000e+00 +3.0000e+00 +1.1000e+01 +3.0000e+00 +0.0000e+00 +0.0000e+00 +0.0000e+00 +2.1000e+01 +1.5000e+01 +0.0000e+00 +4.0000e+00 +0.0000e+00 +0.0000e+00 +3.0000e+00 +7.0000e+00 +0.0000e+00 +0.0000e+00 +1.9000e+01 +0.0000e+00 +1.1000e+01
25 +9.095732365e+02 +9.095732365e+02 +8.486532365e+02 +8.486532365e+02 +0.0000e+00 +4.0000e+00 +8.0000e+00 +0.0000e+00 +0.0000e+00 +0.0000e+00 +0.0000e+00 +1.8000e+01 +1.2000e+01 +0.0000e+00 +1.0000e+00 +0.0000e+00 +0.0000e+00 +0.0000e+00 +4.0000e+00 +0.0000e+00 +0.0000e+00 +1.6000e+01 +0.0000e+00 +8.0000e+00
31 +5.784196365e+02 +5.784196365e+02 +5.174996365e+02 +5.174996365e+02 +1.0000e+00 +0.0000e+00 +5.0000e+00 +0.0000e+00 +0.0000e+00 +0.0000e+00 +0.0000e+00 +1.5000e+01 +9.0000e+00 +0.0000e+00 +0.0000e+00 +0.0000e+00 +0.0000e+00 +0.0000e+00 +1.0000e+00 +0.0000e+00 +0.0000e+00 +1.3000e+01 +0.0000e+00 +5.0000e+00
37 +3.527044365e+02 +3.527044365e+02 +2.917844365e+02 +2.917844365e+02 +0.0000e+00 +0.0000e+00 +2.0000e+00 +0.0000e+00 +0.0000e+00 +0.0000e+00 +0.0000e+00 +1.2000e+01 +6.0000e+00 +0.0000e+00 +0.0000e+00 +0.0000e+00 +0.0000e+00 +0.0000e+00 +0.0000e+00 +0.0000e+00 +0.0000e+00 +1.0000e+01 +0.0000e+00 +2.0000e+00
43 +2.125892365e+02 +2.125892365e+02 +1.516692365e+02 +1.516692365e+02 +0.0000e+00 +0.0000e+00 +0.0000e+00 +0.0000e+00 +0.0000e+00 +0.0000e+00 +0.0000e+00 +9.0000e+00 +3.0000e+00 +0.0000e+00 +0.0000e+00 +0.0000e+00 +0.0000e+00 +0.0000e+00 +0.0000e+00 +0.0000e+00 +0.0000e+00 +7.0000e+00 +0.0000e+00 +0.0000e+00
47 +1.515108365e+02 +1.515108365e+02 +9.059083648e+01 +9.059083648e+01 +0.0000e+00 +0.0000e+00 +0.0000e+00 +0.0000e+00 +0.0000e+00 +0.0000e+00 +0.0000e+00 +7.0000e+00 +1.0000e+00 +0.0000e+00 +0.0000e+00 +0.0000e+00 +0.0000e+00 +0.0000e+00 +0.0000e+00 +0.0000e+00 +0.0000e+00 +5.0000e+00 +0.0000e+00 +0.0000e+00
% function evaluation | noise-free fitness - Fopt (-1.948000000000e+01) | best noise-free fitness - Fopt | measured fitness | best measured fitness | x1 | x2...
1 +5.564442572e+03 +5.564442572e+03 +5.544962572e+03 +5.544962572e+03 +2.4000e+01 +5.0000e+00 +1.8000e+01 +2.0000e+01 +8.0000e+00 +0.0000e+00 +6.0000e+00 +2.5000e+01 +1.8000e+01 +2.2000e+01 +7.0000e+00 +1.3000e+01 +2.6000e+01 +2.0000e+00 +7.0000e+00 +1.2000e+01 +2.4000e+01 +6.0000e+00 +3.0000e+01 +1.2000e+01
4 +3.627840972e+03 +3.627840972e+03 +3.608360972e+03 +3.608360972e+03 +9.0000e+00 +9.0000e+00 +1.1000e+01 +0.0000e+00 +1.0000e+00 +1.8000e+01 +0.0000e+00 +2.2000e+01 +7.0000e+00 +1.1000e+01 +2.2000e+01 +2.0000e+00 +1.3000e+01 +8.0000e+00 +1.8000e+01 +3.0000e+00 +1.0000e+00 +9.0000e+00 +2.7000e+01 +2.2000e+01
12 +2.260039372e+03 +2.260039372e+03 +2.240559372e+03 +2.240559372e+03 +5.0000e+00 +5.0000e+00 +7.0000e+00 +0.0000e+00 +0.0000e+00 +1.4000e+01 +0.0000e+00 +1.8000e+01 +3.0000e+00 +7.0000e+00 +1.8000e+01 +0.0000e+00 +9.0000e+00 +4.0000e+00 +1.4000e+01 +0.0000e+00 +0.0000e+00 +5.0000e+00 +2.3000e+01 +1.8000e+01
18 +1.552183372e+03 +1.552183372e+03 +1.532703372e+03 +1.532703372e+03 +2.0000e+00 +2.0000e+00 +4.0000e+00 +0.0000e+00 +0.0000e+00 +1.1000e+01 +0.0000e+00 +1.5000e+01 +0.0000e+00 +4.0000e+00 +1.5000e+01 +0.0000e+00 +6.0000e+00 +1.0000e+00 +1.1000e+01 +0.0000e+00 +0.0000e+00 +2.0000e+00 +2.0000e+01 +1.5000e+01
26 +9.097161722e+02 +9.097161722e+02 +8.902361722e+02 +8.902361722e+02 +0.0000e+00 +0.0000e+00 +0.0000e+00 +0.0000e+00 +0.0000e+00 +7.0000e+00 +0.0000e+00 +1.1000e+01 +0.0000e+00 +0.0000e+00 +1.1000e+01 +0.0000e+00 +2.0000e+00 +0.0000e+00 +7.0000e+00 +0.0000e+00 +0.0000e+00 +0.0000e+00 +1.6000e+01 +1.1000e+01
32 +5.664073722e+02 +5.664073722e+02 +5.469273722e+02 +5.469273722e+02 +0.0000e+00 +0.0000e+00 +0.0000e+00 +0.0000e+00 +0.0000e+00 +4.0000e+00 +0.0000e+00 +8.0000e+00 +0.0000e+00 +0.0000e+00 +8.0000e+00 +0.0000e+00 +0.0000e+00 +0.0000e+00 +4.0000e+00 +0.0000e+00 +0.0000e+00 +0.0000e+00 +1.3000e+01 +8.0000e+00
36 +3.909001722e+02 +3.909001722e+02 +3.714201722e+02 +3.714201722e+02 +0.0000e+00 +0.0000e+00 +0.0000e+00 +0.0000e+00 +0.0000e+00 +2.0000e+00 +0.0000e+00 +6.0000e+00 +0.0000e+00 +0.0000e+00 +6.0000e+00 +0.0000e+00 +0.0000e+00 +0.0000e+00 +2.0000e+00 +0.0000e+00 +0.0000e+00 +0.0000e+00 +1.1000e+01 +6.0000e+00
42 +2.166601722e+02 +2.166601722e+02 +1.971801722e+02 +1.971801722e+02 +0.0000e+00 +0.0000e+00 +0.0000e+00 +0.0000e+00 +0.0000e+00 +0.0000e+00 +0.0000e+00 +3.0000e+00 +0.0000e+00 +0.0000e+00 +3.0000e+00 +0.0000e+00 +0.0000e+00 +0.0000e+00 +0.0000e+00 +0.0000e+00 +0.0000e+00 +0.0000e+00 +8.0000e+00 +3.0000e+00
46 +1.471945722e+02 +1.471945722e+02 +1.277145722e+02 +1.277145722e+02 +0.0000e+00 +0.0000e+00 +0.0000e+00 +0.0000e+00 +0.0000e+00 +0.0000e+00 +0.0000e+00 +1.0000e+00 +0.0000e+00 +0.0000e+00 +1.0000e+00 +0.0000e+00 +0.0000e+00 +0.0000e+00 +0.0000e+00 +0.0000e+00 +0.0000e+00 +0.0000e+00 +6.0000e+00 +1.0000e+00
% function evaluation | noise-free fitness - Fopt (1.344700000000e+02) | best noise-free fitness - Fopt | measured fitness | best measured fitness | x1 | x2...
1 +8.549365466e+03 +8.549365466e+03 +8.683835466e+03 +8.683835466e+03 +1.6000e+01 +5.0000e+00 +1.7000e+01 +2.0000e+01 +2.0000e+00 +2.4000e+01 +2.0000e+00 +1.0000e+01 +2.7000e+01 +2.9000e+01 +2.9000e+01 +1.6000e+01 +2.9000e+01 +4.0000e+00 +1.9000e+01 +6.0000e+00 +2.4000e+01 +1.6000e+01 +2.6000e+01 +2.4000e+01
8 +5.705695066e+03 +5.705695066e+03 +5.840165066e+03 +5.840165066e+03 +1.6000e+01 +2.1000e+01 +4.0000e+00 +1.2000e+01 +0.0000e+00 +1.7000e+01 +1.4000e+01 +9.0000e+00 +1.7000e+01 +2.3000e+01 +2.0000e+01 +2.1000e+01 +2.5000e+01 +2.5000e+01 +1.5000e+01 +1.2000e+01 +9.0000e+00 +0.0000e+00 +9.0000e+00 +1.8000e+01
16 +3.580824666e+03 +3.580824666e+03 +3.715294666e+03 +3.715294666e+03 +1.2000e+01 +1.7000e+01 +0.0000e+00 +8.0000e+00 +0.0000e+00 +1.3000e+01 +1.0000e+01 +5.0000e+00 +1.3000e+01 +1.9000e+01 +1.6000e+01 +1.7000e+01 +2.1000e+01 +2.1000e+01 +1.1000e+01 +8.0000e+00 +5.0000e+00 +0.0000e+00 +5.0000e+00 +1.4000e+01
22 +2.383191066e+03 +2.383191066e+03 +2.517661066e+03 +2.517661066e+03 +7.0000e+00 +1.7000e+01 +0.0000e+00 +5.0000e+00 +0.0000e+00 +1.0000e+01 +7.0000e+00 +2.0000e+00 +1.0000e+01 +1.6000e+01 +1.3000e+01 +1.4000e+01 +1.8000e+01 +1.8000e+01 +8.0000e+00 +5.0000e+00 +2.0000e+00 +0.0000e+00 +2.0000e+00 +1.1000e+01
28 +1.476826266e+03 +1.476826266e+03 +1.611296266e+03 +1.611296266e+03 +7.0000e+00 +1.2000e+01 +0.0000e+00 +2.0000e+00 +0.0000e+00 +7.0000e+00 +4.0000e+00 +0.0000e+00 +7.0000e+00 +1.3000e+01 +1.0000e+01 +1.1000e+01 +1.5000e+01 +1.5000e+01 +5.0000e+00 +2.0000e+00 +0.0000e+00 +0.0000e+00 +0.0000e+00 +8.0000e+00
34 +8.421494662e+02 +8.421494662e+02 +9.766194662e+02 +9.766194662e+02 +4.0000e+00 +9.0000e+00 +0.0000e+00 +0.0000e+00 +0.0000e+00 +4.0000e+00 +1.0000e+00 +0.0000e+00 +4.0000e+00 +1.0000e+01 +7.0000e+00 +8.0000e+00 +1.2000e+01 +1.2000e+01 +2.0000e+00 +0.0000e+00 +0.0000e+00 +0.0000e+00 +0.0000e+00 +5.0000e+00
38 +5.499270662e+02 +5.499270662e+02 +6.843970662e+02 +6.843970662e+02 +2.0000e+00 +7.0000e+00 +0.0000e+00 +0.0000e+00 +0.0000e+00 +2.0000e+00 +0.0000e+00 +0.0000e+00 +2.0000e+00 +8.0000e+00 +5.0000e+00 +6.0000e+00 +1.0000e+01 +1.0000e+01 +0.0000e+00 +0.0000e+00 +0.0000e+00 +0.0000e+00 +0.0000e+00 +3.0000e+00
42 +3.962310662e+02 +3.962310662e+02 +5.307010662e+02 +5.307010662e+02 +4.0000e+00 +1.0000e+00 +0.0000e+00 +0.0000e+00 +0.0000e+00 +0.0000e+00 +0.0000e+00 +0.0000e+00 +0.0000e+00 +6.0000e+00 +3.0000e+00 +4.0000e+00 +8.0000e+00 +8.0000e+00 +0.0000e+00 +0.0000e+00 +0.0000e+00 +0.0000e+00 +0.0000e+00 +1.0000e+00
46 +2.464614662e+02 +2.464614662e+02 +3.809314662e+02 +3.809314662e+02 +0.0000e+00 +2.0000e+00 +0.0000e+00 +0.0000e+00 +0.0000e+00 +0.0000e+00 +0.0000e+00 +0.0000e+00 +0.0000e+00 +4.0000e+00 +1.0000e+00 +2.0000e+00 +6.0000e+00 +6.0000e+00 +0.0000e+00 +0.0000e+00 +0.0000e+00 +0.0000e+00 +0.0000e+00 +0.0000e+00
52 +1.561206662e+02 +1.561206662e+02 +2.905906662e+02 +2.905906662e+02 +0.0000e+00 +0.0000e+00 +0.0000e+00 +0.0000e+00 +0.0000e+00 +0.0000e+00 +0.0000e+00 +0.0000e+00 +0.0000e+00 +1.0000e+00 +0.0000e+00 +0.0000e+00 +3.0000e+00 +3.0000e+00 +0.0000e+00 +0.0000e+00 +0.0000e+00 +0.0000e+00 +0.0000e+00 +0.0000e+00
% function evaluation | noise-free fitness - Fopt (4.453500000000e+02) | best noise-free fitness - Fopt | measured fitness | best measured fitness | x1 | x2...
1 +5.028055545e+03 +5.028055545e+03 +5.473405545e+03 +5.473405545e+03 +2.9000e+01 +2.3000e+01 +1.6000e+01 +2.2000e+01 +2.1000e+01 +2.1000e+01 +2.1000e+01 +1.7000e+01 +1.6000e+01 +8.0000e+00 +1.7000e+01 +3.0000e+00 +5.0000e+00 +1.4000e+01 +1.0000e+01 +0.0000e+00 +1.5000e+01 +9.0000e+00 +1.3000e+01 +6.0000e+00
7 +3.512674745e+03 +3.512674745e+03 +3.958024745e+03 +3.958024745e+03 +2.4000e+01 +2.2000e+01 +1.3000e+01 +1.9000e+01 +1.8000e+01 +1.8000e+01 +1.8000e+01 +1.4000e+01 +1.3000e+01 +5.0000e+00 +1.4000e+01 +0.0000e+00 +2.0000e+00 +1.1000e+01 +7.0000e+00 +0.0000e+00 +1.2000e+01 +6.0000e+00 +1.0000e+01 +3.0000e+00
13 +2.327426745e+03 +2.327426745e+03 +2.772776745e+03 +2.772776745e+03 +1.9000e+01 +2.1000e+01 +1.0000e+01 +1.6000e+01 +1.5000e+01 +1.5000e+01 +1.5000e+01 +1.1000e+01 +1.0000e+01 +2.0000e+00 +1.1000e+01 +0.0000e+00 +0.0000e+00 +8.0000e+00 +4.0000e+00 +0.0000e+00 +9.0000e+00 +3.0000e+00 +7.0000e+00 +0.0000e+00
19 +1.443609145e+03 +1.443609145e+03 +1.888959145e+03 +1.888959145e+03 +1.4000e+01 +2.0000e+01 +7.0000e+00 +1.3000e+01 +1.2000e+01 +1.2000e+01 +1.2000e+01 +8.0000e+00 +7.0000e+00 +0.0000e+00 +8.0000e+00 +0.0000e+00 +0.0000e+00 +5.0000e+00 +1.0000e+00 +0.0000e+00 +6.0000e+00 +0.0000e+00 +4.0000e+00 +0.0000e+00
25 +8.775771450e+02 +8.775771450e+02 +1.322927145e+03 +1.322927145e+03 +1.5000e+01 +1.3000e+01 +4.0000e+00 +1.0000e+01 +9.0000e+00 +9.0000e+00 +9.0000e+00 +5.0000e+00 +4.0000e+00 +0.0000e+00 +5.0000e+00 +0.0000e+00 +0.0000e+00 +2.0000e+00 +0.0000e+00 +0.0000e+00 +3.0000e+00 +0.0000e+00 +1.0000e+00 +0.0000e+00
29 +5.596715450e+02 +5.596715450e+02 +1.005021545e+03 +1.005021545e+03 +9.0000e+00 +1.5000e+01 +2.0000e+00 +8.0000e+00 +7.0000e+00 +7.0000e+00 +7.0000e+00 +3.0000e+00 +2.0000e+00 +0.0000e+00 +3.0000e+00 +0.0000e+00 +0.0000e+00 +0.0000e+00 +0.0000e+00 +0.0000e+00 +1.0000e+00 +0.0000e+00 +0.0000e+00 +0.0000e+00
35 +3.899019450e+02 +3.899019450e+02 +8.352519450e+02 +8.352519450e+02 +1.2000e+01 +6.0000e+00 +0.0000e+00 +5.0000e+00 +4.0000e+00 +4.0000e+00 +4.0000e+00 +0.0000e+00 +0.0000e+00 +0.0000e+00 +0.0000e+00 +0.0000e+00 +0.0000e+00 +0.0000e+00 +0.0000e+00 +0.0000e+00 +0.0000e+00 +0.0000e+00 +0.0000e+00 +0.0000e+00
43 +2.316363450e+02 +2.316363450e+02 +6.769863450e+02 +6.769863450e+02 +8.0000e+00 +2.0000e+00 +0.0000e+00 +1.0000e+00 +0.0000e+00 +0.0000e+00 +0.0000e+00 +0.0000e+00 +0.0000e+00 +0.0000e+00 +0.0000e+00 +0.0000e+00 +0.0000e+00 +0.0000e+00 +0.0000e+00 +0.0000e+00 +0.0000e+00 +0.0000e+00 +0.0000e+00 +0.0000e+00
47 +1.214795450e+02 +1.214795450e+02 +5.668295450e+02 +5.668295450e+02 +0.0000e+00 +6.0000e+00 +0.0000e+00 +0.0000e+00 +0.0000e+00 +0.0000e+00 +0.0000e+00 +0.0000e+00 +0.0000e+00 +0.0000e+00 +0.0000e+00 +0.0000e+00 +0.0000e+00 +0.0000e+00 +0.0000e+00 +0.0000e+00 +0.0000e+00 +0.0000e+00 +0.0000e+00 +0.0000e+00
