% function evaluation | noise-free fitness - Fopt (7.948000000000e+01) | best noise-free fitness - Fopt | measured fitness | best measured fitness | x1 | x2...
1 +3.622622070e+03 +3.622622070e+03 +3.702102070e+03 +3.702102070e+03 +1.5000e+01 +7.0000e+00 +2.0000e+00 +2.5000e+01 +2.3000e+01 +2.7000e+01 +1.0000e+00 +2.5000e+01 +2.6000e+01 +4.0000e+00
6 +1.974570870e+03 +1.974570870e+03 +2.054050870e+03 +2.054050870e+03 +1.0000e+01 +7.0000e+00 +1.9000e+01 +6.0000e+00 +2.1000e+01 +6.0000e+00 +2.2000e+01 +0.0000e+00 +1.5000e+01 +4.0000e+00
66 +1.430812470e+03 +1.430812470e+03 +1.510292470e+03 +1.510292470e+03 +0.0000e+00 +1.1000e+01 +1.6000e+01 +3.0000e+00 +1.8000e+01 +3.0000e+00 +1.9000e+01 +0.0000e+00 +1.2000e+01 +1.0000e+00
% function evaluation | noise-free fitness - Fopt (3.944800000000e+02) | best noise-free fitness - Fopt | measured fitness | best measured fitness | x1 | x2...
1 +2.758414575e+03 +2.758414575e+03 +3.152894575e+03 +3.152894575e+03 +0.0000e+00 +0.0000e+00 +1.1000e+01 +2.4000e+01 +8.0000e+00 +1.6000e+01 +1.2000e+01 +2.8000e+01 +9.0000e+00 +2.3000e+01
9 +2.497403375e+03 +2.497403375e+03 +2.891883375e+03 +2.891883375e+03 +1.2000e+01 +8.0000e+00 +5.0000e+00 +1.9000e+01 +3.0000e+01 +0.0000e+00 +1.1000e+01 +2.0000e+00 +3.0000e+00 +2.6000e+01
17 +1.338436975e+03 +1.338436975e+03 +1.732916975e+03 +1.732916975e+03 +8.0000e+00 +2.1000e+01 +1.8000e+01 +0.0000e+00 +4.0000e+00 +5.0000e+00 +7.0000e+00 +1.0000e+00 +3.0000e+00 +2.0000e+00
97 +8.214657754e+02 +8.214657754e+02 +1.215945775e+03 +1.215945775e+03 +4.0000e+00 +1.7000e+01 +1.4000e+01 +0.0000e+00 +0.0000e+00 +1.0000e+00 +3.0000e+00 +0.0000e+00 +0.0000e+00 +0.0000e+00
% function evaluation | noise-free fitness - Fopt (-2.471100000000e+02) | best noise-free fitness - Fopt | measured fitness | best measured fitness | x1 | x2...
1 +2.476178918e+03 +2.476178918e+03 +2.229068918e+03 +2.229068918e+03 +1.4000e+01 +7.0000e+00 +1.7000e+01 +1.6000e+01 +1.5000e+01 +1.6000e+01 +4.0000e+00 +5.0000e+00 +2.2000e+01 +2.1000e+01
34 +1.562359718e+03 +1.562359718e+03 +1.315249718e+03 +1.315249718e+03 +1.0000e+00 +2.3000e+01 +1.9000e+01 +1.5000e+01 +3.0000e+00 +7.0000e+00 +1.3000e+01 +1.0000e+00 +0.0000e+00 +1.3000e+01
94 +9.812285178e+02 +9.812285178e+02 +7.341185178e+02 +7.341185178e+02 +0.0000e+00 +1.8000e+01 +1.6000e+01 +1.2000e+01 +0.0000e+00 +4.0000e+00 +1.0000e+01 +0.0000e+00 +0.0000e+00 +1.0000e+01
% function evaluation | noise-free fitness - Fopt (-1.520400000000e+02) | best noise-free fitness - Fopt | measured fitness | best measured fitness | x1 | x2...
1 +2.749450342e+03 +2.749450342e+03 +2.597410342e+03 +2.597410342e+03 +1.0000e+01 +9.0000e+00 +0.0000e+00 +7.0000e+00 +3.0000e+01 +2.5000e+01 +2.1000e+01 +1.3000e+01 +2.1000e+01 +1.5000e+01
2 +2.033138342e+03 +2.033138342e+03 +1.881098342e+03 +1.881098342e+03 +1.4000e+01 +2.2000e+01 +5.0000e+00 +2.6000e+01 +7.0000e+00 +6.0000e+00 +9.0000e+00 +6.0000e+00 +5.0000e+00 +2.8000e+01
8 +1.038088742e+03 +1.038088742e+03 +8.860487418e+02 +8.860487418e+02 +6.0000e+00 +4.0000e+00 +8.0000e+00 +8.0000e+00 +0.0000e+00 +4.0000e+00 +1.3000e+01 +2.4000e+01 +0.0000e+00 +2.0000e+00
28 +9.064855418e+02 +9.064855418e+02 +7.544455418e+02 +7.544455418e+02 +3.0000e+00 +5.0000e+00 +7.0000e+00 +7.0000e+00 +0.0000e+00 +3.0000e+00 +1.2000e+01 +2.3000e+01 +0.0000e+00 +1.0000e+00
88 +6.168119418e+02 +6.168119418e+02 +4.647719418e+02 +4.647719418e+02 +2.0000e+00 +0.0000e+00 +4.0000e+00 +4.0000e+00 +0.0000e+00 +0.0000e+00 +9.0000e+00 +2.0000e+01 +0.0000e+00 +0.0000e+00
% function evaluation | noise-free fitness - Fopt (-2.525000000000e+01) | best noise-free fitness - Fopt | measured fitness | best measured fitness | x1 | x2...
1 +2.953884543e+03 +2.953884543e+03 +2.928634543e+03 +2.928634543e+03 +1.4000e+01 +2.8000e+01 +2.6000e+01 +1.2000e+01 +2.6000e+01 +1.0000e+01 +1.1000e+01 +3.0000e+00 +8.0000e+00 +1.4000e+01
2 +1.348108543e+03 +1.348108543e+03 +1.322858543e+03 +1.322858543e+03 +1.1000e+01 +1.3000e+01 +6.0000e+00 +1.9000e+01 +6.0000e+00 +1.3000e+01 +1.1000e+01 +1.3000e+01 +5.0000e+00 +4.0000e+00
42 +9.769885434e+02 +9.769885434e+02 +9.517385434e+02 +9.517385434e+02 +9.0000e+00 +1.1000e+01 +4.0000e+00 +1.7000e+01 +4.0000e+00 +1.1000e+01 +9.0000e+00 +1.1000e+01 +3.0000e+00 +2.0000e+00
% function evaluation | noise-free fitness - Fopt (2.230000000000e+00) | best noise-free fitness - Fopt | measured fitness | best measured fitness | x1 | x2...
1 +2.173419806e+03 +2.173419806e+03 +2.175649806e+03 +2.175649806e+03 +2.1000e+01 +7.0000e+00 +2.6000e+01 +0.0000e+00 +4.0000e+00 +1.0000e+01 +0.0000e+00 +1.1000e+01 +2.7000e+01 +0.0000e+00
11 +1.322719006e+03 +1.322719006e+03 +1.324949006e+03 +1.324949006e+03 +1.0000e+01 +1.1000e+01 +2.3000e+01 +5.0000e+00 +1.2000e+01 +1.1000e+01 +6.0000e+00 +1.0000e+01 +4.0000e+00 +0.0000e+00
51 +9.696726061e+02 +9.696726061e+02 +9.719026061e+02 +9.719026061e+02 +8.0000e+00 +9.0000e+00 +2.1000e+01 +3.0000e+00 +1.0000e+01 +9.0000e+00 +4.0000e+00 +8.0000e+00 +2.0000e+00 +0.0000e+00
% function evaluation | noise-free fitness - Fopt (-1.308000000000e+01) | best noise-free fitness - Fopt | measured fitness | best measured fitness | x1 | x2...
1 +2.741472067e+03 +2.741472067e+03 +2.728392067e+03 +2.728392067e+03 +0.0000e+00 +4.0000e+00 +9.0000e+00 +2.8000e+01 +3.0000e+00 +1.3000e+01 +2.1000e+01 +2.3000e+01 +1.3000e+01 +2.2000e+01
3 +2.364232067e+03 +2.364232067e+03 +2.351152067e+03 +2.351152067e+03 +2.2000e+01 +2.5000e+01 +3.0000e+00 +1.9000e+01 +1.5000e+01 +6.0000e+00 +0.0000e+00 +1.4000e+01 +1.5000e+01 +5.0000e+00
15 +1.454524867e+03 +1.454524867e+03 +1.441444867e+03 +1.441444867e+03 +1.8000e+01 +1.3000e+01 +9.0000e+00 +1.5000e+01 +7.0000e+00 +1.1000e+01 +8.0000e+00 +1.8000e+01 +5.0000e+00 +0.0000e+00
95 +8.010352672e+02 +8.010352672e+02 +7.879552672e+02 +7.879552672e+02 +1.7000e+01 +6.0000e+00 +5.0000e+00 +1.1000e+01 +3.0000e+00 +7.0000e+00 +4.0000e+00 +1.4000e+01 +1.0000e+00 +0.0000e+00
% function evaluation | noise-free fitness - Fopt (2.671600000000e+02) | best noise-free fitness - Fopt | measured fitness | best measured fitness | x1 | x2...
1 +3.654796357e+03 +3.654796357e+03 +3.921956357e+03 +3.921956357e+03 +2.8000e+01 +2.3000e+01 +2.4000e+01 +3.0000e+00 +8.0000e+00 +2.7000e+01 +3.0000e+00 +0.0000e+00 +1.5000e+01 +4.0000e+00
4 +1.679485957e+03 +1.679485957e+03 +1.946645957e+03 +1.946645957e+03 +9.0000e+00 +1.0000e+00 +1.5000e+01 +1.0000e+01 +1.5000e+01 +2.2000e+01 +6.0000e+00 +8.0000e+00 +5.0000e+00 +1.3000e+01
24 +1.454596357e+03 +1.454596357e+03 +1.721756357e+03 +1.721756357e+03 +8.0000e+00 +0.0000e+00 +1.4000e+01 +9.0000e+00 +1.4000e+01 +2.1000e+01 +5.0000e+00 +7.0000e+00 +4.0000e+00 +1.2000e+01
84 +9.127483571e+02 +9.127483571e+02 +1.179908357e+03 +1.179908357e+03 +5.0000e+00 +0.0000e+00 +1.1000e+01 +6.0000e+00 +1.1000e+01 +1.8000e+01 +2.0000e+00 +4.0000e+00 +1.0000e+00 +9.0000e+00
% function evaluation | noise-free fitness - Fopt (3.710000000000e+00) | best noise-free fitness - Fopt | measured fitness | best measured fitness | x1 | x2...
1 +3.913001465e+03 +3.913001465e+03 +3.916711465e+03 +3.916711465e+03 +1.8000e+01 +6.0000e+00 +2.8000e+01 +1.6000e+01 +7.0000e+00 +2.2000e+01 +2.2000e+01 +2.0000e+01 +2.8000e+01 +2.3000e+01
2 +2.468255865e+03 +2.468255865e+03 +2.471965865e+03 +2.471965865e+03 +2.6000e+01 +4.0000e+00 +2.5000e+01 +5.0000e+00 +2.1000e+01 +1.9000e+01 +1.2000e+01 +1.4000e+01 +1.4000e+01 +1.0000e+01
5 +1.174630265e+03 +1.174630265e+03 +1.178340265e+03 +1.178340265e+03 +0.0000e+00 +5.0000e+00 +1.7000e+01 +7.0000e+00 +1.7000e+01 +4.0000e+00 +1.2000e+01 +1.6000e+01 +3.0000e+00 +1.0000e+01
45 +8.465918650e+02 +8.465918650e+02 +8.503018650e+02 +8.503018650e+02 +0.0000e+00 +3.0000e+00 +1.5000e+01 +5.0000e+00 +1.5000e+01 +2.0000e+00 +1.0000e+01 +1.4000e+01 +1.0000e+00 +8.0000e+00
85 +5.859838650e+02 +5.859838650e+02 +5.896938650e+02 +5.896938650e+02 +0.0000e+00 +1.0000e+00 +1.3000e+01 +3.0000e+00 +1.3000e+01 +0.0000e+00 +8.0000e+00 +1.2000e+01 +0.0000e+00 +6.0000e+00
% function evaluation | noise-free fitness - Fopt (9.478000000000e+01) | best noise-free fitness - Fopt | measured fitness | best measured fitness | x1 | x2...
1 +3.387188108e+03 +3.387188108e+03 +3.481968108e+03 +3.481968108e+03 +1.3000e+01 +2.9000e+01 +1.0000e+01 +1.1000e+01 +1.6000e+01 +2.2000e+01 +1.1000e+01 +1.7000e+01 +2.7000e+01 +2.4000e+01
2 +2.094039308e+03 +2.094039308e+03 +2.188819308e+03 +2.188819308e+03 +1.0000e+01 +2.0000e+01 +1.0000e+01 +2.0000e+00 +1.0000e+01 +9.0000e+00 +4.0000e+00 +1.5000e+01 +2.8000e+01 +2.5000e+01
6 +1.258887308e+03 +1.258887308e+03 +1.353667308e+03 +1.353667308e+03 +1.4000e+01 +2.0000e+00 +1.5000e+01 +1.2000e+01 +2.3000e+01 +2.0000e+00 +4.0000e+00 +8.0000e+00 +1.4000e+01 +1.4000e+01
46 +9.174441082e+02 +9.174441082e+02 +1.012224108e+03 +1.012224108e+03 +4.0000e+00 +8.0000e+00 +1.3000e+01 +1.0000e+01 +2.1000e+01 +0.0000e+00 +2.0000e+00 +6.0000e+00 +1.2000e+01 +1.2000e+01
% function evaluation | noise-free fitness - Fopt (2.339200000000e+02) | best noise-free fitness - Fopt | measured fitness | best measured fitness | x1 | x2...
1 +3.003579248e+03 +3.003579248e+03 +3.237499248e+03 +3.237499248e+03 +7.0000e+00 +0.0000e+00 +2.9000e+01 +4.0000e+00 +2.0000e+01 +2.3000e+01 +5.0000e+00 +1.5000e+01 +1.1000e+01 +2.8000e+01
11 +1.852630448e+03 +1.852630448e+03 +2.086550448e+03 +2.086550448e+03 +2.0000e+00 +3.0000e+00 +1.1000e+01 +8.0000e+00 +5.0000e+00 +2.9000e+01 +1.7000e+01 +2.0000e+00 +2.4000e+01 +4.0000e+00
51 +1.473537648e+03 +1.473537648e+03 +1.707457648e+03 +1.707457648e+03 +1.0000e+00 +0.0000e+00 +9.0000e+00 +6.0000e+00 +3.0000e+00 +2.7000e+01 +1.5000e+01 +0.0000e+00 +2.2000e+01 +2.0000e+00
% function evaluation | noise-free fitness - Fopt (-6.092000000000e+01) | best noise-free fitness - Fopt | measured fitness | best measured fitness | x1 | x2...
1 +2.860373068e+03 +2.860373068e+03 +2.799453068e+03 +2.799453068e+03 +1.4000e+01 +1.7000e+01 +2.0000e+00 +1.7000e+01 +2.2000e+01 +3.0000e+00 +2.3000e+01 +5.0000e+00 +2.0000e+00 +2.9000e+01
2 +2.325078668e+03 +2.325078668e+03 +2.264158668e+03 +2.264158668e+03 +1.4000e+01 +3.0000e+00 +1.3000e+01 +2.0000e+01 +2.7000e+01 +2.3000e+01 +8.0000e+00 +1.0000e+01 +0.0000e+00 +9.0000e+00
7 +1.195915468e+03 +1.195915468e+03 +1.134995468e+03 +1.134995468e+03 +1.1000e+01 +1.4000e+01 +1.4000e+01 +0.0000e+00 +0.0000e+00 +5.0000e+00 +8.0000e+00 +5.0000e+00 +2.0000e+01 +1.4000e+01
47 +8.883794682e+02 +8.883794682e+02 +8.274594682e+02 +8.274594682e+02 +9.0000e+00 +1.2000e+01 +1.2000e+01 +0.0000e+00 +0.0000e+00 +3.0000e+00 +6.0000e+00 +3.0000e+00 +1.8000e+01 +1.2000e+01
% function evaluation | noise-free fitness - Fopt (-1.948000000000e+01) | best noise-free fitness - Fopt | measured fitness | best measured fitness | x1 | x2...
1 +3.175784750e+03 +3.175784750e+03 +3.156304750e+03 +3.156304750e+03 +1.8000e+01 +1.0000e+00 +2.5000e+01 +1.0000e+00 +2.0000e+01 +2.8000e+01 +2.5000e+01 +1.0000e+00 +6.0000e+00 +1.9000e+01
4 +1.942544750e+03 +1.942544750e+03 +1.923064750e+03 +1.923064750e+03 +3.0000e+00 +2.1000e+01 +2.8000e+01 +6.0000e+00 +4.0000e+00 +2.0000e+00 +9.0000e+00 +1.9000e+01 +1.1000e+01 +1.2000e+01
28 +1.558311150e+03 +1.558311150e+03 +1.538831150e+03 +1.538831150e+03 +0.0000e+00 +6.0000e+00 +6.0000e+00 +1.6000e+01 +1.0000e+00 +3.0000e+00 +0.0000e+00 +2.8000e+01 +2.0000e+01 +0.0000e+00
91 +9.611383501e+02 +9.611383501e+02 +9.416583501e+02 +9.416583501e+02 +1.0000e+00 +2.1000e+01 +0.0000e+00 +8.0000e+00 +1.4000e+01 +1.3000e+01 +0.0000e+00 +0.0000e+00 +9.0000e+00 +1.5000e+01
% function evaluation | noise-free fitness - Fopt (1.344700000000e+02) | best noise-free fitness - Fopt | measured fitness | best measured fitness | x1 | x2...
1 +4.929578060e+03 +4.929578060e+03 +5.064048060e+03 +5.064048060e+03 +2.6000e+01 +3.0000e+01 +2.2000e+01 +1.6000e+01 +2.1000e+01 +0.0000e+00 +1.4000e+01 +1.7000e+01 +2.0000e+01 +2.8000e+01
2 +3.395166860e+03 +3.395166860e+03 +3.529636860e+03 +3.529636860e+03 +1.0000e+01 +2.6000e+01 +6.0000e+00 +2.4000e+01 +2.7000e+01 +1.0000e+00 +8.0000e+00 +4.0000e+00 +9.0000e+00 +2.6000e+01
12 +2.096864460e+03 +2.096864460e+03 +2.231334460e+03 +2.231334460e+03 +2.7000e+01 +1.7000e+01 +1.5000e+01 +7.0000e+00 +2.0000e+00 +1.1000e+01 +1.8000e+01 +6.0000e+00 +2.0000e+00 +1.2000e+01
38 +1.496112460e+03 +1.496112460e+03 +1.630582460e+03 +1.630582460e+03 +1.7000e+01 +1.4000e+01 +2.2000e+01 +5.0000e+00 +1.4000e+01 +3.0000e+00 +0.0000e+00 +0.0000e+00 +0.0000e+00 +8.0000e+00
98 +9.677476595e+02 +9.677476595e+02 +1.102217660e+03 +1.102217660e+03 +1.0000e+01 +1.5000e+01 +1.9000e+01 +2.0000e+00 +1.1000e+01 +0.0000e+00 +0.0000e+00 +0.0000e+00 +0.0000e+00 +5.0000e+00
% function evaluation | noise-free fitness - Fopt (4.453500000000e+02) | best noise-free fitness - Fopt | measured fitness | best measured fitness | x1 | x2...
1 +3.127073505e+03 +3.127073505e+03 +3.572423505e+03 +3.572423505e+03 +1.7000e+01 +3.0000e+00 +2.6000e+01 +8.0000e+00 +1.8000e+01 +3.0000e+01 +1.7000e+01 +2.2000e+01 +4.0000e+00 +1.1000e+01
7 +1.476207905e+03 +1.476207905e+03 +1.921557905e+03 +1.921557905e+03 +4.0000e+00 +2.0000e+00 +3.0000e+00 +2.6000e+01 +1.0000e+00 +5.0000e+00 +1.7000e+01 +1.5000e+01 +1.2000e+01 +2.0000e+00
87 +9.283647053e+02 +9.283647053e+02 +1.373714705e+03 +1.373714705e+03 +0.0000e+00 +0.0000e+00 +0.0000e+00 +2.2000e+01 +0.0000e+00 +1.0000e+00 +1.3000e+01 +1.1000e+01 +8.0000e+00 +0.0000e+00
