% function evaluation | noise-free fitness - Fopt (7.948000000000e+01) | best noise-free fitness - Fopt | measured fitness | best measured fitness | x1 | x2...
1 +6.996828817e+03 +6.996828817e+03 +7.076308817e+03 +7.076308817e+03 +9.0000e+00 +0.0000e+00 +2.5000e+01 +1.0000e+00 +1.7000e+01 +2.9000e+01 +2.9000e+01 +1.1000e+01 +6.0000e+00 +1.1000e+01 +5.0000e+00 +2.8000e+01 +2.2000e+01 +5.0000e+00 +2.1000e+01 +7.0000e+00 +1.0000e+01 +3.0000e+01 +2.2000e+01 +2.7000e+01
2 +5.012270417e+03 +5.012270417e+03 +5.091750417e+03 +5.091750417e+03 +1.9000e+01 +0.0000e+00 +0.0000e+00 +3.0000e+00 +1.4000e+01 +0.0000e+00 +3.0000e+01 +1.8000e+01 +1.1000e+01 +2.1000e+01 +1.7000e+01 +2.2000e+01 +1.0000e+01 +4.0000e+00 +2.2000e+01 +0.0000e+00 +2.0000e+00 +2.0000e+01 +2.1000e+01 +1.6000e+01
20 +3.639262417e+03 +3.639262417e+03 +3.718742417e+03 +3.718742417e+03 +1.6000e+01 +0.0000e+00 +0.0000e+00 +0.0000e+00 +1.1000e+01 +0.0000e+00 +2.7000e+01 +1.5000e+01 +8.0000e+00 +1.8000e+01 +1.4000e+01 +1.9000e+01 +7.0000e+00 +1.0000e+00 +1.9000e+01 +0.0000e+00 +0.0000e+00 +1.7000e+01 +1.8000e+01 +1.3000e+01
44 +2.194691217e+03 +2.194691217e+03 +2.274171217e+03 +2.274171217e+03 +1.2000e+01 +0.0000e+00 +0.0000e+00 +0.0000e+00 +7.0000e+00 +0.0000e+00 +2.3000e+01 +1.1000e+01 +4.0000e+00 +1.4000e+01 +1.0000e+01 +1.5000e+01 +3.0000e+00 +0.0000e+00 +1.5000e+01 +0.0000e+00 +0.0000e+00 +1.3000e+01 +1.4000e+01 +9.0000e+00
62 +1.385142417e+03 +1.385142417e+03 +1.464622417e+03 +1.464622417e+03 +9.0000e+00 +0.0000e+00 +0.0000e+00 +0.0000e+00 +4.0000e+00 +0.0000e+00 +2.0000e+01 +8.0000e+00 +1.0000e+00 +1.1000e+01 +7.0000e+00 +1.2000e+01 +0.0000e+00 +0.0000e+00 +1.2000e+01 +0.0000e+00 +0.0000e+00 +1.0000e+01 +1.1000e+01 +6.0000e+00
74 +9.693728173e+02 +9.693728173e+02 +1.048852817e+03 +1.048852817e+03 +7.0000e+00 +0.0000e+00 +0.0000e+00 +0.0000e+00 +2.0000e+00 +0.0000e+00 +1.8000e+01 +6.0000e+00 +0.0000e+00 +9.0000e+00 +5.0000e+00 +1.0000e+01 +0.0000e+00 +0.0000e+00 +1.0000e+01 +0.0000e+00 +0.0000e+00 +8.0000e+00 +9.0000e+00 +4.0000e+00
92 +5.214928173e+02 +5.214928173e+02 +6.009728173e+02 +6.009728173e+02 +4.0000e+00 +0.0000e+00 +0.0000e+00 +0.0000e+00 +0.0000e+00 +0.0000e+00 +1.5000e+01 +3.0000e+00 +0.0000e+00 +6.0000e+00 +2.0000e+00 +7.0000e+00 +0.0000e+00 +0.0000e+00 +7.0000e+00 +0.0000e+00 +0.0000e+00 +5.0000e+00 +6.0000e+00 +1.0000e+00
104 +3.290048173e+02 +3.290048173e+02 +4.084848173e+02 +4.084848173e+02 +2.0000e+00 +0.0000e+00 +0.0000e+00 +0.0000e+00 +0.0000e+00 +0.0000e+00 +1.3000e+01 +1.0000e+00 +0.0000e+00 +4.0000e+00 +0.0000e+00 +5.0000e+00 +0.0000e+00 +0.0000e+00 +5.0000e+00 +0.0000e+00 +0.0000e+00 +3.0000e+00 +4.0000e+00 +0.0000e+00
116 +2.169744173e+02 +2.169744173e+02 +2.964544173e+02 +2.964544173e+02 +0.0000e+00 +0.0000e+00 +0.0000e+00 +0.0000e+00 +0.0000e+00 +0.0000e+00 +1.1000e+01 +0.0000e+00 +0.0000e+00 +2.0000e+00 +0.0000e+00 +3.0000e+00 +0.0000e+00 +0.0000e+00 +3.0000e+00 +0.0000e+00 +0.0000e+00 +1.0000e+00 +2.0000e+00 +0.0000e+00
134 +1.556416173e+02 +1.556416173e+02 +2.351216173e+02 +2.351216173e+02 +0.0000e+00 +0.0000e+00 +0.0000e+00 +0.0000e+00 +0.0000e+00 +0.0000e+00 +8.0000e+00 +0.0000e+00 +0.0000e+00 +0.0000e+00 +0.0000e+00 +0.0000e+00 +0.0000e+00 +0.0000e+00 +0.0000e+00 +0.0000e+00 +0.0000e+00 +0.0000e+00 +0.0000e+00 +0.0000e+00
148 +8.979841728e+01 +8.979841728e+01 +1.692784173e+02 +1.692784173e+02 +0.0000e+00 +0.0000e+00 +0.0000e+00 +0.0000e+00 +0.0000e+00 +3.0000e+00 +0.0000e+00 +0.0000e+00 +0.0000e+00 +0.0000e+00 +0.0000e+00 +0.0000e+00 +0.0000e+00 +0.0000e+00 +5.0000e+00 +0.0000e+00 +0.0000e+00 +0.0000e+00 +0.0000e+00 +4.0000e+00
% function evaluation | noise-free fitness - Fopt (3.944800000000e+02) | best noise-free fitness - Fopt | measured fitness | best measured fitness | x1 | x2...
1 +6.372928482e+03 +6.372928482e+03 +6.767408482e+03 +6.767408482e+03 +7.0000e+00 +1.0000e+00 +1.6000e+01 +3.0000e+01 +2.1000e+01 +1.4000e+01 +6.0000e+00 +1.6000e+01 +2.0000e+01 +2.3000e+01 +1.4000e+01 +4.0000e+00 +2.2000e+01 +0.0000e+00 +1.3000e+01 +9.0000e+00 +2.3000e+01 +1.8000e+01 +2.2000e+01 +2.6000e+01
2 +5.342058082e+03 +5.342058082e+03 +5.736538082e+03 +5.736538082e+03 +1.1000e+01 +2.9000e+01 +9.0000e+00 +4.0000e+00 +3.0000e+00 +2.0000e+00 +1.6000e+01 +1.5000e+01 +1.6000e+01 +6.0000e+00 +1.5000e+01 +4.0000e+00 +4.0000e+00 +2.9000e+01 +1.9000e+01 +1.5000e+01 +2.6000e+01 +2.2000e+01 +1.3000e+01 +1.1000e+01
17 +3.617488482e+03 +3.617488482e+03 +4.011968482e+03 +4.011968482e+03 +0.0000e+00 +2.6000e+01 +1.0000e+01 +2.2000e+01 +1.1000e+01 +0.0000e+00 +9.0000e+00 +1.3000e+01 +0.0000e+00 +2.0000e+00 +9.0000e+00 +1.8000e+01 +4.0000e+00 +1.8000e+01 +1.0000e+01 +9.0000e+00 +0.0000e+00 +2.5000e+01 +2.0000e+01 +6.0000e+00
41 +2.227162082e+03 +2.227162082e+03 +2.621642082e+03 +2.621642082e+03 +0.0000e+00 +2.2000e+01 +6.0000e+00 +1.8000e+01 +7.0000e+00 +0.0000e+00 +5.0000e+00 +9.0000e+00 +0.0000e+00 +0.0000e+00 +5.0000e+00 +1.4000e+01 +0.0000e+00 +1.4000e+01 +6.0000e+00 +5.0000e+00 +0.0000e+00 +2.1000e+01 +1.6000e+01 +2.0000e+00
59 +1.491630882e+03 +1.491630882e+03 +1.886110882e+03 +1.886110882e+03 +0.0000e+00 +1.9000e+01 +3.0000e+00 +1.5000e+01 +4.0000e+00 +0.0000e+00 +2.0000e+00 +6.0000e+00 +0.0000e+00 +0.0000e+00 +2.0000e+00 +1.1000e+01 +0.0000e+00 +1.1000e+01 +3.0000e+00 +2.0000e+00 +0.0000e+00 +1.8000e+01 +1.3000e+01 +0.0000e+00
77 +9.693412819e+02 +9.693412819e+02 +1.363821282e+03 +1.363821282e+03 +0.0000e+00 +1.6000e+01 +0.0000e+00 +1.2000e+01 +1.0000e+00 +0.0000e+00 +0.0000e+00 +3.0000e+00 +0.0000e+00 +0.0000e+00 +0.0000e+00 +8.0000e+00 +0.0000e+00 +8.0000e+00 +0.0000e+00 +0.0000e+00 +0.0000e+00 +1.5000e+01 +1.0000e+01 +0.0000e+00
95 +6.260676819e+02 +6.260676819e+02 +1.020547682e+03 +1.020547682e+03 +0.0000e+00 +1.3000e+01 +0.0000e+00 +9.0000e+00 +0.0000e+00 +0.0000e+00 +0.0000e+00 +0.0000e+00 +0.0000e+00 +0.0000e+00 +0.0000e+00 +5.0000e+00 +0.0000e+00 +5.0000e+00 +0.0000e+00 +0.0000e+00 +0.0000e+00 +1.2000e+01 +7.0000e+00 +0.0000e+00
109 +3.867108819e+02 +3.867108819e+02 +7.811908819e+02 +7.811908819e+02 +0.0000e+00 +0.0000e+00 +0.0000e+00 +1.2000e+01 +3.0000e+00 +0.0000e+00 +0.0000e+00 +0.0000e+00 +2.0000e+00 +5.0000e+00 +0.0000e+00 +0.0000e+00 +4.0000e+00 +0.0000e+00 +0.0000e+00 +0.0000e+00 +5.0000e+00 +0.0000e+00 +4.0000e+00 +8.0000e+00
121 +2.475396819e+02 +2.475396819e+02 +6.420196819e+02 +6.420196819e+02 +0.0000e+00 +0.0000e+00 +0.0000e+00 +1.0000e+01 +1.0000e+00 +0.0000e+00 +0.0000e+00 +0.0000e+00 +0.0000e+00 +3.0000e+00 +0.0000e+00 +0.0000e+00 +2.0000e+00 +0.0000e+00 +0.0000e+00 +0.0000e+00 +3.0000e+00 +0.0000e+00 +2.0000e+00 +6.0000e+00
139 +1.422900819e+02 +1.422900819e+02 +5.367700819e+02 +5.367700819e+02 +0.0000e+00 +0.0000e+00 +0.0000e+00 +7.0000e+00 +0.0000e+00 +0.0000e+00 +0.0000e+00 +0.0000e+00 +0.0000e+00 +0.0000e+00 +0.0000e+00 +0.0000e+00 +0.0000e+00 +0.0000e+00 +0.0000e+00 +0.0000e+00 +0.0000e+00 +0.0000e+00 +0.0000e+00 +3.0000e+00
% function evaluation | noise-free fitness - Fopt (-2.471100000000e+02) | best noise-free fitness - Fopt | measured fitness | best measured fitness | x1 | x2...
1 +8.445082196e+03 +8.445082196e+03 +8.197972196e+03 +8.197972196e+03 +5.0000e+00 +1.9000e+01 +2.7000e+01 +1.2000e+01 +2.6000e+01 +0.0000e+00 +1.0000e+00 +1.6000e+01 +2.7000e+01 +2.5000e+01 +2.5000e+01 +1.3000e+01 +5.0000e+00 +2.9000e+01 +3.0000e+01 +2.8000e+01 +2.4000e+01 +2.9000e+01 +0.0000e+00 +1.9000e+01
3 +6.141776596e+03 +6.141776596e+03 +5.894666596e+03 +5.894666596e+03 +9.0000e+00 +1.5000e+01 +2.5000e+01 +6.0000e+00 +1.6000e+01 +2.7000e+01 +7.0000e+00 +2.6000e+01 +1.4000e+01 +1.5000e+01 +3.0000e+00 +2.9000e+01 +6.0000e+00 +6.0000e+00 +3.0000e+00 +2.4000e+01 +2.1000e+01 +1.5000e+01 +9.0000e+00 +2.9000e+01
18 +3.594645396e+03 +3.594645396e+03 +3.347535396e+03 +3.347535396e+03 +1.1000e+01 +2.0000e+01 +1.5000e+01 +1.5000e+01 +1.3000e+01 +9.0000e+00 +1.9000e+01 +8.0000e+00 +2.0000e+00 +3.0000e+00 +1.5000e+01 +9.0000e+00 +2.2000e+01 +1.2000e+01 +1.2000e+01 +2.0000e+00 +1.3000e+01 +3.0000e+00 +8.0000e+00 +2.8000e+01
36 +2.400971796e+03 +2.400971796e+03 +2.153861796e+03 +2.153861796e+03 +8.0000e+00 +1.7000e+01 +1.2000e+01 +1.2000e+01 +1.0000e+01 +6.0000e+00 +1.6000e+01 +5.0000e+00 +0.0000e+00 +0.0000e+00 +1.2000e+01 +6.0000e+00 +1.9000e+01 +9.0000e+00 +9.0000e+00 +0.0000e+00 +1.0000e+01 +0.0000e+00 +5.0000e+00 +2.5000e+01
54 +1.503318996e+03 +1.503318996e+03 +1.256208996e+03 +1.256208996e+03 +5.0000e+00 +1.4000e+01 +9.0000e+00 +9.0000e+00 +7.0000e+00 +3.0000e+00 +1.3000e+01 +2.0000e+00 +0.0000e+00 +0.0000e+00 +9.0000e+00 +3.0000e+00 +1.6000e+01 +6.0000e+00 +6.0000e+00 +0.0000e+00 +7.0000e+00 +0.0000e+00 +2.0000e+00 +2.2000e+01
72 +8.950421958e+02 +8.950421958e+02 +6.479321958e+02 +6.479321958e+02 +2.0000e+00 +1.1000e+01 +6.0000e+00 +6.0000e+00 +4.0000e+00 +0.0000e+00 +1.0000e+01 +0.0000e+00 +0.0000e+00 +0.0000e+00 +6.0000e+00 +0.0000e+00 +1.3000e+01 +3.0000e+00 +3.0000e+00 +0.0000e+00 +4.0000e+00 +0.0000e+00 +0.0000e+00 +1.9000e+01
84 +6.165525958e+02 +6.165525958e+02 +3.694425958e+02 +3.694425958e+02 +0.0000e+00 +9.0000e+00 +4.0000e+00 +4.0000e+00 +2.0000e+00 +0.0000e+00 +8.0000e+00 +0.0000e+00 +0.0000e+00 +0.0000e+00 +4.0000e+00 +0.0000e+00 +1.1000e+01 +1.0000e+00 +1.0000e+00 +0.0000e+00 +2.0000e+00 +0.0000e+00 +0.0000e+00 +1.7000e+01
102 +3.635093958e+02 +3.635093958e+02 +1.163993958e+02 +1.163993958e+02 +0.0000e+00 +6.0000e+00 +1.0000e+00 +1.0000e+00 +0.0000e+00 +0.0000e+00 +5.0000e+00 +0.0000e+00 +0.0000e+00 +0.0000e+00 +1.0000e+00 +0.0000e+00 +8.0000e+00 +0.0000e+00 +0.0000e+00 +0.0000e+00 +0.0000e+00 +0.0000e+00 +0.0000e+00 +1.4000e+01
120 +2.335877958e+02 +2.335877958e+02 -1.352220416e+01 -1.352220416e+01 +0.0000e+00 +3.0000e+00 +0.0000e+00 +0.0000e+00 +0.0000e+00 +0.0000e+00 +2.0000e+00 +0.0000e+00 +0.0000e+00 +0.0000e+00 +0.0000e+00 +0.0000e+00 +5.0000e+00 +0.0000e+00 +0.0000e+00 +0.0000e+00 +0.0000e+00 +0.0000e+00 +0.0000e+00 +1.1000e+01
149 +1.516869958e+02 +1.516869958e+02 -9.542300416e+01 -9.542300416e+01 +0.0000e+00 +0.0000e+00 +0.0000e+00 +1.0000e+00 +0.0000e+00 +0.0000e+00 +0.0000e+00 +0.0000e+00 +0.0000e+00 +0.0000e+00 +0.0000e+00 +0.0000e+00 +0.0000e+00 +0.0000e+00 +0.0000e+00 +0.0000e+00 +0.0000e+00 +4.0000e+00 +0.0000e+00 +2.0000e+00
% function evaluation | noise-free fitness - Fopt (-1.520400000000e+02) | best noise-free fitness - Fopt | measured fitness | best measured fitness | x1 | x2...
1 +4.517810435e+03 +4.517810435e+03 +4.365770435e+03 +4.365770435e+03 +0.0000e+00 +1.6000e+01 +0.0000e+00 +2.8000e+01 +2.7000e+01 +3.0000e+00 +1.4000e+01 +4.0000e+00 +1.0000e+01 +1.2000e+01 +7.0000e+00 +1.6000e+01 +4.0000e+00 +3.0000e+01 +2.4000e+01 +1.5000e+01 +1.7000e+01 +1.7000e+01 +1.6000e+01 +2.0000e+00
11 +3.627512835e+03 +3.627512835e+03 +3.475472835e+03 +3.475472835e+03 +8.0000e+00 +1.1000e+01 +1.8000e+01 +1.7000e+01 +1.0000e+01 +1.1000e+01 +1.1000e+01 +1.5000e+01 +7.0000e+00 +1.4000e+01 +0.0000e+00 +1.4000e+01 +1.0000e+00 +1.6000e+01 +1.1000e+01 +1.7000e+01 +0.0000e+00 +2.6000e+01 +9.0000e+00 +2.7000e+01
29 +2.398650435e+03 +2.398650435e+03 +2.246610435e+03 +2.246610435e+03 +5.0000e+00 +8.0000e+00 +1.5000e+01 +1.4000e+01 +7.0000e+00 +8.0000e+00 +8.0000e+00 +1.2000e+01 +4.0000e+00 +1.1000e+01 +0.0000e+00 +1.1000e+01 +0.0000e+00 +1.3000e+01 +8.0000e+00 +1.4000e+01 +0.0000e+00 +2.3000e+01 +6.0000e+00 +2.4000e+01
47 +1.484605635e+03 +1.484605635e+03 +1.332565635e+03 +1.332565635e+03 +2.0000e+00 +5.0000e+00 +1.2000e+01 +1.1000e+01 +4.0000e+00 +5.0000e+00 +5.0000e+00 +9.0000e+00 +1.0000e+00 +8.0000e+00 +0.0000e+00 +8.0000e+00 +0.0000e+00 +1.0000e+01 +5.0000e+00 +1.1000e+01 +0.0000e+00 +2.0000e+01 +3.0000e+00 +2.1000e+01
65 +8.660952352e+02 +8.660952352e+02 +7.140552352e+02 +7.140552352e+02 +0.0000e+00 +2.0000e+00 +9.0000e+00 +8.0000e+00 +1.0000e+00 +2.0000e+00 +2.0000e+00 +6.0000e+00 +0.0000e+00 +5.0000e+00 +0.0000e+00 +5.0000e+00 +0.0000e+00 +7.0000e+00 +2.0000e+00 +8.0000e+00 +0.0000e+00 +1.7000e+01 +0.0000e+00 +1.8000e+01
77 +5.974184352e+02 +5.974184352e+02 +4.453784352e+02 +4.453784352e+02 +0.0000e+00 +0.0000e+00 +7.0000e+00 +6.0000e+00 +0.0000e+00 +0.0000e+00 +0.0000e+00 +4.0000e+00 +0.0000e+00 +3.0000e+00 +0.0000e+00 +3.0000e+00 +0.0000e+00 +5.0000e+00 +0.0000e+00 +6.0000e+00 +0.0000e+00 +1.5000e+01 +0.0000e+00 +1.6000e+01
95 +3.417656352e+02 +3.417656352e+02 +1.897256352e+02 +1.897256352e+02 +0.0000e+00 +0.0000e+00 +4.0000e+00 +3.0000e+00 +0.0000e+00 +0.0000e+00 +0.0000e+00 +1.0000e+00 +0.0000e+00 +0.0000e+00 +0.0000e+00 +0.0000e+00 +0.0000e+00 +2.0000e+00 +0.0000e+00 +3.0000e+00 +0.0000e+00 +1.2000e+01 +0.0000e+00 +1.3000e+01
107 +2.503752352e+02 +2.503752352e+02 +9.833523520e+01 +9.833523520e+01 +0.0000e+00 +0.0000e+00 +2.0000e+00 +1.0000e+00 +0.0000e+00 +0.0000e+00 +0.0000e+00 +0.0000e+00 +0.0000e+00 +0.0000e+00 +0.0000e+00 +0.0000e+00 +0.0000e+00 +0.0000e+00 +0.0000e+00 +1.0000e+00 +0.0000e+00 +1.0000e+01 +0.0000e+00 +1.1000e+01
125 +1.552456352e+02 +1.552456352e+02 +3.205635200e+00 +3.205635200e+00 +0.0000e+00 +0.0000e+00 +0.0000e+00 +0.0000e+00 +0.0000e+00 +0.0000e+00 +0.0000e+00 +0.0000e+00 +0.0000e+00 +0.0000e+00 +0.0000e+00 +0.0000e+00 +0.0000e+00 +0.0000e+00 +0.0000e+00 +0.0000e+00 +0.0000e+00 +7.0000e+00 +0.0000e+00 +8.0000e+00
139 +9.325363520e+01 +9.325363520e+01 -5.878636480e+01 -5.878636480e+01 +0.0000e+00 +0.0000e+00 +0.0000e+00 +5.0000e+00 +4.0000e+00 +0.0000e+00 +0.0000e+00 +0.0000e+00 +0.0000e+00 +0.0000e+00 +0.0000e+00 +0.0000e+00 +0.0000e+00 +7.0000e+00 +1.0000e+00 +0.0000e+00 +0.0000e+00 +0.0000e+00 +0.0000e+00 +0.0000e+00
% function evaluation | noise-free fitness - Fopt (-2.525000000000e+01) | best noise-free fitness - Fopt | measured fitness | best measured fitness | x1 | x2...
1 +7.923185228e+03 +7.923185228e+03 +7.897935228e+03 +7.897935228e+03 +0.0000e+00 +1.0000e+00 +1.8000e+01 +1.0000e+01 +1.8000e+01 +2.7000e+01 +3.0000e+01 +3.0000e+01 +9.0000e+00 +3.0000e+01 +1.7000e+01 +6.0000e+00 +0.0000e+00 +6.0000e+00 +2.0000e+00 +1.5000e+01 +9.0000e+00 +3.0000e+01 +2.7000e+01 +3.0000e+01
3 +6.118977228e+03 +6.118977228e+03 +6.093727228e+03 +6.093727228e+03 +1.0000e+00 +2.0000e+01 +2.7000e+01 +1.9000e+01 +2.8000e+01 +8.0000e+00 +2.1000e+01 +1.1000e+01 +5.0000e+00 +1.7000e+01 +1.8000e+01 +1.5000e+01 +1.8000e+01 +1.0000e+00 +2.0000e+01 +2.7000e+01 +1.8000e+01 +0.0000e+00 +1.3000e+01 +1.6000e+01
27 +3.962108428e+03 +3.962108428e+03 +3.936858428e+03 +3.936858428e+03 +0.0000e+00 +1.6000e+01 +2.3000e+01 +1.5000e+01 +2.4000e+01 +4.0000e+00 +1.7000e+01 +7.0000e+00 +1.0000e+00 +1.3000e+01 +1.4000e+01 +1.1000e+01 +1.4000e+01 +0.0000e+00 +1.6000e+01 +2.3000e+01 +1.4000e+01 +0.0000e+00 +9.0000e+00 +1.2000e+01
51 +2.327049228e+03 +2.327049228e+03 +2.301799228e+03 +2.301799228e+03 +0.0000e+00 +1.2000e+01 +1.9000e+01 +1.1000e+01 +2.0000e+01 +0.0000e+00 +1.3000e+01 +3.0000e+00 +0.0000e+00 +9.0000e+00 +1.0000e+01 +7.0000e+00 +1.0000e+01 +0.0000e+00 +1.2000e+01 +1.9000e+01 +1.0000e+01 +0.0000e+00 +5.0000e+00 +8.0000e+00
69 +1.427145228e+03 +1.427145228e+03 +1.401895228e+03 +1.401895228e+03 +0.0000e+00 +9.0000e+00 +1.6000e+01 +8.0000e+00 +1.7000e+01 +0.0000e+00 +1.0000e+01 +0.0000e+00 +0.0000e+00 +6.0000e+00 +7.0000e+00 +4.0000e+00 +7.0000e+00 +0.0000e+00 +9.0000e+00 +1.6000e+01 +7.0000e+00 +0.0000e+00 +2.0000e+00 +5.0000e+00
81 +9.804700282e+02 +9.804700282e+02 +9.552200282e+02 +9.552200282e+02 +0.0000e+00 +7.0000e+00 +1.4000e+01 +6.0000e+00 +1.5000e+01 +0.0000e+00 +8.0000e+00 +0.0000e+00 +0.0000e+00 +4.0000e+00 +5.0000e+00 +2.0000e+00 +5.0000e+00 +0.0000e+00 +7.0000e+00 +1.4000e+01 +5.0000e+00 +0.0000e+00 +0.0000e+00 +3.0000e+00
99 +5.060524282e+02 +5.060524282e+02 +4.808024282e+02 +4.808024282e+02 +0.0000e+00 +4.0000e+00 +1.1000e+01 +3.0000e+00 +1.2000e+01 +0.0000e+00 +5.0000e+00 +0.0000e+00 +0.0000e+00 +1.0000e+00 +2.0000e+00 +0.0000e+00 +2.0000e+00 +0.0000e+00 +4.0000e+00 +1.1000e+01 +2.0000e+00 +0.0000e+00 +0.0000e+00 +0.0000e+00
105 +3.970636282e+02 +3.970636282e+02 +3.718136282e+02 +3.718136282e+02 +0.0000e+00 +3.0000e+00 +1.0000e+01 +2.0000e+00 +1.1000e+01 +0.0000e+00 +4.0000e+00 +0.0000e+00 +0.0000e+00 +0.0000e+00 +1.0000e+00 +0.0000e+00 +1.0000e+00 +0.0000e+00 +3.0000e+00 +1.0000e+01 +1.0000e+00 +0.0000e+00 +0.0000e+00 +0.0000e+00
117 +2.498956282e+02 +2.498956282e+02 +2.246456282e+02 +2.246456282e+02 +0.0000e+00 +1.0000e+00 +8.0000e+00 +0.0000e+00 +9.0000e+00 +0.0000e+00 +2.0000e+00 +0.0000e+00 +0.0000e+00 +0.0000e+00 +0.0000e+00 +0.0000e+00 +0.0000e+00 +0.0000e+00 +1.0000e+00 +8.0000e+00 +0.0000e+00 +0.0000e+00 +0.0000e+00 +0.0000e+00
135 +1.294844282e+02 +1.294844282e+02 +1.042344282e+02 +1.042344282e+02 +0.0000e+00 +0.0000e+00 +5.0000e+00 +0.0000e+00 +6.0000e+00 +0.0000e+00 +0.0000e+00 +0.0000e+00 +0.0000e+00 +0.0000e+00 +0.0000e+00 +0.0000e+00 +0.0000e+00 +0.0000e+00 +0.0000e+00 +5.0000e+00 +0.0000e+00 +0.0000e+00 +0.0000e+00 +0.0000e+00
147 +8.624282816e+01 +8.624282816e+01 +6.099282816e+01 +6.099282816e+01 +0.0000e+00 +0.0000e+00 +3.0000e+00 +0.0000e+00 +4.0000e+00 +0.0000e+00 +0.0000e+00 +0.0000e+00 +0.0000e+00 +0.0000e+00 +0.0000e+00 +0.0000e+00 +0.0000e+00 +0.0000e+00 +0.0000e+00 +3.0000e+00 +0.0000e+00 +0.0000e+00 +0.0000e+00 +0.0000e+00
167 +6.203002816e+01 +6.203002816e+01 +3.678002816e+01 +3.678002816e+01 +3.0000e+00 +0.0000e+00 +0.0000e+00 +0.0000e+00 +0.0000e+00 +0.0000e+00 +0.0000e+00 +0.0000e+00 +0.0000e+00 +0.0000e+00 +0.0000e+00 +0.0000e+00 +0.0000e+00 +0.0000e+00 +0.0000e+00 +2.0000e+00 +0.0000e+00 +0.0000e+00 +0.0000e+00 +0.0000e+00
% function evaluation | noise-free fitness - Fopt (2.230000000000e+00) | best noise-free fitness - Fopt | measured fitness | best measured fitness | x1 | x2...
1 +6.566524983e+03 +6.566524983e+03 +6.568754983e+03 +6.568754983e+03 +6.0000e+00 +1.0000e+01 +2.1000e+01 +9.0000e+00 +7.0000e+00 +1.8000e+01 +2.1000e+01 +1.5000e+01 +2.2000e+01 +2.1000e+01 +1.8000e+01 +1.9000e+01 +0.0000e+00 +2.0000e+01 +2.9000e+01 +2.0000e+01 +0.0000e+00 +1.2000e+01 +2.8000e+01 +9.0000e+00
2 +5.744848183e+03 +5.744848183e+03 +5.747078183e+03 +5.747078183e+03 +6.0000e+00 +1.5000e+01 +5.0000e+00 +1.0000e+01 +2.5000e+01 +1.3000e+01 +2.4000e+01 +7.0000e+00 +1.8000e+01 +1.7000e+01 +4.0000e+00 +3.0000e+01 +1.2000e+01 +2.0000e+01 +1.1000e+01 +2.4000e+01 +1.7000e+01 +2.2000e+01 +1.0000e+00 +9.0000e+00
9 +3.974040183e+03 +3.974040183e+03 +3.976270183e+03 +3.976270183e+03 +2.6000e+01 +1.6000e+01 +2.5000e+01 +2.0000e+01 +2.0000e+01 +4.0000e+00 +0.0000e+00 +9.0000e+00 +0.0000e+00 +1.2000e+01 +2.1000e+01 +1.7000e+01 +1.1000e+01 +2.0000e+00 +3.0000e+00 +8.0000e+00 +4.0000e+00 +2.1000e+01 +0.0000e+00 +3.0000e+00
33 +2.445632183e+03 +2.445632183e+03 +2.447862183e+03 +2.447862183e+03 +2.2000e+01 +1.2000e+01 +2.1000e+01 +1.6000e+01 +1.6000e+01 +0.0000e+00 +0.0000e+00 +5.0000e+00 +0.0000e+00 +8.0000e+00 +1.7000e+01 +1.3000e+01 +7.0000e+00 +0.0000e+00 +0.0000e+00 +4.0000e+00 +0.0000e+00 +1.7000e+01 +0.0000e+00 +0.0000e+00
57 +1.366713783e+03 +1.366713783e+03 +1.368943783e+03 +1.368943783e+03 +1.8000e+01 +8.0000e+00 +1.7000e+01 +1.2000e+01 +1.2000e+01 +0.0000e+00 +0.0000e+00 +1.0000e+00 +0.0000e+00 +4.0000e+00 +1.3000e+01 +9.0000e+00 +3.0000e+00 +0.0000e+00 +0.0000e+00 +0.0000e+00 +0.0000e+00 +1.3000e+01 +0.0000e+00 +0.0000e+00
69 +9.871905830e+02 +9.871905830e+02 +9.894205830e+02 +9.894205830e+02 +1.6000e+01 +6.0000e+00 +1.5000e+01 +1.0000e+01 +1.0000e+01 +0.0000e+00 +0.0000e+00 +0.0000e+00 +0.0000e+00 +2.0000e+00 +1.1000e+01 +7.0000e+00 +1.0000e+00 +0.0000e+00 +0.0000e+00 +0.0000e+00 +0.0000e+00 +1.1000e+01 +0.0000e+00 +0.0000e+00
87 +5.632065830e+02 +5.632065830e+02 +5.654365830e+02 +5.654365830e+02 +1.3000e+01 +3.0000e+00 +1.2000e+01 +7.0000e+00 +7.0000e+00 +0.0000e+00 +0.0000e+00 +0.0000e+00 +0.0000e+00 +0.0000e+00 +8.0000e+00 +4.0000e+00 +0.0000e+00 +0.0000e+00 +0.0000e+00 +0.0000e+00 +0.0000e+00 +8.0000e+00 +0.0000e+00 +0.0000e+00
99 +3.586753830e+02 +3.586753830e+02 +3.609053830e+02 +3.609053830e+02 +1.1000e+01 +1.0000e+00 +1.0000e+01 +5.0000e+00 +5.0000e+00 +0.0000e+00 +0.0000e+00 +0.0000e+00 +0.0000e+00 +0.0000e+00 +6.0000e+00 +2.0000e+00 +0.0000e+00 +0.0000e+00 +0.0000e+00 +0.0000e+00 +0.0000e+00 +6.0000e+00 +0.0000e+00 +0.0000e+00
111 +2.218545830e+02 +2.218545830e+02 +2.240845830e+02 +2.240845830e+02 +9.0000e+00 +0.0000e+00 +8.0000e+00 +3.0000e+00 +3.0000e+00 +0.0000e+00 +0.0000e+00 +0.0000e+00 +0.0000e+00 +0.0000e+00 +4.0000e+00 +0.0000e+00 +0.0000e+00 +0.0000e+00 +0.0000e+00 +0.0000e+00 +0.0000e+00 +4.0000e+00 +0.0000e+00 +0.0000e+00
123 +1.450353830e+02 +1.450353830e+02 +1.472653830e+02 +1.472653830e+02 +7.0000e+00 +0.0000e+00 +6.0000e+00 +1.0000e+00 +1.0000e+00 +0.0000e+00 +0.0000e+00 +0.0000e+00 +0.0000e+00 +0.0000e+00 +2.0000e+00 +0.0000e+00 +0.0000e+00 +0.0000e+00 +0.0000e+00 +0.0000e+00 +0.0000e+00 +2.0000e+00 +0.0000e+00 +0.0000e+00
147 +9.815218304e+01 +9.815218304e+01 +1.003821830e+02 +1.003821830e+02 +3.0000e+00 +0.0000e+00 +2.0000e+00 +0.0000e+00 +0.0000e+00 +0.0000e+00 +0.0000e+00 +0.0000e+00 +0.0000e+00 +0.0000e+00 +0.0000e+00 +0.0000e+00 +0.0000e+00 +0.0000e+00 +0.0000e+00 +0.0000e+00 +0.0000e+00 +0.0000e+00 +0.0000e+00 +0.0000e+00
% function evaluation | noise-free fitness - Fopt (-1.308000000000e+01) | best noise-free fitness - Fopt | measured fitness | best measured fitness | x1 | x2...
1 +5.604776147e+03 +5.604776147e+03 +5.591696147e+03 +5.591696147e+03 +1.0000e+00 +1.1000e+01 +2.8000e+01 +5.0000e+00 +4.0000e+00 +2.0000e+01 +2.6000e+01 +1.5000e+01 +3.0000e+00 +2.1000e+01 +0.0000e+00 +2.0000e+00 +2.6000e+01 +1.7000e+01 +2.0000e+01 +3.0000e+01 +1.2000e+01 +1.3000e+01 +1.6000e+01 +6.0000e+00
16 +3.743929747e+03 +3.743929747e+03 +3.730849747e+03 +3.730849747e+03 +1.0000e+01 +2.4000e+01 +1.0000e+01 +1.2000e+01 +2.0000e+00 +9.0000e+00 +2.7000e+01 +2.0000e+00 +0.0000e+00 +1.6000e+01 +2.0000e+00 +7.0000e+00 +1.1000e+01 +4.0000e+00 +5.0000e+00 +1.0000e+01 +1.5000e+01 +2.2000e+01 +2.1000e+01 +1.9000e+01
40 +2.349404947e+03 +2.349404947e+03 +2.336324947e+03 +2.336324947e+03 +4.0000e+00 +4.0000e+00 +1.4000e+01 +9.0000e+00 +8.0000e+00 +4.0000e+00 +2.1000e+01 +2.0000e+00 +4.0000e+00 +1.4000e+01 +1.0000e+00 +7.0000e+00 +6.0000e+00 +1.6000e+01 +9.0000e+00 +2.0000e+00 +1.0000e+01 +1.9000e+01 +2.1000e+01 +1.1000e+01
58 +1.426433747e+03 +1.426433747e+03 +1.413353747e+03 +1.413353747e+03 +1.0000e+00 +1.0000e+00 +1.1000e+01 +6.0000e+00 +5.0000e+00 +1.0000e+00 +1.8000e+01 +0.0000e+00 +1.0000e+00 +1.1000e+01 +0.0000e+00 +4.0000e+00 +3.0000e+00 +1.3000e+01 +6.0000e+00 +0.0000e+00 +7.0000e+00 +1.6000e+01 +1.8000e+01 +8.0000e+00
70 +9.996913466e+02 +9.996913466e+02 +9.866113466e+02 +9.866113466e+02 +0.0000e+00 +0.0000e+00 +9.0000e+00 +4.0000e+00 +3.0000e+00 +0.0000e+00 +1.6000e+01 +0.0000e+00 +0.0000e+00 +9.0000e+00 +0.0000e+00 +2.0000e+00 +1.0000e+00 +1.1000e+01 +4.0000e+00 +0.0000e+00 +5.0000e+00 +1.4000e+01 +1.6000e+01 +6.0000e+00
88 +5.636705466e+02 +5.636705466e+02 +5.505905466e+02 +5.505905466e+02 +0.0000e+00 +0.0000e+00 +6.0000e+00 +1.0000e+00 +0.0000e+00 +0.0000e+00 +1.3000e+01 +0.0000e+00 +0.0000e+00 +6.0000e+00 +0.0000e+00 +0.0000e+00 +0.0000e+00 +8.0000e+00 +1.0000e+00 +0.0000e+00 +2.0000e+00 +1.1000e+01 +1.3000e+01 +3.0000e+00
100 +3.824641466e+02 +3.824641466e+02 +3.693841466e+02 +3.693841466e+02 +0.0000e+00 +0.0000e+00 +4.0000e+00 +0.0000e+00 +0.0000e+00 +0.0000e+00 +1.1000e+01 +0.0000e+00 +0.0000e+00 +4.0000e+00 +0.0000e+00 +0.0000e+00 +0.0000e+00 +6.0000e+00 +0.0000e+00 +0.0000e+00 +0.0000e+00 +9.0000e+00 +1.1000e+01 +1.0000e+00
112 +2.501969466e+02 +2.501969466e+02 +2.371169466e+02 +2.371169466e+02 +0.0000e+00 +0.0000e+00 +2.0000e+00 +0.0000e+00 +0.0000e+00 +0.0000e+00 +9.0000e+00 +0.0000e+00 +0.0000e+00 +2.0000e+00 +0.0000e+00 +0.0000e+00 +0.0000e+00 +4.0000e+00 +0.0000e+00 +0.0000e+00 +0.0000e+00 +7.0000e+00 +9.0000e+00 +0.0000e+00
127 +1.292529466e+02 +1.292529466e+02 +1.161729466e+02 +1.161729466e+02 +0.0000e+00 +0.0000e+00 +8.0000e+00 +0.0000e+00 +1.0000e+00 +0.0000e+00 +6.0000e+00 +0.0000e+00 +0.0000e+00 +0.0000e+00 +0.0000e+00 +0.0000e+00 +6.0000e+00 +0.0000e+00 +0.0000e+00 +0.0000e+00 +0.0000e+00 +0.0000e+00 +0.0000e+00 +0.0000e+00
139 +8.408654656e+01 +8.408654656e+01 +7.100654656e+01 +7.100654656e+01 +0.0000e+00 +0.0000e+00 +6.0000e+00 +0.0000e+00 +0.0000e+00 +0.0000e+00 +4.0000e+00 +0.0000e+00 +0.0000e+00 +0.0000e+00 +0.0000e+00 +0.0000e+00 +4.0000e+00 +0.0000e+00 +0.0000e+00 +0.0000e+00 +0.0000e+00 +0.0000e+00 +0.0000e+00 +0.0000e+00
% function evaluation | noise-free fitness - Fopt (2.671600000000e+02) | best noise-free fitness - Fopt | measured fitness | best measured fitness | x1 | x2...
1 +7.204780984e+03 +7.204780984e+03 +7.471940984e+03 +7.471940984e+03 +2.9000e+01 +1.5000e+01 +3.0000e+00 +2.0000e+01 +3.0000e+01 +8.0000e+00 +2.6000e+01 +7.0000e+00 +2.5000e+01 +1.3000e+01 +6.0000e+00 +0.0000e+00 +1.8000e+01 +1.8000e+01 +2.6000e+01 +0.0000e+00 +6.0000e+00 +2.3000e+01 +2.7000e+01 +6.0000e+00
2 +5.871708984e+03 +5.871708984e+03 +6.138868984e+03 +6.138868984e+03 +3.0000e+01 +1.2000e+01 +1.0000e+00 +6.0000e+00 +2.5000e+01 +1.9000e+01 +1.9000e+01 +9.0000e+00 +1.3000e+01 +1.3000e+01 +0.0000e+00 +8.0000e+00 +1.3000e+01 +1.7000e+01 +2.4000e+01 +1.2000e+01 +1.3000e+01 +9.0000e+00 +1.4000e+01 +2.7000e+01
26 +3.779598584e+03 +3.779598584e+03 +4.046758584e+03 +4.046758584e+03 +2.6000e+01 +8.0000e+00 +0.0000e+00 +2.0000e+00 +2.1000e+01 +1.5000e+01 +1.5000e+01 +5.0000e+00 +9.0000e+00 +9.0000e+00 +0.0000e+00 +4.0000e+00 +9.0000e+00 +1.3000e+01 +2.0000e+01 +8.0000e+00 +9.0000e+00 +5.0000e+00 +1.0000e+01 +2.3000e+01
50 +2.274929784e+03 +2.274929784e+03 +2.542089784e+03 +2.542089784e+03 +2.2000e+01 +4.0000e+00 +0.0000e+00 +0.0000e+00 +1.7000e+01 +1.1000e+01 +1.1000e+01 +1.0000e+00 +5.0000e+00 +5.0000e+00 +0.0000e+00 +0.0000e+00 +5.0000e+00 +9.0000e+00 +1.6000e+01 +4.0000e+00 +5.0000e+00 +1.0000e+00 +6.0000e+00 +1.9000e+01
68 +1.491086584e+03 +1.491086584e+03 +1.758246584e+03 +1.758246584e+03 +1.9000e+01 +1.0000e+00 +0.0000e+00 +0.0000e+00 +1.4000e+01 +8.0000e+00 +8.0000e+00 +0.0000e+00 +2.0000e+00 +2.0000e+00 +0.0000e+00 +0.0000e+00 +2.0000e+00 +6.0000e+00 +1.3000e+01 +1.0000e+00 +2.0000e+00 +0.0000e+00 +3.0000e+00 +1.6000e+01
86 +9.650017843e+02 +9.650017843e+02 +1.232161784e+03 +1.232161784e+03 +1.6000e+01 +0.0000e+00 +0.0000e+00 +0.0000e+00 +1.1000e+01 +5.0000e+00 +5.0000e+00 +0.0000e+00 +0.0000e+00 +0.0000e+00 +0.0000e+00 +0.0000e+00 +0.0000e+00 +3.0000e+00 +1.0000e+01 +0.0000e+00 +0.0000e+00 +0.0000e+00 +0.0000e+00 +1.3000e+01
104 +6.051409843e+02 +6.051409843e+02 +8.723009843e+02 +8.723009843e+02 +1.3000e+01 +0.0000e+00 +0.0000e+00 +0.0000e+00 +8.0000e+00 +2.0000e+00 +2.0000e+00 +0.0000e+00 +0.0000e+00 +0.0000e+00 +0.0000e+00 +0.0000e+00 +0.0000e+00 +0.0000e+00 +7.0000e+00 +0.0000e+00 +0.0000e+00 +0.0000e+00 +0.0000e+00 +1.0000e+01
122 +3.739121843e+02 +3.739121843e+02 +6.410721843e+02 +6.410721843e+02 +1.0000e+01 +0.0000e+00 +0.0000e+00 +0.0000e+00 +5.0000e+00 +0.0000e+00 +0.0000e+00 +0.0000e+00 +0.0000e+00 +0.0000e+00 +0.0000e+00 +0.0000e+00 +0.0000e+00 +0.0000e+00 +4.0000e+00 +0.0000e+00 +0.0000e+00 +0.0000e+00 +0.0000e+00 +7.0000e+00
139 +2.366017843e+02 +2.366017843e+02 +5.037617843e+02 +5.037617843e+02 +6.0000e+00 +0.0000e+00 +0.0000e+00 +0.0000e+00 +7.0000e+00 +0.0000e+00 +3.0000e+00 +0.0000e+00 +2.0000e+00 +0.0000e+00 +0.0000e+00 +0.0000e+00 +0.0000e+00 +0.0000e+00 +3.0000e+00 +0.0000e+00 +0.0000e+00 +0.0000e+00 +4.0000e+00 +0.0000e+00
151 +1.425025843e+02 +1.425025843e+02 +4.096625843e+02 +4.096625843e+02 +4.0000e+00 +0.0000e+00 +0.0000e+00 +0.0000e+00 +5.0000e+00 +0.0000e+00 +1.0000e+00 +0.0000e+00 +0.0000e+00 +0.0000e+00 +0.0000e+00 +0.0000e+00 +0.0000e+00 +0.0000e+00 +1.0000e+00 +0.0000e+00 +0.0000e+00 +0.0000e+00 +2.0000e+00 +0.0000e+00
175 +9.810578432e+01 +9.810578432e+01 +3.652657843e+02 +3.652657843e+02 +0.0000e+00 +0.0000e+00 +0.0000e+00 +0.0000e+00 +1.0000e+00 +0.0000e+00 +0.0000e+00 +0.0000e+00 +0.0000e+00 +0.0000e+00 +0.0000e+00 +0.0000e+00 +0.0000e+00 +0.0000e+00 +0.0000e+00 +0.0000e+00 +0.0000e+00 +0.0000e+00 +0.0000e+00 +0.0000e+00
% function evaluation | noise-free fitness - Fopt (3.710000000000e+00) | best noise-free fitness - Fopt | measured fitness | best measured fitness | x1 | x2...
1 +2.918737309e+03 +2.918737309e+03 +2.922447309e+03 +2.922447309e+03 +1.9000e+01 +7.0000e+00 +2.0000e+01 +1.0000e+00 +1.1000e+01 +1.8000e+01 +7.0000e+00 +5.0000e+00 +5.0000e+00 +6.0000e+00 +6.0000e+00 +5.0000e+00 +7.0000e+00 +1.0000e+01 +1.0000e+00 +0.0000e+00 +1.3000e+01 +2.0000e+00 +1.9000e+01 +2.5000e+01
13 +2.211743709e+03 +2.211743709e+03 +2.215453709e+03 +2.215453709e+03 +1.7000e+01 +5.0000e+00 +1.8000e+01 +0.0000e+00 +9.0000e+00 +1.6000e+01 +5.0000e+00 +3.0000e+00 +3.0000e+00 +4.0000e+00 +4.0000e+00 +3.0000e+00 +5.0000e+00 +8.0000e+00 +0.0000e+00 +0.0000e+00 +1.1000e+01 +0.0000e+00 +1.7000e+01 +2.3000e+01
31 +1.422014109e+03 +1.422014109e+03 +1.425724109e+03 +1.425724109e+03 +1.4000e+01 +2.0000e+00 +1.5000e+01 +0.0000e+00 +6.0000e+00 +1.3000e+01 +2.0000e+00 +0.0000e+00 +0.0000e+00 +1.0000e+00 +1.0000e+00 +0.0000e+00 +2.0000e+00 +5.0000e+00 +0.0000e+00 +0.0000e+00 +8.0000e+00 +0.0000e+00 +1.4000e+01 +2.0000e+01
49 +8.897101094e+02 +8.897101094e+02 +8.934201094e+02 +8.934201094e+02 +1.1000e+01 +0.0000e+00 +1.2000e+01 +0.0000e+00 +3.0000e+00 +1.0000e+01 +0.0000e+00 +0.0000e+00 +0.0000e+00 +0.0000e+00 +0.0000e+00 +0.0000e+00 +0.0000e+00 +2.0000e+00 +0.0000e+00 +0.0000e+00 +5.0000e+00 +0.0000e+00 +1.1000e+01 +1.7000e+01
67 +5.426317094e+02 +5.426317094e+02 +5.463417094e+02 +5.463417094e+02 +8.0000e+00 +0.0000e+00 +9.0000e+00 +0.0000e+00 +0.0000e+00 +7.0000e+00 +0.0000e+00 +0.0000e+00 +0.0000e+00 +0.0000e+00 +0.0000e+00 +0.0000e+00 +0.0000e+00 +0.0000e+00 +0.0000e+00 +0.0000e+00 +2.0000e+00 +0.0000e+00 +8.0000e+00 +1.4000e+01
79 +3.780333094e+02 +3.780333094e+02 +3.817433094e+02 +3.817433094e+02 +6.0000e+00 +0.0000e+00 +7.0000e+00 +0.0000e+00 +0.0000e+00 +5.0000e+00 +0.0000e+00 +0.0000e+00 +0.0000e+00 +0.0000e+00 +0.0000e+00 +0.0000e+00 +0.0000e+00 +0.0000e+00 +0.0000e+00 +0.0000e+00 +0.0000e+00 +0.0000e+00 +6.0000e+00 +1.2000e+01
97 +2.178765094e+02 +2.178765094e+02 +2.215865094e+02 +2.215865094e+02 +3.0000e+00 +0.0000e+00 +4.0000e+00 +0.0000e+00 +0.0000e+00 +2.0000e+00 +0.0000e+00 +0.0000e+00 +0.0000e+00 +0.0000e+00 +0.0000e+00 +0.0000e+00 +0.0000e+00 +0.0000e+00 +0.0000e+00 +0.0000e+00 +0.0000e+00 +0.0000e+00 +3.0000e+00 +9.0000e+00
115 +1.438365094e+02 +1.438365094e+02 +1.475465094e+02 +1.475465094e+02 +0.0000e+00 +0.0000e+00 +1.0000e+00 +0.0000e+00 +0.0000e+00 +0.0000e+00 +0.0000e+00 +0.0000e+00 +0.0000e+00 +0.0000e+00 +0.0000e+00 +0.0000e+00 +0.0000e+00 +0.0000e+00 +0.0000e+00 +0.0000e+00 +0.0000e+00 +0.0000e+00 +0.0000e+00 +6.0000e+00
145 +9.909250944e+01 +9.909250944e+01 +1.028025094e+02 +1.028025094e+02 +0.0000e+00 +0.0000e+00 +0.0000e+00 +0.0000e+00 +0.0000e+00 +0.0000e+00 +0.0000e+00 +0.0000e+00 +0.0000e+00 +0.0000e+00 +0.0000e+00 +0.0000e+00 +0.0000e+00 +0.0000e+00 +0.0000e+00 +0.0000e+00 +0.0000e+00 +0.0000e+00 +0.0000e+00 +1.0000e+00
% function evaluation | noise-free fitness - Fopt (9.478000000000e+01) | best noise-free fitness - Fopt | measured fitness | best measured fitness | x1 | x2...
1 +4.080818233e+03 +4.080818233e+03 +4.175598233e+03 +4.175598233e+03 +0.0000e+00 +2.0000e+00 +6.0000e+00 +1.9000e+01 +2.2000e+01 +1.1000e+01 +1.8000e+01 +1.3000e+01 +1.0000e+01 +9.0000e+00 +2.3000e+01 +9.0000e+00 +1.9000e+01 +2.1000e+01 +7.0000e+00 +6.0000e+00 +2.3000e+01 +1.8000e+01 +0.0000e+00 +1.3000e+01
7 +3.611485433e+03 +3.611485433e+03 +3.706265433e+03 +3.706265433e+03 +0.0000e+00 +1.0000e+00 +5.0000e+00 +1.8000e+01 +2.1000e+01 +1.0000e+01 +1.7000e+01 +1.2000e+01 +9.0000e+00 +8.0000e+00 +2.2000e+01 +8.0000e+00 +1.8000e+01 +2.0000e+01 +6.0000e+00 +5.0000e+00 +2.2000e+01 +1.7000e+01 +0.0000e+00 +1.2000e+01
25 +2.428098233e+03 +2.428098233e+03 +2.522878233e+03 +2.522878233e+03 +0.0000e+00 +0.0000e+00 +2.0000e+00 +1.5000e+01 +1.8000e+01 +7.0000e+00 +1.4000e+01 +9.0000e+00 +6.0000e+00 +5.0000e+00 +1.9000e+01 +5.0000e+00 +1.5000e+01 +1.7000e+01 +3.0000e+00 +2.0000e+00 +1.9000e+01 +1.4000e+01 +0.0000e+00 +9.0000e+00
43 +1.554183033e+03 +1.554183033e+03 +1.648963033e+03 +1.648963033e+03 +0.0000e+00 +0.0000e+00 +0.0000e+00 +1.2000e+01 +1.5000e+01 +4.0000e+00 +1.1000e+01 +6.0000e+00 +3.0000e+00 +2.0000e+00 +1.6000e+01 +2.0000e+00 +1.2000e+01 +1.4000e+01 +0.0000e+00 +0.0000e+00 +1.6000e+01 +1.1000e+01 +0.0000e+00 +6.0000e+00
61 +9.459510330e+02 +9.459510330e+02 +1.040731033e+03 +1.040731033e+03 +0.0000e+00 +0.0000e+00 +0.0000e+00 +9.0000e+00 +1.2000e+01 +1.0000e+00 +8.0000e+00 +3.0000e+00 +0.0000e+00 +0.0000e+00 +1.3000e+01 +0.0000e+00 +9.0000e+00 +1.1000e+01 +0.0000e+00 +0.0000e+00 +1.3000e+01 +8.0000e+00 +0.0000e+00 +3.0000e+00
79 +5.209030330e+02 +5.209030330e+02 +6.156830330e+02 +6.156830330e+02 +0.0000e+00 +0.0000e+00 +0.0000e+00 +6.0000e+00 +9.0000e+00 +0.0000e+00 +5.0000e+00 +0.0000e+00 +0.0000e+00 +0.0000e+00 +1.0000e+01 +0.0000e+00 +6.0000e+00 +8.0000e+00 +0.0000e+00 +0.0000e+00 +1.0000e+01 +5.0000e+00 +0.0000e+00 +0.0000e+00
91 +3.315110330e+02 +3.315110330e+02 +4.262910330e+02 +4.262910330e+02 +0.0000e+00 +0.0000e+00 +0.0000e+00 +4.0000e+00 +7.0000e+00 +0.0000e+00 +3.0000e+00 +0.0000e+00 +0.0000e+00 +0.0000e+00 +8.0000e+00 +0.0000e+00 +4.0000e+00 +6.0000e+00 +0.0000e+00 +0.0000e+00 +8.0000e+00 +3.0000e+00 +0.0000e+00 +0.0000e+00
103 +2.061190330e+02 +2.061190330e+02 +3.008990330e+02 +3.008990330e+02 +0.0000e+00 +0.0000e+00 +0.0000e+00 +2.0000e+00 +5.0000e+00 +0.0000e+00 +1.0000e+00 +0.0000e+00 +0.0000e+00 +0.0000e+00 +6.0000e+00 +0.0000e+00 +2.0000e+00 +4.0000e+00 +0.0000e+00 +0.0000e+00 +6.0000e+00 +1.0000e+00 +0.0000e+00 +0.0000e+00
115 +1.314550330e+02 +1.314550330e+02 +2.262350330e+02 +2.262350330e+02 +0.0000e+00 +0.0000e+00 +0.0000e+00 +0.0000e+00 +3.0000e+00 +0.0000e+00 +0.0000e+00 +0.0000e+00 +0.0000e+00 +0.0000e+00 +4.0000e+00 +0.0000e+00 +0.0000e+00 +2.0000e+00 +0.0000e+00 +0.0000e+00 +4.0000e+00 +0.0000e+00 +0.0000e+00 +0.0000e+00
% function evaluation | noise-free fitness - Fopt (2.339200000000e+02) | best noise-free fitness - Fopt | measured fitness | best measured fitness | x1 | x2...
1 +5.903815820e+03 +5.903815820e+03 +6.137735820e+03 +6.137735820e+03 +2.6000e+01 +2.4000e+01 +1.5000e+01 +1.6000e+01 +2.7000e+01 +8.0000e+00 +1.0000e+01 +1.0000e+01 +2.0000e+00 +2.1000e+01 +1.5000e+01 +2.5000e+01 +1.0000e+01 +1.2000e+01 +2.0000e+01 +6.0000e+00 +5.0000e+00 +2.4000e+01 +1.0000e+01 +1.3000e+01
23 +3.859609420e+03 +3.859609420e+03 +4.093529420e+03 +4.093529420e+03 +0.0000e+00 +4.0000e+00 +9.0000e+00 +6.0000e+00 +1.0000e+00 +1.0000e+01 +0.0000e+00 +1.8000e+01 +1.4000e+01 +2.0000e+00 +1.7000e+01 +2.3000e+01 +1.4000e+01 +1.6000e+01 +2.1000e+01 +2.1000e+01 +2.1000e+01 +1.0000e+00 +1.7000e+01 +1.4000e+01
46 +2.428281420e+03 +2.428281420e+03 +2.662201420e+03 +2.662201420e+03 +0.0000e+00 +0.0000e+00 +4.0000e+00 +1.2000e+01 +7.0000e+00 +7.0000e+00 +2.1000e+01 +1.8000e+01 +1.0000e+00 +3.0000e+00 +1.0000e+00 +7.0000e+00 +2.0000e+01 +0.0000e+00 +7.0000e+00 +4.0000e+00 +1.0000e+01 +5.0000e+00 +1.5000e+01 +2.2000e+01
65 +1.423107020e+03 +1.423107020e+03 +1.657027020e+03 +1.657027020e+03 +0.0000e+00 +0.0000e+00 +2.0000e+00 +0.0000e+00 +0.0000e+00 +3.0000e+00 +0.0000e+00 +1.1000e+01 +7.0000e+00 +0.0000e+00 +1.0000e+01 +1.6000e+01 +7.0000e+00 +9.0000e+00 +1.4000e+01 +1.4000e+01 +1.4000e+01 +0.0000e+00 +1.0000e+01 +7.0000e+00
77 +9.844926195e+02 +9.844926195e+02 +1.218412620e+03 +1.218412620e+03 +0.0000e+00 +0.0000e+00 +0.0000e+00 +0.0000e+00 +0.0000e+00 +1.0000e+00 +0.0000e+00 +9.0000e+00 +5.0000e+00 +0.0000e+00 +8.0000e+00 +1.4000e+01 +5.0000e+00 +7.0000e+00 +1.2000e+01 +1.2000e+01 +1.2000e+01 +0.0000e+00 +8.0000e+00 +5.0000e+00
95 +5.119854195e+02 +5.119854195e+02 +7.459054195e+02 +7.459054195e+02 +0.0000e+00 +0.0000e+00 +0.0000e+00 +0.0000e+00 +0.0000e+00 +0.0000e+00 +0.0000e+00 +6.0000e+00 +2.0000e+00 +0.0000e+00 +5.0000e+00 +1.1000e+01 +2.0000e+00 +4.0000e+00 +9.0000e+00 +9.0000e+00 +9.0000e+00 +0.0000e+00 +5.0000e+00 +2.0000e+00
101 +3.964606195e+02 +3.964606195e+02 +6.303806195e+02 +6.303806195e+02 +0.0000e+00 +0.0000e+00 +0.0000e+00 +0.0000e+00 +0.0000e+00 +0.0000e+00 +0.0000e+00 +5.0000e+00 +1.0000e+00 +0.0000e+00 +4.0000e+00 +1.0000e+01 +1.0000e+00 +3.0000e+00 +8.0000e+00 +8.0000e+00 +8.0000e+00 +0.0000e+00 +4.0000e+00 +1.0000e+00
113 +2.280430195e+02 +2.280430195e+02 +4.619630195e+02 +4.619630195e+02 +0.0000e+00 +0.0000e+00 +0.0000e+00 +0.0000e+00 +0.0000e+00 +0.0000e+00 +0.0000e+00 +3.0000e+00 +0.0000e+00 +0.0000e+00 +2.0000e+00 +8.0000e+00 +0.0000e+00 +1.0000e+00 +6.0000e+00 +6.0000e+00 +6.0000e+00 +0.0000e+00 +2.0000e+00 +0.0000e+00
125 +1.256222195e+02 +1.256222195e+02 +3.595422195e+02 +3.595422195e+02 +0.0000e+00 +0.0000e+00 +0.0000e+00 +0.0000e+00 +0.0000e+00 +0.0000e+00 +0.0000e+00 +1.0000e+00 +0.0000e+00 +0.0000e+00 +0.0000e+00 +6.0000e+00 +0.0000e+00 +0.0000e+00 +4.0000e+00 +4.0000e+00 +4.0000e+00 +0.0000e+00 +0.0000e+00 +0.0000e+00
137 +8.870701952e+01 +8.870701952e+01 +3.226270195e+02 +3.226270195e+02 +0.0000e+00 +0.0000e+00 +0.0000e+00 +0.0000e+00 +0.0000e+00 +0.0000e+00 +0.0000e+00 +0.0000e+00 +0.0000e+00 +0.0000e+00 +0.0000e+00 +4.0000e+00 +0.0000e+00 +0.0000e+00 +2.0000e+00 +2.0000e+00 +2.0000e+00 +0.0000e+00 +0.0000e+00 +0.0000e+00
% function evaluation | noise-free fitness - Fopt (-6.092000000000e+01) | best noise-free fitness - Fopt | measured fitness | best measured fitness | x1 | x2...
1 +4.871397236e+03 +4.871397236e+03 +4.810477236e+03 +4.810477236e+03 +2.4000e+01 +2.0000e+01 +1.7000e+01 +1.2000e+01 +1.3000e+01 +7.0000e+00 +1.8000e+01 +2.1000e+01 +5.0000e+00 +7.0000e+00 +1.4000e+01 +1.5000e+01 +2.6000e+01 +1.6000e+01 +6.0000e+00 +1.2000e+01 +1.2000e+01 +2.6000e+01 +4.0000e+00 +4.0000e+00
3 +3.564069236e+03 +3.564069236e+03 +3.503149236e+03 +3.503149236e+03 +1.7000e+01 +0.0000e+00 +9.0000e+00 +8.0000e+00 +1.9000e+01 +0.0000e+00 +8.0000e+00 +2.3000e+01 +5.0000e+00 +1.6000e+01 +2.1000e+01 +8.0000e+00 +7.0000e+00 +2.0000e+00 +2.7000e+01 +0.0000e+00 +1.7000e+01 +6.0000e+00 +8.0000e+00 +5.0000e+00
21 +2.468736436e+03 +2.468736436e+03 +2.407816436e+03 +2.407816436e+03 +1.4000e+01 +0.0000e+00 +6.0000e+00 +5.0000e+00 +1.6000e+01 +0.0000e+00 +5.0000e+00 +2.0000e+01 +2.0000e+00 +1.3000e+01 +1.8000e+01 +5.0000e+00 +4.0000e+00 +0.0000e+00 +2.4000e+01 +0.0000e+00 +1.4000e+01 +3.0000e+00 +5.0000e+00 +2.0000e+00
45 +1.464693236e+03 +1.464693236e+03 +1.403773236e+03 +1.403773236e+03 +1.0000e+01 +0.0000e+00 +2.0000e+00 +1.0000e+00 +1.2000e+01 +0.0000e+00 +1.0000e+00 +1.6000e+01 +0.0000e+00 +9.0000e+00 +1.4000e+01 +1.0000e+00 +0.0000e+00 +0.0000e+00 +2.0000e+01 +0.0000e+00 +1.0000e+01 +0.0000e+00 +1.0000e+00 +0.0000e+00
63 +9.710532365e+02 +9.710532365e+02 +9.101332365e+02 +9.101332365e+02 +7.0000e+00 +0.0000e+00 +0.0000e+00 +0.0000e+00 +9.0000e+00 +0.0000e+00 +0.0000e+00 +1.3000e+01 +0.0000e+00 +6.0000e+00 +1.1000e+01 +0.0000e+00 +0.0000e+00 +0.0000e+00 +1.7000e+01 +0.0000e+00 +7.0000e+00 +0.0000e+00 +0.0000e+00 +0.0000e+00
81 +5.872212365e+02 +5.872212365e+02 +5.263012365e+02 +5.263012365e+02 +4.0000e+00 +0.0000e+00 +0.0000e+00 +0.0000e+00 +6.0000e+00 +0.0000e+00 +0.0000e+00 +1.0000e+01 +0.0000e+00 +3.0000e+00 +8.0000e+00 +0.0000e+00 +0.0000e+00 +0.0000e+00 +1.4000e+01 +0.0000e+00 +4.0000e+00 +0.0000e+00 +0.0000e+00 +0.0000e+00
97 +3.976500365e+02 +3.976500365e+02 +3.367300365e+02 +3.367300365e+02 +8.0000e+00 +4.0000e+00 +1.0000e+00 +0.0000e+00 +0.0000e+00 +0.0000e+00 +2.0000e+00 +5.0000e+00 +0.0000e+00 +0.0000e+00 +0.0000e+00 +0.0000e+00 +1.0000e+01 +0.0000e+00 +0.0000e+00 +0.0000e+00 +0.0000e+00 +1.0000e+01 +0.0000e+00 +0.0000e+00
111 +2.273460365e+02 +2.273460365e+02 +1.664260365e+02 +1.664260365e+02 +0.0000e+00 +0.0000e+00 +0.0000e+00 +0.0000e+00 +1.0000e+00 +0.0000e+00 +0.0000e+00 +5.0000e+00 +0.0000e+00 +0.0000e+00 +3.0000e+00 +0.0000e+00 +0.0000e+00 +0.0000e+00 +9.0000e+00 +0.0000e+00 +0.0000e+00 +0.0000e+00 +0.0000e+00 +0.0000e+00
129 +1.385412365e+02 +1.385412365e+02 +7.762123648e+01 +7.762123648e+01 +0.0000e+00 +0.0000e+00 +0.0000e+00 +0.0000e+00 +0.0000e+00 +0.0000e+00 +0.0000e+00 +2.0000e+00 +0.0000e+00 +0.0000e+00 +0.0000e+00 +0.0000e+00 +0.0000e+00 +0.0000e+00 +6.0000e+00 +0.0000e+00 +0.0000e+00 +0.0000e+00 +0.0000e+00 +0.0000e+00
% function evaluation | noise-free fitness - Fopt (-1.948000000000e+01) | best noise-free fitness - Fopt | measured fitness | best measured fitness | x1 | x2...
1 +4.864522572e+03 +4.864522572e+03 +4.845042572e+03 +4.845042572e+03 +0.0000e+00 +2.8000e+01 +2.4000e+01 +1.9000e+01 +9.0000e+00 +3.0000e+01 +6.0000e+00 +1.7000e+01 +0.0000e+00 +0.0000e+00 +2.3000e+01 +1.3000e+01 +5.0000e+00 +6.0000e+00 +1.2000e+01 +9.0000e+00 +1.1000e+01 +2.6000e+01 +4.0000e+00 +2.0000e+00
13 +3.971146572e+03 +3.971146572e+03 +3.951666572e+03 +3.951666572e+03 +0.0000e+00 +2.6000e+01 +2.2000e+01 +1.7000e+01 +7.0000e+00 +2.8000e+01 +4.0000e+00 +1.5000e+01 +0.0000e+00 +0.0000e+00 +2.1000e+01 +1.1000e+01 +3.0000e+00 +4.0000e+00 +1.0000e+01 +7.0000e+00 +9.0000e+00 +2.4000e+01 +2.0000e+00 +0.0000e+00
43 +2.266060172e+03 +2.266060172e+03 +2.246580172e+03 +2.246580172e+03 +0.0000e+00 +2.1000e+01 +1.7000e+01 +1.2000e+01 +2.0000e+00 +2.3000e+01 +0.0000e+00 +1.0000e+01 +0.0000e+00 +0.0000e+00 +1.6000e+01 +6.0000e+00 +0.0000e+00 +0.0000e+00 +5.0000e+00 +2.0000e+00 +4.0000e+00 +1.9000e+01 +0.0000e+00 +0.0000e+00
61 +1.536904972e+03 +1.536904972e+03 +1.517424972e+03 +1.517424972e+03 +0.0000e+00 +1.8000e+01 +1.4000e+01 +9.0000e+00 +0.0000e+00 +2.0000e+01 +0.0000e+00 +7.0000e+00 +0.0000e+00 +0.0000e+00 +1.3000e+01 +3.0000e+00 +0.0000e+00 +0.0000e+00 +2.0000e+00 +0.0000e+00 +1.0000e+00 +1.6000e+01 +0.0000e+00 +0.0000e+00
79 +9.875945722e+02 +9.875945722e+02 +9.681145722e+02 +9.681145722e+02 +0.0000e+00 +1.5000e+01 +1.1000e+01 +6.0000e+00 +0.0000e+00 +1.7000e+01 +0.0000e+00 +4.0000e+00 +0.0000e+00 +0.0000e+00 +1.0000e+01 +0.0000e+00 +0.0000e+00 +0.0000e+00 +0.0000e+00 +0.0000e+00 +0.0000e+00 +1.3000e+01 +0.0000e+00 +0.0000e+00
93 +6.166665722e+02 +6.166665722e+02 +5.971865722e+02 +5.971865722e+02 +0.0000e+00 +0.0000e+00 +3.0000e+00 +0.0000e+00 +5.0000e+00 +3.0000e+00 +1.0000e+00 +6.0000e+00 +0.0000e+00 +0.0000e+00 +4.0000e+00 +3.0000e+00 +0.0000e+00 +7.0000e+00 +1.3000e+01 +0.0000e+00 +2.0000e+00 +0.0000e+00 +1.4000e+01 +2.0000e+00
105 +3.951433722e+02 +3.951433722e+02 +3.756633722e+02 +3.756633722e+02 +0.0000e+00 +0.0000e+00 +1.0000e+00 +0.0000e+00 +3.0000e+00 +1.0000e+00 +0.0000e+00 +4.0000e+00 +0.0000e+00 +0.0000e+00 +2.0000e+00 +1.0000e+00 +0.0000e+00 +5.0000e+00 +1.1000e+01 +0.0000e+00 +0.0000e+00 +0.0000e+00 +1.2000e+01 +0.0000e+00
119 +2.466697722e+02 +2.466697722e+02 +2.271897722e+02 +2.271897722e+02 +2.0000e+00 +2.0000e+00 +0.0000e+00 +0.0000e+00 +0.0000e+00 +0.0000e+00 +2.0000e+00 +0.0000e+00 +2.0000e+00 +4.0000e+00 +0.0000e+00 +0.0000e+00 +0.0000e+00 +5.0000e+00 +0.0000e+00 +0.0000e+00 +5.0000e+00 +0.0000e+00 +1.0000e+01 +0.0000e+00
137 +1.457753722e+02 +1.457753722e+02 +1.262953722e+02 +1.262953722e+02 +0.0000e+00 +0.0000e+00 +0.0000e+00 +0.0000e+00 +0.0000e+00 +0.0000e+00 +0.0000e+00 +0.0000e+00 +0.0000e+00 +1.0000e+00 +0.0000e+00 +0.0000e+00 +0.0000e+00 +2.0000e+00 +0.0000e+00 +0.0000e+00 +2.0000e+00 +0.0000e+00 +7.0000e+00 +0.0000e+00
160 +9.825697216e+01 +9.825697216e+01 +7.877697216e+01 +7.877697216e+01 +0.0000e+00 +2.0000e+00 +0.0000e+00 +0.0000e+00 +0.0000e+00 +0.0000e+00 +0.0000e+00 +0.0000e+00 +0.0000e+00 +0.0000e+00 +0.0000e+00 +0.0000e+00 +0.0000e+00 +0.0000e+00 +0.0000e+00 +0.0000e+00 +0.0000e+00 +0.0000e+00 +0.0000e+00 +1.0000e+00
% function evaluation | noise-free fitness - Fopt (1.344700000000e+02) | best noise-free fitness - Fopt | measured fitness | best measured fitness | x1 | x2...
1 +8.520045466e+03 +8.520045466e+03 +8.654515466e+03 +8.654515466e+03 +2.7000e+01 +1.0000e+01 +3.0000e+00 +3.0000e+01 +2.9000e+01 +1.9000e+01 +3.0000e+01 +3.0000e+01 +2.7000e+01 +2.0000e+00 +9.0000e+00 +2.0000e+01 +2.0000e+00 +2.1000e+01 +1.3000e+01 +3.0000e+00 +1.3000e+01 +1.6000e+01 +1.6000e+01 +1.6000e+01
3 +5.871128666e+03 +5.871128666e+03 +6.005598666e+03 +6.005598666e+03 +0.0000e+00 +5.0000e+00 +1.6000e+01 +9.0000e+00 +1.0000e+00 +2.3000e+01 +0.0000e+00 +2.7000e+01 +2.2000e+01 +1.6000e+01 +1.0000e+00 +6.0000e+00 +2.4000e+01 +1.0000e+00 +7.0000e+00 +1.1000e+01 +2.7000e+01 +2.3000e+01 +6.0000e+00 +2.8000e+01
23 +3.579408666e+03 +3.579408666e+03 +3.713878666e+03 +3.713878666e+03 +5.0000e+00 +0.0000e+00 +5.0000e+00 +9.0000e+00 +1.8000e+01 +0.0000e+00 +2.0000e+01 +0.0000e+00 +6.0000e+00 +2.0000e+01 +5.0000e+00 +6.0000e+00 +1.3000e+01 +0.0000e+00 +2.5000e+01 +1.6000e+01 +2.1000e+01 +5.0000e+00 +0.0000e+00 +9.0000e+00
41 +2.510064666e+03 +2.510064666e+03 +2.644534666e+03 +2.644534666e+03 +2.0000e+00 +0.0000e+00 +2.0000e+00 +6.0000e+00 +1.5000e+01 +0.0000e+00 +1.7000e+01 +0.0000e+00 +3.0000e+00 +1.7000e+01 +2.0000e+00 +3.0000e+00 +1.0000e+01 +0.0000e+00 +2.2000e+01 +1.3000e+01 +1.8000e+01 +2.0000e+00 +0.0000e+00 +6.0000e+00
65 +1.506528666e+03 +1.506528666e+03 +1.640998666e+03 +1.640998666e+03 +0.0000e+00 +0.0000e+00 +0.0000e+00 +2.0000e+00 +1.1000e+01 +0.0000e+00 +1.3000e+01 +0.0000e+00 +0.0000e+00 +1.3000e+01 +0.0000e+00 +0.0000e+00 +6.0000e+00 +0.0000e+00 +1.8000e+01 +9.0000e+00 +1.4000e+01 +0.0000e+00 +0.0000e+00 +2.0000e+00
83 +9.913158662e+02 +9.913158662e+02 +1.125785866e+03 +1.125785866e+03 +0.0000e+00 +0.0000e+00 +0.0000e+00 +0.0000e+00 +8.0000e+00 +0.0000e+00 +1.0000e+01 +0.0000e+00 +0.0000e+00 +1.0000e+01 +0.0000e+00 +0.0000e+00 +3.0000e+00 +0.0000e+00 +1.5000e+01 +6.0000e+00 +1.1000e+01 +0.0000e+00 +0.0000e+00 +0.0000e+00
101 +6.164070662e+02 +6.164070662e+02 +7.508770662e+02 +7.508770662e+02 +0.0000e+00 +0.0000e+00 +0.0000e+00 +0.0000e+00 +5.0000e+00 +0.0000e+00 +7.0000e+00 +0.0000e+00 +0.0000e+00 +7.0000e+00 +0.0000e+00 +0.0000e+00 +0.0000e+00 +0.0000e+00 +1.2000e+01 +3.0000e+00 +8.0000e+00 +0.0000e+00 +0.0000e+00 +0.0000e+00
119 +3.563430662e+02 +3.563430662e+02 +4.908130662e+02 +4.908130662e+02 +0.0000e+00 +0.0000e+00 +0.0000e+00 +0.0000e+00 +2.0000e+00 +0.0000e+00 +4.0000e+00 +0.0000e+00 +0.0000e+00 +4.0000e+00 +0.0000e+00 +0.0000e+00 +0.0000e+00 +0.0000e+00 +9.0000e+00 +0.0000e+00 +5.0000e+00 +0.0000e+00 +0.0000e+00 +0.0000e+00
131 +2.449222662e+02 +2.449222662e+02 +3.793922662e+02 +3.793922662e+02 +0.0000e+00 +0.0000e+00 +0.0000e+00 +0.0000e+00 +0.0000e+00 +0.0000e+00 +2.0000e+00 +0.0000e+00 +0.0000e+00 +2.0000e+00 +0.0000e+00 +0.0000e+00 +0.0000e+00 +0.0000e+00 +7.0000e+00 +0.0000e+00 +3.0000e+00 +0.0000e+00 +0.0000e+00 +0.0000e+00
147 +1.548326662e+02 +1.548326662e+02 +2.893026662e+02 +2.893026662e+02 +0.0000e+00 +0.0000e+00 +0.0000e+00 +0.0000e+00 +0.0000e+00 +0.0000e+00 +0.0000e+00 +3.0000e+00 +0.0000e+00 +0.0000e+00 +0.0000e+00 +0.0000e+00 +0.0000e+00 +0.0000e+00 +0.0000e+00 +0.0000e+00 +3.0000e+00 +0.0000e+00 +0.0000e+00 +4.0000e+00
% function evaluation | noise-free fitness - Fopt (4.453500000000e+02) | best noise-free fitness - Fopt | measured fitness | best measured fitness | x1 | x2...
1 +6.394349945e+03 +6.394349945e+03 +6.839699945e+03 +6.839699945e+03 +3.0000e+01 +4.0000e+00 +6.0000e+00 +1.1000e+01 +7.0000e+00 +2.6000e+01 +9.0000e+00 +1.1000e+01 +1.6000e+01 +1.4000e+01 +0.0000e+00 +2.8000e+01 +2.2000e+01 +1.5000e+01 +1.2000e+01 +2.9000e+01 +1.2000e+01 +3.0000e+01 +7.0000e+00 +1.7000e+01
4 +5.055687545e+03 +5.055687545e+03 +5.501037545e+03 +5.501037545e+03 +2.0000e+01 +1.0000e+00 +1.6000e+01 +1.5000e+01 +1.5000e+01 +1.3000e+01 +9.0000e+00 +2.6000e+01 +2.0000e+01 +1.4000e+01 +1.8000e+01 +2.0000e+00 +2.9000e+01 +9.0000e+00 +3.0000e+00 +8.0000e+00 +0.0000e+00 +1.9000e+01 +2.2000e+01 +2.2000e+01
22 +3.583557945e+03 +3.583557945e+03 +4.028907945e+03 +4.028907945e+03 +1.7000e+01 +0.0000e+00 +1.3000e+01 +1.2000e+01 +1.2000e+01 +1.0000e+01 +6.0000e+00 +2.3000e+01 +1.7000e+01 +1.1000e+01 +1.5000e+01 +0.0000e+00 +2.6000e+01 +6.0000e+00 +0.0000e+00 +5.0000e+00 +0.0000e+00 +1.6000e+01 +1.9000e+01 +1.9000e+01
40 +2.386337145e+03 +2.386337145e+03 +2.831687145e+03 +2.831687145e+03 +1.4000e+01 +0.0000e+00 +1.0000e+01 +9.0000e+00 +9.0000e+00 +7.0000e+00 +3.0000e+00 +2.0000e+01 +1.4000e+01 +8.0000e+00 +1.2000e+01 +0.0000e+00 +2.3000e+01 +3.0000e+00 +0.0000e+00 +2.0000e+00 +0.0000e+00 +1.3000e+01 +1.6000e+01 +1.6000e+01
58 +1.480777145e+03 +1.480777145e+03 +1.926127145e+03 +1.926127145e+03 +1.1000e+01 +0.0000e+00 +7.0000e+00 +6.0000e+00 +6.0000e+00 +4.0000e+00 +0.0000e+00 +1.7000e+01 +1.1000e+01 +5.0000e+00 +9.0000e+00 +0.0000e+00 +2.0000e+01 +0.0000e+00 +0.0000e+00 +0.0000e+00 +0.0000e+00 +1.0000e+01 +1.3000e+01 +1.3000e+01
76 +8.793275450e+02 +8.793275450e+02 +1.324677545e+03 +1.324677545e+03 +8.0000e+00 +0.0000e+00 +4.0000e+00 +3.0000e+00 +3.0000e+00 +1.0000e+00 +0.0000e+00 +1.4000e+01 +8.0000e+00 +2.0000e+00 +6.0000e+00 +0.0000e+00 +1.7000e+01 +0.0000e+00 +0.0000e+00 +0.0000e+00 +0.0000e+00 +7.0000e+00 +1.0000e+01 +1.0000e+01
88 +6.005931450e+02 +6.005931450e+02 +1.045943145e+03 +1.045943145e+03 +6.0000e+00 +0.0000e+00 +2.0000e+00 +1.0000e+00 +1.0000e+00 +0.0000e+00 +0.0000e+00 +1.2000e+01 +6.0000e+00 +0.0000e+00 +4.0000e+00 +0.0000e+00 +1.5000e+01 +0.0000e+00 +0.0000e+00 +0.0000e+00 +0.0000e+00 +5.0000e+00 +8.0000e+00 +8.0000e+00
106 +3.344699450e+02 +3.344699450e+02 +7.798199450e+02 +7.798199450e+02 +3.0000e+00 +0.0000e+00 +0.0000e+00 +0.0000e+00 +0.0000e+00 +0.0000e+00 +0.0000e+00 +9.0000e+00 +3.0000e+00 +0.0000e+00 +1.0000e+00 +0.0000e+00 +1.2000e+01 +0.0000e+00 +0.0000e+00 +0.0000e+00 +0.0000e+00 +2.0000e+00 +5.0000e+00 +5.0000e+00
118 +2.324267450e+02 +2.324267450e+02 +6.777767450e+02 +6.777767450e+02 +1.0000e+00 +0.0000e+00 +0.0000e+00 +0.0000e+00 +0.0000e+00 +0.0000e+00 +0.0000e+00 +7.0000e+00 +1.0000e+00 +0.0000e+00 +0.0000e+00 +0.0000e+00 +1.0000e+01 +0.0000e+00 +0.0000e+00 +0.0000e+00 +0.0000e+00 +0.0000e+00 +3.0000e+00 +3.0000e+00
135 +1.556219450e+02 +1.556219450e+02 +6.009719450e+02 +6.009719450e+02 +0.0000e+00 +0.0000e+00 +0.0000e+00 +4.0000e+00 +0.0000e+00 +0.0000e+00 +0.0000e+00 +1.0000e+00 +1.0000e+00 +0.0000e+00 +0.0000e+00 +5.0000e+00 +0.0000e+00 +0.0000e+00 +4.0000e+00 +3.0000e+00 +3.0000e+00 +0.0000e+00 +3.0000e+00 +5.0000e+00
