% function evaluation | noise-free fitness - Fopt (7.948000000000e+01) | best noise-free fitness - Fopt | measured fitness | best measured fitness | x1 | x2...
1 +3.763180470e+03 +3.763180470e+03 +3.842660470e+03 +3.842660470e+03 +1.2000e+01 +2.8000e+01 +2.7000e+01 +2.0000e+00 +2.1000e+01 +1.5000e+01 +2.9000e+01 +4.0000e+00 +9.0000e+00 +1.3000e+01
5 +1.328342070e+03 +1.328342070e+03 +1.407822070e+03 +1.407822070e+03 +1.0000e+01 +2.2000e+01 +5.0000e+00 +1.6000e+01 +6.0000e+00 +6.0000e+00 +3.0000e+00 +5.0000e+00 +1.4000e+01 +6.0000e+00
17 +8.945500698e+02 +8.945500698e+02 +9.740300698e+02 +9.740300698e+02 +1.2000e+01 +1.6000e+01 +3.0000e+00 +1.4000e+01 +4.0000e+00 +4.0000e+00 +1.0000e+00 +3.0000e+00 +1.2000e+01 +4.0000e+00
29 +6.152684698e+02 +6.152684698e+02 +6.947484698e+02 +6.947484698e+02 +1.0000e+01 +1.4000e+01 +1.0000e+00 +1.2000e+01 +2.0000e+00 +2.0000e+00 +0.0000e+00 +1.0000e+00 +1.0000e+01 +2.0000e+00
41 +3.971516698e+02 +3.971516698e+02 +4.766316698e+02 +4.766316698e+02 +1.2000e+01 +8.0000e+00 +0.0000e+00 +1.0000e+01 +0.0000e+00 +0.0000e+00 +0.0000e+00 +0.0000e+00 +8.0000e+00 +0.0000e+00
59 +2.127372698e+02 +2.127372698e+02 +2.922172698e+02 +2.922172698e+02 +5.0000e+00 +9.0000e+00 +0.0000e+00 +7.0000e+00 +0.0000e+00 +0.0000e+00 +0.0000e+00 +0.0000e+00 +5.0000e+00 +0.0000e+00
71 +1.222764698e+02 +1.222764698e+02 +2.017564698e+02 +2.017564698e+02 +3.0000e+00 +7.0000e+00 +0.0000e+00 +5.0000e+00 +0.0000e+00 +0.0000e+00 +0.0000e+00 +0.0000e+00 +3.0000e+00 +0.0000e+00
77 +7.776926976e+01 +7.776926976e+01 +1.572492698e+02 +1.572492698e+02 +6.0000e+00 +2.0000e+00 +0.0000e+00 +4.0000e+00 +0.0000e+00 +0.0000e+00 +0.0000e+00 +0.0000e+00 +2.0000e+00 +0.0000e+00
83 +5.253886976e+01 +5.253886976e+01 +1.320188698e+02 +1.320188698e+02 +5.0000e+00 +1.0000e+00 +0.0000e+00 +3.0000e+00 +0.0000e+00 +0.0000e+00 +0.0000e+00 +0.0000e+00 +1.0000e+00 +0.0000e+00
89 +3.530846976e+01 +3.530846976e+01 +1.147884698e+02 +1.147884698e+02 +4.0000e+00 +0.0000e+00 +0.0000e+00 +2.0000e+00 +0.0000e+00 +0.0000e+00 +0.0000e+00 +0.0000e+00 +0.0000e+00 +0.0000e+00
113 +2.503646976e+01 +2.503646976e+01 +1.045164698e+02 +1.045164698e+02 +0.0000e+00 +0.0000e+00 +0.0000e+00 +0.0000e+00 +0.0000e+00 +0.0000e+00 +0.0000e+00 +0.0000e+00 +0.0000e+00 +0.0000e+00
% function evaluation | noise-free fitness - Fopt (3.944800000000e+02) | best noise-free fitness - Fopt | measured fitness | best measured fitness | x1 | x2...
1 +4.994264175e+03 +4.994264175e+03 +5.388744175e+03 +5.388744175e+03 +3.0000e+01 +2.1000e+01 +2.0000e+01 +2.1000e+01 +2.6000e+01 +2.9000e+01 +1.3000e+01 +2.4000e+01 +4.0000e+00 +3.0000e+00
2 +3.481243375e+03 +3.481243375e+03 +3.875723375e+03 +3.875723375e+03 +1.3000e+01 +1.6000e+01 +1.1000e+01 +2.7000e+01 +1.3000e+01 +0.0000e+00 +2.3000e+01 +1.7000e+01 +2.2000e+01 +2.3000e+01
5 +1.532835375e+03 +1.532835375e+03 +1.927315375e+03 +1.927315375e+03 +1.0000e+00 +2.3000e+01 +1.6000e+01 +2.0000e+00 +1.8000e+01 +2.0000e+00 +5.0000e+00 +4.0000e+00 +8.0000e+00 +1.0000e+00
23 +8.909745754e+02 +8.909745754e+02 +1.285454575e+03 +1.285454575e+03 +1.2000e+01 +6.0000e+00 +1.3000e+01 +0.0000e+00 +1.5000e+01 +0.0000e+00 +2.0000e+00 +1.0000e+00 +5.0000e+00 +0.0000e+00
41 +5.897393754e+02 +5.897393754e+02 +9.842193754e+02 +9.842193754e+02 +1.0000e+00 +1.1000e+01 +1.0000e+01 +0.0000e+00 +1.2000e+01 +0.0000e+00 +0.0000e+00 +0.0000e+00 +2.0000e+00 +0.0000e+00
59 +3.199137754e+02 +3.199137754e+02 +7.143937754e+02 +7.143937754e+02 +4.0000e+00 +2.0000e+00 +7.0000e+00 +0.0000e+00 +9.0000e+00 +0.0000e+00 +0.0000e+00 +0.0000e+00 +0.0000e+00 +0.0000e+00
71 +2.089857754e+02 +2.089857754e+02 +6.034657754e+02 +6.034657754e+02 +2.0000e+00 +0.0000e+00 +5.0000e+00 +0.0000e+00 +7.0000e+00 +0.0000e+00 +0.0000e+00 +0.0000e+00 +0.0000e+00 +0.0000e+00
83 +1.376193754e+02 +1.376193754e+02 +5.320993754e+02 +5.320993754e+02 +0.0000e+00 +0.0000e+00 +3.0000e+00 +0.0000e+00 +5.0000e+00 +0.0000e+00 +0.0000e+00 +0.0000e+00 +0.0000e+00 +0.0000e+00
101 +8.996017536e+01 +8.996017536e+01 +4.844401754e+02 +4.844401754e+02 +0.0000e+00 +0.0000e+00 +0.0000e+00 +0.0000e+00 +2.0000e+00 +0.0000e+00 +0.0000e+00 +0.0000e+00 +0.0000e+00 +0.0000e+00
% function evaluation | noise-free fitness - Fopt (-2.471100000000e+02) | best noise-free fitness - Fopt | measured fitness | best measured fitness | x1 | x2...
1 +3.955201318e+03 +3.955201318e+03 +3.708091318e+03 +3.708091318e+03 +0.0000e+00 +2.2000e+01 +2.0000e+01 +2.3000e+01 +1.9000e+01 +2.4000e+01 +1.0000e+00 +3.0000e+00 +2.5000e+01 +2.9000e+01
2 +1.836343718e+03 +1.836343718e+03 +1.589233718e+03 +1.589233718e+03 +1.4000e+01 +5.0000e+00 +7.0000e+00 +7.0000e+00 +9.0000e+00 +4.0000e+00 +5.0000e+00 +2.6000e+01 +1.6000e+01 +7.0000e+00
14 +1.449524518e+03 +1.449524518e+03 +1.202414518e+03 +1.202414518e+03 +1.2000e+01 +3.0000e+00 +5.0000e+00 +5.0000e+00 +7.0000e+00 +2.0000e+00 +3.0000e+00 +2.4000e+01 +1.4000e+01 +5.0000e+00
32 +9.336365178e+02 +9.336365178e+02 +6.865265178e+02 +6.865265178e+02 +1.0000e+00 +8.0000e+00 +2.0000e+00 +2.0000e+00 +4.0000e+00 +0.0000e+00 +0.0000e+00 +2.1000e+01 +1.1000e+01 +2.0000e+00
50 +6.263165178e+02 +6.263165178e+02 +3.792065178e+02 +3.792065178e+02 +1.0000e+00 +2.0000e+00 +0.0000e+00 +0.0000e+00 +1.0000e+00 +0.0000e+00 +0.0000e+00 +1.8000e+01 +8.0000e+00 +0.0000e+00
65 +3.805037178e+02 +3.805037178e+02 +1.333937178e+02 +1.333937178e+02 +4.0000e+00 +2.0000e+00 +8.0000e+00 +3.0000e+00 +3.0000e+00 +2.0000e+00 +1.5000e+01 +0.0000e+00 +0.0000e+00 +5.0000e+00
77 +2.176269178e+02 +2.176269178e+02 -2.948308224e+01 -2.948308224e+01 +0.0000e+00 +2.0000e+00 +6.0000e+00 +1.0000e+00 +1.0000e+00 +0.0000e+00 +1.3000e+01 +0.0000e+00 +0.0000e+00 +3.0000e+00
89 +1.442637178e+02 +1.442637178e+02 -1.028462822e+02 -1.028462822e+02 +0.0000e+00 +0.0000e+00 +4.0000e+00 +0.0000e+00 +0.0000e+00 +0.0000e+00 +1.1000e+01 +0.0000e+00 +0.0000e+00 +1.0000e+00
107 +9.208131776e+01 +9.208131776e+01 -1.550286822e+02 -1.550286822e+02 +0.0000e+00 +0.0000e+00 +1.0000e+00 +0.0000e+00 +0.0000e+00 +0.0000e+00 +8.0000e+00 +0.0000e+00 +0.0000e+00 +0.0000e+00
% function evaluation | noise-free fitness - Fopt (-1.520400000000e+02) | best noise-free fitness - Fopt | measured fitness | best measured fitness | x1 | x2...
1 +3.716603942e+03 +3.716603942e+03 +3.564563942e+03 +3.564563942e+03 +2.9000e+01 +3.0000e+01 +1.3000e+01 +1.3000e+01 +1.5000e+01 +1.0000e+00 +1.1000e+01 +1.2000e+01 +2.6000e+01 +2.8000e+01
4 +5.177319418e+02 +5.177319418e+02 +3.656919418e+02 +3.656919418e+02 +1.5000e+01 +3.0000e+00 +1.0000e+00 +9.0000e+00 +1.5000e+01 +6.0000e+00 +4.0000e+00 +0.0000e+00 +0.0000e+00 +6.0000e+00
16 +3.433847418e+02 +3.433847418e+02 +1.913447418e+02 +1.913447418e+02 +1.3000e+01 +1.0000e+00 +0.0000e+00 +7.0000e+00 +1.3000e+01 +4.0000e+00 +2.0000e+00 +0.0000e+00 +0.0000e+00 +4.0000e+00
28 +1.718919418e+02 +1.718919418e+02 +1.985194176e+01 +1.985194176e+01 +8.0000e+00 +3.0000e+00 +0.0000e+00 +5.0000e+00 +1.1000e+01 +2.0000e+00 +0.0000e+00 +0.0000e+00 +0.0000e+00 +2.0000e+00
34 +1.199879418e+02 +1.199879418e+02 -3.205205824e+01 -3.205205824e+01 +2.0000e+00 +7.0000e+00 +0.0000e+00 +4.0000e+00 +1.0000e+01 +1.0000e+00 +0.0000e+00 +0.0000e+00 +0.0000e+00 +1.0000e+00
46 +9.365354176e+01 +9.365354176e+01 -5.838645824e+01 -5.838645824e+01 +5.0000e+00 +0.0000e+00 +0.0000e+00 +2.0000e+00 +8.0000e+00 +0.0000e+00 +0.0000e+00 +0.0000e+00 +0.0000e+00 +0.0000e+00
58 +5.730154176e+01 +5.730154176e+01 -9.473845824e+01 -9.473845824e+01 +0.0000e+00 +3.0000e+00 +0.0000e+00 +0.0000e+00 +6.0000e+00 +0.0000e+00 +0.0000e+00 +0.0000e+00 +0.0000e+00 +0.0000e+00
140 +3.639274176e+01 +3.639274176e+01 -1.156472582e+02 -1.156472582e+02 +0.0000e+00 +0.0000e+00 +0.0000e+00 +5.0000e+00 +3.0000e+00 +0.0000e+00 +0.0000e+00 +0.0000e+00 +0.0000e+00 +0.0000e+00
% function evaluation | noise-free fitness - Fopt (-2.525000000000e+01) | best noise-free fitness - Fopt | measured fitness | best measured fitness | x1 | x2...
1 +3.373718143e+03 +3.373718143e+03 +3.348468143e+03 +3.348468143e+03 +1.0000e+00 +0.0000e+00 +2.5000e+01 +2.6000e+01 +0.0000e+00 +0.0000e+00 +3.0000e+01 +1.3000e+01 +1.8000e+01 +1.5000e+01
3 +1.360382143e+03 +1.360382143e+03 +1.335132143e+03 +1.335132143e+03 +9.0000e+00 +2.0000e+01 +2.0000e+01 +6.0000e+00 +0.0000e+00 +0.0000e+00 +3.0000e+00 +4.0000e+00 +2.0000e+01 +0.0000e+00
15 +9.555053434e+02 +9.555053434e+02 +9.302553434e+02 +9.302553434e+02 +1.5000e+01 +1.0000e+01 +1.8000e+01 +4.0000e+00 +0.0000e+00 +0.0000e+00 +1.0000e+00 +2.0000e+00 +1.8000e+01 +0.0000e+00
33 +6.210557434e+02 +6.210557434e+02 +5.958057434e+02 +5.958057434e+02 +8.0000e+00 +1.1000e+01 +1.5000e+01 +1.0000e+00 +0.0000e+00 +0.0000e+00 +0.0000e+00 +0.0000e+00 +1.5000e+01 +0.0000e+00
51 +3.825949434e+02 +3.825949434e+02 +3.573449434e+02 +3.573449434e+02 +5.0000e+00 +8.0000e+00 +1.2000e+01 +0.0000e+00 +0.0000e+00 +0.0000e+00 +0.0000e+00 +0.0000e+00 +1.2000e+01 +0.0000e+00
69 +2.353981434e+02 +2.353981434e+02 +2.101481434e+02 +2.101481434e+02 +1.0000e+00 +6.0000e+00 +9.0000e+00 +0.0000e+00 +0.0000e+00 +0.0000e+00 +0.0000e+00 +0.0000e+00 +9.0000e+00 +0.0000e+00
77 +1.141677434e+02 +1.141677434e+02 +8.891774336e+01 +8.891774336e+01 +8.0000e+00 +3.0000e+00 +0.0000e+00 +0.0000e+00 +0.0000e+00 +0.0000e+00 +3.0000e+00 +1.0000e+00 +0.0000e+00 +3.0000e+00
89 +8.373574336e+01 +8.373574336e+01 +5.848574336e+01 +5.848574336e+01 +1.0000e+00 +6.0000e+00 +0.0000e+00 +0.0000e+00 +0.0000e+00 +0.0000e+00 +1.0000e+00 +0.0000e+00 +0.0000e+00 +1.0000e+00
95 +5.398054336e+01 +5.398054336e+01 +2.873054336e+01 +2.873054336e+01 +1.0000e+00 +4.0000e+00 +0.0000e+00 +0.0000e+00 +0.0000e+00 +0.0000e+00 +0.0000e+00 +0.0000e+00 +0.0000e+00 +0.0000e+00
101 +3.660454336e+01 +3.660454336e+01 +1.135454336e+01 +1.135454336e+01 +3.0000e+00 +0.0000e+00 +0.0000e+00 +0.0000e+00 +0.0000e+00 +0.0000e+00 +0.0000e+00 +0.0000e+00 +0.0000e+00 +0.0000e+00
% function evaluation | noise-free fitness - Fopt (2.230000000000e+00) | best noise-free fitness - Fopt | measured fitness | best measured fitness | x1 | x2...
1 +3.041597406e+03 +3.041597406e+03 +3.043827406e+03 +3.043827406e+03 +2.1000e+01 +2.2000e+01 +1.1000e+01 +2.5000e+01 +1.8000e+01 +2.0000e+01 +1.6000e+01 +3.0000e+00 +1.3000e+01 +4.0000e+00
4 +1.379864606e+03 +1.379864606e+03 +1.382094606e+03 +1.382094606e+03 +0.0000e+00 +8.0000e+00 +2.1000e+01 +2.0000e+00 +9.0000e+00 +1.0000e+01 +2.0000e+00 +4.0000e+00 +0.0000e+00 +2.4000e+01
22 +8.678022061e+02 +8.678022061e+02 +8.700322061e+02 +8.700322061e+02 +5.0000e+00 +0.0000e+00 +1.8000e+01 +0.0000e+00 +6.0000e+00 +7.0000e+00 +0.0000e+00 +1.0000e+00 +0.0000e+00 +2.1000e+01
40 +6.194006061e+02 +6.194006061e+02 +6.216306061e+02 +6.216306061e+02 +0.0000e+00 +2.0000e+00 +1.5000e+01 +0.0000e+00 +3.0000e+00 +4.0000e+00 +0.0000e+00 +0.0000e+00 +0.0000e+00 +1.8000e+01
64 +3.495814061e+02 +3.495814061e+02 +3.518114061e+02 +3.518114061e+02 +0.0000e+00 +0.0000e+00 +1.1000e+01 +0.0000e+00 +0.0000e+00 +0.0000e+00 +0.0000e+00 +0.0000e+00 +0.0000e+00 +1.4000e+01
82 +2.244742061e+02 +2.244742061e+02 +2.267042061e+02 +2.267042061e+02 +0.0000e+00 +0.0000e+00 +8.0000e+00 +0.0000e+00 +0.0000e+00 +0.0000e+00 +0.0000e+00 +0.0000e+00 +0.0000e+00 +1.1000e+01
100 +1.353670061e+02 +1.353670061e+02 +1.375970061e+02 +1.375970061e+02 +0.0000e+00 +0.0000e+00 +5.0000e+00 +0.0000e+00 +0.0000e+00 +0.0000e+00 +0.0000e+00 +0.0000e+00 +0.0000e+00 +8.0000e+00
112 +9.596220608e+01 +9.596220608e+01 +9.819220608e+01 +9.819220608e+01 +0.0000e+00 +0.0000e+00 +3.0000e+00 +0.0000e+00 +0.0000e+00 +0.0000e+00 +0.0000e+00 +0.0000e+00 +0.0000e+00 +6.0000e+00
% function evaluation | noise-free fitness - Fopt (-1.308000000000e+01) | best noise-free fitness - Fopt | measured fitness | best measured fitness | x1 | x2...
1 +3.194824067e+03 +3.194824067e+03 +3.181744067e+03 +3.181744067e+03 +9.0000e+00 +2.7000e+01 +1.4000e+01 +1.9000e+01 +0.0000e+00 +2.2000e+01 +1.4000e+01 +1.7000e+01 +1.0000e+00 +2.5000e+01
3 +2.171102467e+03 +2.171102467e+03 +2.158022467e+03 +2.158022467e+03 +2.1000e+01 +0.0000e+00 +1.0000e+00 +6.0000e+00 +1.8000e+01 +1.1000e+01 +1.7000e+01 +2.2000e+01 +1.6000e+01 +4.0000e+00
15 +1.569304067e+03 +1.569304067e+03 +1.556224067e+03 +1.556224067e+03 +1.1000e+01 +7.0000e+00 +0.0000e+00 +4.0000e+00 +1.6000e+01 +9.0000e+00 +1.5000e+01 +2.0000e+01 +1.4000e+01 +2.0000e+00
39 +9.808464672e+02 +9.808464672e+02 +9.677664672e+02 +9.677664672e+02 +0.0000e+00 +1.1000e+01 +0.0000e+00 +0.0000e+00 +1.2000e+01 +5.0000e+00 +1.1000e+01 +1.6000e+01 +1.0000e+01 +0.0000e+00
57 +6.004080672e+02 +6.004080672e+02 +5.873280672e+02 +5.873280672e+02 +0.0000e+00 +8.0000e+00 +0.0000e+00 +0.0000e+00 +9.0000e+00 +2.0000e+00 +8.0000e+00 +1.3000e+01 +7.0000e+00 +0.0000e+00
75 +3.111984672e+02 +3.111984672e+02 +2.981184672e+02 +2.981184672e+02 +5.0000e+00 +0.0000e+00 +0.0000e+00 +0.0000e+00 +6.0000e+00 +0.0000e+00 +5.0000e+00 +1.0000e+01 +4.0000e+00 +0.0000e+00
87 +2.144704672e+02 +2.144704672e+02 +2.013904672e+02 +2.013904672e+02 +0.0000e+00 +3.0000e+00 +0.0000e+00 +0.0000e+00 +4.0000e+00 +0.0000e+00 +3.0000e+00 +8.0000e+00 +2.0000e+00 +0.0000e+00
99 +1.362624672e+02 +1.362624672e+02 +1.231824672e+02 +1.231824672e+02 +0.0000e+00 +1.0000e+00 +0.0000e+00 +0.0000e+00 +2.0000e+00 +0.0000e+00 +1.0000e+00 +6.0000e+00 +0.0000e+00 +0.0000e+00
111 +9.204166720e+01 +9.204166720e+01 +7.896166720e+01 +7.896166720e+01 +0.0000e+00 +0.0000e+00 +0.0000e+00 +0.0000e+00 +0.0000e+00 +0.0000e+00 +0.0000e+00 +4.0000e+00 +0.0000e+00 +0.0000e+00
135 +5.977926720e+01 +5.977926720e+01 +4.669926720e+01 +4.669926720e+01 +0.0000e+00 +0.0000e+00 +0.0000e+00 +0.0000e+00 +0.0000e+00 +0.0000e+00 +0.0000e+00 +0.0000e+00 +0.0000e+00 +0.0000e+00
% function evaluation | noise-free fitness - Fopt (2.671600000000e+02) | best noise-free fitness - Fopt | measured fitness | best measured fitness | x1 | x2...
1 +1.533095557e+03 +1.533095557e+03 +1.800255557e+03 +1.800255557e+03 +1.5000e+01 +6.0000e+00 +3.0000e+00 +1.7000e+01 +3.0000e+00 +3.0000e+00 +1.4000e+01 +1.2000e+01 +6.0000e+00 +1.7000e+01
19 +9.791563571e+02 +9.791563571e+02 +1.246316357e+03 +1.246316357e+03 +3.0000e+00 +1.2000e+01 +0.0000e+00 +1.4000e+01 +0.0000e+00 +0.0000e+00 +1.1000e+01 +9.0000e+00 +3.0000e+00 +1.4000e+01
37 +5.594587571e+02 +5.594587571e+02 +8.266187571e+02 +8.266187571e+02 +1.0000e+00 +8.0000e+00 +0.0000e+00 +1.1000e+01 +0.0000e+00 +0.0000e+00 +8.0000e+00 +6.0000e+00 +0.0000e+00 +1.1000e+01
49 +3.680523571e+02 +3.680523571e+02 +6.352123571e+02 +6.352123571e+02 +6.0000e+00 +0.0000e+00 +0.0000e+00 +9.0000e+00 +0.0000e+00 +0.0000e+00 +6.0000e+00 +4.0000e+00 +0.0000e+00 +9.0000e+00
61 +2.404779571e+02 +2.404779571e+02 +5.076379571e+02 +5.076379571e+02 +0.0000e+00 +4.0000e+00 +0.0000e+00 +7.0000e+00 +0.0000e+00 +0.0000e+00 +4.0000e+00 +2.0000e+00 +0.0000e+00 +7.0000e+00
73 +1.415883571e+02 +1.415883571e+02 +4.087483571e+02 +4.087483571e+02 +2.0000e+00 +0.0000e+00 +0.0000e+00 +5.0000e+00 +0.0000e+00 +0.0000e+00 +2.0000e+00 +0.0000e+00 +0.0000e+00 +5.0000e+00
85 +9.303155712e+01 +9.303155712e+01 +3.601915571e+02 +3.601915571e+02 +0.0000e+00 +0.0000e+00 +0.0000e+00 +3.0000e+00 +0.0000e+00 +0.0000e+00 +0.0000e+00 +0.0000e+00 +0.0000e+00 +3.0000e+00
110 +6.229235712e+01 +6.229235712e+01 +3.294523571e+02 +3.294523571e+02 +0.0000e+00 +0.0000e+00 +0.0000e+00 +0.0000e+00 +4.0000e+00 +0.0000e+00 +0.0000e+00 +0.0000e+00 +0.0000e+00 +0.0000e+00
% function evaluation | noise-free fitness - Fopt (3.710000000000e+00) | best noise-free fitness - Fopt | measured fitness | best measured fitness | x1 | x2...
1 +1.376622265e+03 +1.376622265e+03 +1.380332265e+03 +1.380332265e+03 +1.3000e+01 +8.0000e+00 +1.0000e+00 +8.0000e+00 +2.7000e+01 +0.0000e+00 +0.0000e+00 +3.0000e+00 +1.4000e+01 +1.4000e+01
19 +9.395598650e+02 +9.395598650e+02 +9.432698650e+02 +9.432698650e+02 +1.0000e+01 +5.0000e+00 +0.0000e+00 +5.0000e+00 +2.4000e+01 +0.0000e+00 +0.0000e+00 +0.0000e+00 +1.1000e+01 +1.1000e+01
37 +6.060686650e+02 +6.060686650e+02 +6.097786650e+02 +6.097786650e+02 +6.0000e+00 +3.0000e+00 +0.0000e+00 +2.0000e+00 +2.1000e+01 +0.0000e+00 +0.0000e+00 +0.0000e+00 +8.0000e+00 +8.0000e+00
61 +3.304478650e+02 +3.304478650e+02 +3.341578650e+02 +3.341578650e+02 +2.0000e+00 +0.0000e+00 +0.0000e+00 +0.0000e+00 +1.7000e+01 +0.0000e+00 +0.0000e+00 +0.0000e+00 +4.0000e+00 +4.0000e+00
79 +2.290958650e+02 +2.290958650e+02 +2.328058650e+02 +2.328058650e+02 +0.0000e+00 +0.0000e+00 +0.0000e+00 +0.0000e+00 +1.4000e+01 +0.0000e+00 +0.0000e+00 +0.0000e+00 +1.0000e+00 +1.0000e+00
87 +1.371150650e+02 +1.371150650e+02 +1.408250650e+02 +1.408250650e+02 +4.0000e+00 +1.0000e+00 +0.0000e+00 +2.0000e+00 +0.0000e+00 +5.0000e+00 +6.0000e+00 +0.0000e+00 +0.0000e+00 +3.0000e+00
99 +7.267186496e+01 +7.267186496e+01 +7.638186496e+01 +7.638186496e+01 +2.0000e+00 +0.0000e+00 +0.0000e+00 +0.0000e+00 +0.0000e+00 +3.0000e+00 +4.0000e+00 +0.0000e+00 +0.0000e+00 +1.0000e+00
111 +6.038386496e+01 +6.038386496e+01 +6.409386496e+01 +6.409386496e+01 +0.0000e+00 +0.0000e+00 +0.0000e+00 +0.0000e+00 +0.0000e+00 +1.0000e+00 +2.0000e+00 +0.0000e+00 +0.0000e+00 +0.0000e+00
% function evaluation | noise-free fitness - Fopt (9.478000000000e+01) | best noise-free fitness - Fopt | measured fitness | best measured fitness | x1 | x2...
1 +1.680252108e+03 +1.680252108e+03 +1.775032108e+03 +1.775032108e+03 +8.0000e+00 +8.0000e+00 +1.8000e+01 +2.3000e+01 +1.0000e+00 +1.1000e+01 +1.6000e+01 +1.9000e+01 +8.0000e+00 +6.0000e+00
7 +1.478839308e+03 +1.478839308e+03 +1.573619308e+03 +1.573619308e+03 +7.0000e+00 +7.0000e+00 +1.7000e+01 +2.2000e+01 +0.0000e+00 +1.0000e+01 +1.5000e+01 +1.8000e+01 +7.0000e+00 +5.0000e+00
25 +9.705049082e+02 +9.705049082e+02 +1.065284908e+03 +1.065284908e+03 +4.0000e+00 +4.0000e+00 +1.4000e+01 +1.9000e+01 +0.0000e+00 +7.0000e+00 +1.2000e+01 +1.5000e+01 +4.0000e+00 +2.0000e+00
43 +6.169817082e+02 +6.169817082e+02 +7.117617082e+02 +7.117617082e+02 +1.0000e+00 +1.0000e+00 +1.1000e+01 +1.6000e+01 +0.0000e+00 +4.0000e+00 +9.0000e+00 +1.2000e+01 +1.0000e+00 +0.0000e+00
61 +3.833529082e+02 +3.833529082e+02 +4.781329082e+02 +4.781329082e+02 +0.0000e+00 +0.0000e+00 +8.0000e+00 +1.3000e+01 +0.0000e+00 +1.0000e+00 +6.0000e+00 +9.0000e+00 +0.0000e+00 +0.0000e+00
79 +2.373625082e+02 +2.373625082e+02 +3.321425082e+02 +3.321425082e+02 +0.0000e+00 +0.0000e+00 +5.0000e+00 +1.0000e+01 +0.0000e+00 +0.0000e+00 +3.0000e+00 +6.0000e+00 +0.0000e+00 +0.0000e+00
98 +1.473257082e+02 +1.473257082e+02 +2.421057082e+02 +2.421057082e+02 +0.0000e+00 +0.0000e+00 +0.0000e+00 +5.0000e+00 +0.0000e+00 +0.0000e+00 +6.0000e+00 +0.0000e+00 +8.0000e+00 +0.0000e+00
110 +9.620890816e+01 +9.620890816e+01 +1.909889082e+02 +1.909889082e+02 +0.0000e+00 +0.0000e+00 +0.0000e+00 +3.0000e+00 +0.0000e+00 +0.0000e+00 +4.0000e+00 +0.0000e+00 +6.0000e+00 +0.0000e+00
136 +6.153050816e+01 +6.153050816e+01 +1.563105082e+02 +1.563105082e+02 +0.0000e+00 +0.0000e+00 +4.0000e+00 +0.0000e+00 +0.0000e+00 +0.0000e+00 +7.0000e+00 +5.0000e+00 +0.0000e+00 +4.0000e+00
% function evaluation | noise-free fitness - Fopt (2.339200000000e+02) | best noise-free fitness - Fopt | measured fitness | best measured fitness | x1 | x2...
1 +1.856020848e+03 +1.856020848e+03 +2.089940848e+03 +2.089940848e+03 +3.0000e+00 +2.6000e+01 +9.0000e+00 +1.9000e+01 +1.0000e+01 +2.2000e+01 +0.0000e+00 +5.0000e+00 +3.0000e+00 +1.0000e+01
2 +6.910128480e+02 +6.910128480e+02 +9.249328480e+02 +9.249328480e+02 +1.0000e+00 +1.1000e+01 +5.0000e+00 +2.0000e+00 +2.0000e+00 +3.0000e+00 +1.0000e+00 +1.5000e+01 +1.6000e+01 +5.0000e+00
8 +5.596512480e+02 +5.596512480e+02 +7.935712480e+02 +7.935712480e+02 +2.0000e+00 +8.0000e+00 +4.0000e+00 +1.0000e+00 +1.0000e+00 +2.0000e+00 +0.0000e+00 +1.4000e+01 +1.5000e+01 +4.0000e+00
26 +3.193008480e+02 +3.193008480e+02 +5.532208480e+02 +5.532208480e+02 +0.0000e+00 +5.0000e+00 +1.0000e+00 +0.0000e+00 +0.0000e+00 +0.0000e+00 +0.0000e+00 +1.1000e+01 +1.2000e+01 +1.0000e+00
38 +2.203664480e+02 +2.203664480e+02 +4.542864480e+02 +4.542864480e+02 +0.0000e+00 +3.0000e+00 +0.0000e+00 +0.0000e+00 +0.0000e+00 +0.0000e+00 +0.0000e+00 +9.0000e+00 +1.0000e+01 +0.0000e+00
50 +1.497936480e+02 +1.497936480e+02 +3.837136480e+02 +3.837136480e+02 +0.0000e+00 +1.0000e+00 +0.0000e+00 +0.0000e+00 +0.0000e+00 +0.0000e+00 +0.0000e+00 +7.0000e+00 +8.0000e+00 +0.0000e+00
68 +8.237764800e+01 +8.237764800e+01 +3.162976480e+02 +3.162976480e+02 +0.0000e+00 +0.0000e+00 +0.0000e+00 +0.0000e+00 +0.0000e+00 +0.0000e+00 +0.0000e+00 +4.0000e+00 +5.0000e+00 +0.0000e+00
80 +5.724804800e+01 +5.724804800e+01 +2.911680480e+02 +2.911680480e+02 +0.0000e+00 +0.0000e+00 +0.0000e+00 +0.0000e+00 +0.0000e+00 +0.0000e+00 +0.0000e+00 +2.0000e+00 +3.0000e+00 +0.0000e+00
115 +3.502884800e+01 +3.502884800e+01 +2.689488480e+02 +2.689488480e+02 +0.0000e+00 +0.0000e+00 +0.0000e+00 +0.0000e+00 +0.0000e+00 +3.0000e+00 +0.0000e+00 +0.0000e+00 +0.0000e+00 +0.0000e+00
% function evaluation | noise-free fitness - Fopt (-6.092000000000e+01) | best noise-free fitness - Fopt | measured fitness | best measured fitness | x1 | x2...
1 +2.875681868e+03 +2.875681868e+03 +2.814761868e+03 +2.814761868e+03 +1.5000e+01 +1.2000e+01 +1.5000e+01 +2.4000e+01 +2.8000e+01 +1.1000e+01 +4.0000e+00 +0.0000e+00 +2.3000e+01 +9.0000e+00
4 +1.565702668e+03 +1.565702668e+03 +1.504782668e+03 +1.504782668e+03 +9.0000e+00 +2.1000e+01 +3.0000e+00 +5.0000e+00 +0.0000e+00 +1.1000e+01 +1.2000e+01 +1.2000e+01 +3.0000e+00 +2.5000e+01
28 +8.867938682e+02 +8.867938682e+02 +8.258738682e+02 +8.258738682e+02 +9.0000e+00 +1.3000e+01 +0.0000e+00 +1.0000e+00 +0.0000e+00 +7.0000e+00 +8.0000e+00 +8.0000e+00 +0.0000e+00 +2.1000e+01
46 +5.704914682e+02 +5.704914682e+02 +5.095714682e+02 +5.095714682e+02 +6.0000e+00 +1.0000e+01 +0.0000e+00 +0.0000e+00 +0.0000e+00 +4.0000e+00 +5.0000e+00 +5.0000e+00 +0.0000e+00 +1.8000e+01
64 +3.752242682e+02 +3.752242682e+02 +3.143042682e+02 +3.143042682e+02 +3.0000e+00 +8.0000e+00 +0.0000e+00 +0.0000e+00 +0.0000e+00 +1.0000e+00 +2.0000e+00 +2.0000e+00 +0.0000e+00 +1.5000e+01
88 +2.201826682e+02 +2.201826682e+02 +1.592626682e+02 +1.592626682e+02 +0.0000e+00 +3.0000e+00 +0.0000e+00 +0.0000e+00 +0.0000e+00 +0.0000e+00 +0.0000e+00 +0.0000e+00 +0.0000e+00 +1.1000e+01
106 +1.539330682e+02 +1.539330682e+02 +9.301306816e+01 +9.301306816e+01 +0.0000e+00 +0.0000e+00 +0.0000e+00 +0.0000e+00 +0.0000e+00 +0.0000e+00 +0.0000e+00 +0.0000e+00 +0.0000e+00 +8.0000e+00
124 +9.906426816e+01 +9.906426816e+01 +3.814426816e+01 +3.814426816e+01 +0.0000e+00 +0.0000e+00 +0.0000e+00 +0.0000e+00 +0.0000e+00 +0.0000e+00 +0.0000e+00 +0.0000e+00 +0.0000e+00 +5.0000e+00
142 +6.219546816e+01 +6.219546816e+01 +1.275468160e+00 +1.275468160e+00 +0.0000e+00 +0.0000e+00 +0.0000e+00 +0.0000e+00 +0.0000e+00 +0.0000e+00 +0.0000e+00 +0.0000e+00 +0.0000e+00 +2.0000e+00
167 +3.501626816e+01 +3.501626816e+01 -2.590373184e+01 -2.590373184e+01 +3.0000e+00 +3.0000e+00 +2.0000e+00 +0.0000e+00 +0.0000e+00 +0.0000e+00 +0.0000e+00 +0.0000e+00 +0.0000e+00 +0.0000e+00
% function evaluation | noise-free fitness - Fopt (-1.948000000000e+01) | best noise-free fitness - Fopt | measured fitness | best measured fitness | x1 | x2...
1 +1.902584750e+03 +1.902584750e+03 +1.883104750e+03 +1.883104750e+03 +2.0000e+00 +8.0000e+00 +1.1000e+01 +1.0000e+00 +1.0000e+00 +4.0000e+00 +2.9000e+01 +1.1000e+01 +1.2000e+01 +2.2000e+01
13 +1.537843950e+03 +1.537843950e+03 +1.518363950e+03 +1.518363950e+03 +2.0000e+00 +4.0000e+00 +9.0000e+00 +0.0000e+00 +0.0000e+00 +2.0000e+00 +2.7000e+01 +9.0000e+00 +1.0000e+01 +2.0000e+01
37 +9.934855501e+02 +9.934855501e+02 +9.740055501e+02 +9.740055501e+02 +0.0000e+00 +0.0000e+00 +5.0000e+00 +0.0000e+00 +0.0000e+00 +0.0000e+00 +2.3000e+01 +5.0000e+00 +6.0000e+00 +1.6000e+01
61 +6.244807501e+02 +6.244807501e+02 +6.050007501e+02 +6.050007501e+02 +0.0000e+00 +0.0000e+00 +1.0000e+00 +0.0000e+00 +0.0000e+00 +0.0000e+00 +1.9000e+01 +1.0000e+00 +2.0000e+00 +1.2000e+01
80 +3.816615501e+02 +3.816615501e+02 +3.621815501e+02 +3.621815501e+02 +1.0000e+01 +8.0000e+00 +0.0000e+00 +0.0000e+00 +0.0000e+00 +7.0000e+00 +1.0000e+00 +0.0000e+00 +1.3000e+01 +4.0000e+00
100 +2.462647501e+02 +2.462647501e+02 +2.267847501e+02 +2.267847501e+02 +2.0000e+00 +1.1000e+01 +0.0000e+00 +0.0000e+00 +3.0000e+00 +0.0000e+00 +0.0000e+00 +3.0000e+00 +0.0000e+00 +1.2000e+01
110 +1.169223501e+02 +1.169223501e+02 +9.744235008e+01 +9.744235008e+01 +1.0000e+00 +8.0000e+00 +0.0000e+00 +0.0000e+00 +0.0000e+00 +2.0000e+00 +0.0000e+00 +0.0000e+00 +8.0000e+00 +0.0000e+00
116 +8.126955008e+01 +8.126955008e+01 +6.178955008e+01 +6.178955008e+01 +3.0000e+00 +4.0000e+00 +0.0000e+00 +0.0000e+00 +0.0000e+00 +1.0000e+00 +0.0000e+00 +0.0000e+00 +7.0000e+00 +0.0000e+00
128 +4.689675008e+01 +4.689675008e+01 +2.741675008e+01 +2.741675008e+01 +1.0000e+00 +2.0000e+00 +0.0000e+00 +0.0000e+00 +0.0000e+00 +0.0000e+00 +0.0000e+00 +0.0000e+00 +5.0000e+00 +0.0000e+00
146 +3.949355008e+01 +3.949355008e+01 +2.001355008e+01 +2.001355008e+01 +0.0000e+00 +0.0000e+00 +0.0000e+00 +0.0000e+00 +0.0000e+00 +0.0000e+00 +0.0000e+00 +0.0000e+00 +2.0000e+00 +0.0000e+00
% function evaluation | noise-free fitness - Fopt (1.344700000000e+02) | best noise-free fitness - Fopt | measured fitness | best measured fitness | x1 | x2...
1 +3.977992460e+03 +3.977992460e+03 +4.112462460e+03 +4.112462460e+03 +2.9000e+01 +2.7000e+01 +2.3000e+01 +1.3000e+01 +2.0000e+00 +2.3000e+01 +2.8000e+01 +0.0000e+00 +1.5000e+01 +6.0000e+00
2 +2.389747660e+03 +2.389747660e+03 +2.524217660e+03 +2.524217660e+03 +2.7000e+01 +2.5000e+01 +1.3000e+01 +9.0000e+00 +2.0000e+00 +9.0000e+00 +1.3000e+01 +1.7000e+01 +9.0000e+00 +0.0000e+00
26 +1.462998860e+03 +1.462998860e+03 +1.597468860e+03 +1.597468860e+03 +1.7000e+01 +2.7000e+01 +9.0000e+00 +5.0000e+00 +0.0000e+00 +5.0000e+00 +9.0000e+00 +1.3000e+01 +5.0000e+00 +0.0000e+00
44 +9.639796595e+02 +9.639796595e+02 +1.098449660e+03 +1.098449660e+03 +1.6000e+01 +2.2000e+01 +6.0000e+00 +2.0000e+00 +0.0000e+00 +2.0000e+00 +6.0000e+00 +1.0000e+01 +2.0000e+00 +0.0000e+00
68 +6.092436595e+02 +6.092436595e+02 +7.437136595e+02 +7.437136595e+02 +6.0000e+00 +2.4000e+01 +2.0000e+00 +0.0000e+00 +0.0000e+00 +0.0000e+00 +2.0000e+00 +6.0000e+00 +0.0000e+00 +0.0000e+00
83 +3.911380595e+02 +3.911380595e+02 +5.256080595e+02 +5.256080595e+02 +0.0000e+00 +4.0000e+00 +2.0000e+00 +1.2000e+01 +0.0000e+00 +0.0000e+00 +0.0000e+00 +1.0000e+01 +0.0000e+00 +0.0000e+00
102 +2.059508595e+02 +2.059508595e+02 +3.404208595e+02 +3.404208595e+02 +8.0000e+00 +5.0000e+00 +6.0000e+00 +0.0000e+00 +0.0000e+00 +0.0000e+00 +0.0000e+00 +0.0000e+00 +0.0000e+00 +0.0000e+00
108 +1.329076595e+02 +1.329076595e+02 +2.673776595e+02 +2.673776595e+02 +4.0000e+00 +7.0000e+00 +5.0000e+00 +0.0000e+00 +0.0000e+00 +0.0000e+00 +0.0000e+00 +0.0000e+00 +0.0000e+00 +0.0000e+00
120 +8.182285952e+01 +8.182285952e+01 +2.162928595e+02 +2.162928595e+02 +2.0000e+00 +5.0000e+00 +3.0000e+00 +0.0000e+00 +0.0000e+00 +0.0000e+00 +0.0000e+00 +0.0000e+00 +0.0000e+00 +0.0000e+00
132 +5.473805952e+01 +5.473805952e+01 +1.892080595e+02 +1.892080595e+02 +0.0000e+00 +3.0000e+00 +1.0000e+00 +0.0000e+00 +0.0000e+00 +0.0000e+00 +0.0000e+00 +0.0000e+00 +0.0000e+00 +0.0000e+00
% function evaluation | noise-free fitness - Fopt (4.453500000000e+02) | best noise-free fitness - Fopt | measured fitness | best measured fitness | x1 | x2...
1 +3.290147105e+03 +3.290147105e+03 +3.735497105e+03 +3.735497105e+03 +2.1000e+01 +0.0000e+00 +1.2000e+01 +2.5000e+01 +1.0000e+00 +2.6000e+01 +2.4000e+01 +2.0000e+00 +9.0000e+00 +2.2000e+01
2 +1.473571105e+03 +1.473571105e+03 +1.918921105e+03 +1.918921105e+03 +5.0000e+00 +1.0000e+00 +6.0000e+00 +2.7000e+01 +2.1000e+01 +1.5000e+01 +5.0000e+00 +3.0000e+00 +1.1000e+01 +3.0000e+00
20 +9.868415053e+02 +9.868415053e+02 +1.432191505e+03 +1.432191505e+03 +2.0000e+00 +0.0000e+00 +3.0000e+00 +2.4000e+01 +1.8000e+01 +1.2000e+01 +2.0000e+00 +0.0000e+00 +8.0000e+00 +0.0000e+00
44 +5.736559053e+02 +5.736559053e+02 +1.019005905e+03 +1.019005905e+03 +0.0000e+00 +0.0000e+00 +0.0000e+00 +2.0000e+01 +1.4000e+01 +8.0000e+00 +0.0000e+00 +0.0000e+00 +4.0000e+00 +0.0000e+00
62 +3.845599053e+02 +3.845599053e+02 +8.299099053e+02 +8.299099053e+02 +0.0000e+00 +0.0000e+00 +0.0000e+00 +1.7000e+01 +1.1000e+01 +5.0000e+00 +0.0000e+00 +0.0000e+00 +1.0000e+00 +0.0000e+00
86 +2.263215053e+02 +2.263215053e+02 +6.716715053e+02 +6.716715053e+02 +0.0000e+00 +0.0000e+00 +0.0000e+00 +1.3000e+01 +7.0000e+00 +1.0000e+00 +0.0000e+00 +0.0000e+00 +0.0000e+00 +0.0000e+00
104 +1.515791053e+02 +1.515791053e+02 +5.969291053e+02 +5.969291053e+02 +0.0000e+00 +0.0000e+00 +0.0000e+00 +1.0000e+01 +4.0000e+00 +0.0000e+00 +0.0000e+00 +0.0000e+00 +0.0000e+00 +0.0000e+00
118 +8.831670528e+01 +8.831670528e+01 +5.336667053e+02 +5.336667053e+02 +0.0000e+00 +0.0000e+00 +0.0000e+00 +0.0000e+00 +3.0000e+00 +7.0000e+00 +0.0000e+00 +0.0000e+00 +1.0000e+00 +4.0000e+00
136 +6.164470528e+01 +6.164470528e+01 +5.069947053e+02 +5.069947053e+02 +0.0000e+00 +0.0000e+00 +0.0000e+00 +0.0000e+00 +0.0000e+00 +4.0000e+00 +0.0000e+00 +0.0000e+00 +0.0000e+00 +1.0000e+00
