% function evaluation | noise-free fitness - Fopt (7.948000000000e+01) | best noise-free fitness - Fopt | measured fitness | best measured fitness | x1 | x2...
1 +3.687624017e+03 +3.687624017e+03 +3.767104017e+03 +3.767104017e+03 +2.1000e+01 +4.0000e+00 +3.0000e+00 +1.6000e+01 +2.0000e+00 +1.1000e+01 +2.2000e+01 +1.2000e+01 +1.3000e+01 +2.3000e+01 +2.6000e+01 +1.1000e+01 +4.0000e+00 +1.2000e+01 +0.0000e+00 +8.0000e+00 +0.0000e+00 +1.0000e+01 +3.0000e+00 +0.0000e+00
17 +2.304084817e+03 +2.304084817e+03 +2.383564817e+03 +2.383564817e+03 +1.7000e+01 +0.0000e+00 +0.0000e+00 +1.2000e+01 +0.0000e+00 +7.0000e+00 +1.8000e+01 +8.0000e+00 +9.0000e+00 +1.9000e+01 +2.2000e+01 +7.0000e+00 +0.0000e+00 +8.0000e+00 +0.0000e+00 +4.0000e+00 +0.0000e+00 +6.0000e+00 +0.0000e+00 +0.0000e+00
29 +1.469262417e+03 +1.469262417e+03 +1.548742417e+03 +1.548742417e+03 +6.0000e+00 +7.0000e+00 +0.0000e+00 +9.0000e+00 +0.0000e+00 +4.0000e+00 +1.5000e+01 +5.0000e+00 +6.0000e+00 +1.6000e+01 +1.9000e+01 +4.0000e+00 +0.0000e+00 +5.0000e+00 +0.0000e+00 +1.0000e+00 +0.0000e+00 +3.0000e+00 +0.0000e+00 +0.0000e+00
41 +9.463472173e+02 +9.463472173e+02 +1.025827217e+03 +1.025827217e+03 +7.0000e+00 +0.0000e+00 +0.0000e+00 +6.0000e+00 +0.0000e+00 +1.0000e+00 +1.2000e+01 +2.0000e+00 +3.0000e+00 +1.3000e+01 +1.6000e+01 +1.0000e+00 +0.0000e+00 +2.0000e+00 +0.0000e+00 +0.0000e+00 +0.0000e+00 +0.0000e+00 +0.0000e+00 +0.0000e+00
53 +6.035232173e+02 +6.035232173e+02 +6.830032173e+02 +6.830032173e+02 +2.0000e+00 +0.0000e+00 +0.0000e+00 +3.0000e+00 +0.0000e+00 +0.0000e+00 +9.0000e+00 +0.0000e+00 +0.0000e+00 +1.0000e+01 +1.3000e+01 +0.0000e+00 +0.0000e+00 +0.0000e+00 +0.0000e+00 +0.0000e+00 +0.0000e+00 +0.0000e+00 +0.0000e+00 +0.0000e+00
65 +3.959632173e+02 +3.959632173e+02 +4.754432173e+02 +4.754432173e+02 +0.0000e+00 +0.0000e+00 +0.0000e+00 +0.0000e+00 +0.0000e+00 +0.0000e+00 +6.0000e+00 +0.0000e+00 +0.0000e+00 +7.0000e+00 +1.0000e+01 +0.0000e+00 +0.0000e+00 +0.0000e+00 +0.0000e+00 +0.0000e+00 +0.0000e+00 +0.0000e+00 +0.0000e+00 +0.0000e+00
77 +2.428336173e+02 +2.428336173e+02 +3.223136173e+02 +3.223136173e+02 +0.0000e+00 +0.0000e+00 +0.0000e+00 +0.0000e+00 +0.0000e+00 +0.0000e+00 +3.0000e+00 +0.0000e+00 +0.0000e+00 +4.0000e+00 +7.0000e+00 +0.0000e+00 +0.0000e+00 +0.0000e+00 +0.0000e+00 +0.0000e+00 +0.0000e+00 +0.0000e+00 +0.0000e+00 +0.0000e+00
89 +1.437040173e+02 +1.437040173e+02 +2.231840173e+02 +2.231840173e+02 +0.0000e+00 +0.0000e+00 +0.0000e+00 +0.0000e+00 +0.0000e+00 +0.0000e+00 +0.0000e+00 +0.0000e+00 +0.0000e+00 +1.0000e+00 +4.0000e+00 +0.0000e+00 +0.0000e+00 +0.0000e+00 +0.0000e+00 +0.0000e+00 +0.0000e+00 +0.0000e+00 +0.0000e+00 +0.0000e+00
101 +9.848001728e+01 +9.848001728e+01 +1.779600173e+02 +1.779600173e+02 +0.0000e+00 +0.0000e+00 +0.0000e+00 +0.0000e+00 +0.0000e+00 +0.0000e+00 +0.0000e+00 +0.0000e+00 +0.0000e+00 +0.0000e+00 +1.0000e+00 +0.0000e+00 +0.0000e+00 +0.0000e+00 +0.0000e+00 +0.0000e+00 +0.0000e+00 +0.0000e+00 +0.0000e+00 +0.0000e+00
% function evaluation | noise-free fitness - Fopt (3.944800000000e+02) | best noise-free fitness - Fopt | measured fitness | best measured fitness | x1 | x2...
1 +6.839883682e+03 +6.839883682e+03 +7.234363682e+03 +7.234363682e+03 +0.0000e+00 +1.0000e+00 +2.9000e+01 +1.0000e+01 +8.0000e+00 +2.0000e+01 +2.4000e+01 +2.9000e+01 +2.4000e+01 +6.0000e+00 +1.6000e+01 +1.3000e+01 +0.0000e+00 +1.5000e+01 +2.0000e+01 +2.0000e+01 +9.0000e+00 +2.7000e+01 +2.7000e+01 +1.2000e+01
2 +6.150814882e+03 +6.150814882e+03 +6.545294882e+03 +6.545294882e+03 +2.2000e+01 +0.0000e+00 +2.6000e+01 +1.9000e+01 +2.0000e+01 +4.0000e+00 +1.6000e+01 +2.6000e+01 +8.0000e+00 +0.0000e+00 +7.0000e+00 +4.0000e+00 +0.0000e+00 +5.0000e+00 +2.7000e+01 +2.0000e+00 +3.0000e+01 +1.6000e+01 +0.0000e+00 +2.6000e+01
20 +3.801776482e+03 +3.801776482e+03 +4.196256482e+03 +4.196256482e+03 +8.0000e+00 +9.0000e+00 +1.2000e+01 +1.6000e+01 +0.0000e+00 +1.7000e+01 +2.2000e+01 +1.9000e+01 +1.9000e+01 +4.0000e+00 +0.0000e+00 +0.0000e+00 +2.0000e+01 +0.0000e+00 +1.1000e+01 +0.0000e+00 +1.0000e+00 +2.1000e+01 +2.1000e+01 +0.0000e+00
36 +2.291806882e+03 +2.291806882e+03 +2.686286882e+03 +2.686286882e+03 +4.0000e+00 +5.0000e+00 +8.0000e+00 +1.2000e+01 +0.0000e+00 +1.3000e+01 +1.8000e+01 +1.5000e+01 +1.5000e+01 +0.0000e+00 +0.0000e+00 +0.0000e+00 +1.6000e+01 +0.0000e+00 +7.0000e+00 +0.0000e+00 +0.0000e+00 +1.7000e+01 +1.7000e+01 +0.0000e+00
48 +1.450837282e+03 +1.450837282e+03 +1.845317282e+03 +1.845317282e+03 +1.0000e+00 +2.0000e+00 +5.0000e+00 +9.0000e+00 +0.0000e+00 +1.0000e+01 +1.5000e+01 +1.2000e+01 +1.2000e+01 +0.0000e+00 +0.0000e+00 +0.0000e+00 +1.3000e+01 +0.0000e+00 +4.0000e+00 +0.0000e+00 +0.0000e+00 +1.4000e+01 +1.4000e+01 +0.0000e+00
60 +8.422420819e+02 +8.422420819e+02 +1.236722082e+03 +1.236722082e+03 +0.0000e+00 +0.0000e+00 +2.0000e+00 +6.0000e+00 +0.0000e+00 +7.0000e+00 +1.2000e+01 +9.0000e+00 +9.0000e+00 +0.0000e+00 +0.0000e+00 +0.0000e+00 +1.0000e+01 +0.0000e+00 +1.0000e+00 +0.0000e+00 +0.0000e+00 +1.1000e+01 +1.1000e+01 +0.0000e+00
68 +5.593828819e+02 +5.593828819e+02 +9.538628819e+02 +9.538628819e+02 +0.0000e+00 +0.0000e+00 +0.0000e+00 +4.0000e+00 +0.0000e+00 +5.0000e+00 +1.0000e+01 +7.0000e+00 +7.0000e+00 +0.0000e+00 +0.0000e+00 +0.0000e+00 +8.0000e+00 +0.0000e+00 +0.0000e+00 +0.0000e+00 +0.0000e+00 +9.0000e+00 +9.0000e+00 +0.0000e+00
76 +3.683652819e+02 +3.683652819e+02 +7.628452819e+02 +7.628452819e+02 +0.0000e+00 +0.0000e+00 +0.0000e+00 +2.0000e+00 +0.0000e+00 +3.0000e+00 +8.0000e+00 +5.0000e+00 +5.0000e+00 +0.0000e+00 +0.0000e+00 +0.0000e+00 +6.0000e+00 +0.0000e+00 +0.0000e+00 +0.0000e+00 +0.0000e+00 +7.0000e+00 +7.0000e+00 +0.0000e+00
84 +2.413476819e+02 +2.413476819e+02 +6.358276819e+02 +6.358276819e+02 +0.0000e+00 +0.0000e+00 +0.0000e+00 +0.0000e+00 +0.0000e+00 +1.0000e+00 +6.0000e+00 +3.0000e+00 +3.0000e+00 +0.0000e+00 +0.0000e+00 +0.0000e+00 +4.0000e+00 +0.0000e+00 +0.0000e+00 +0.0000e+00 +0.0000e+00 +5.0000e+00 +5.0000e+00 +0.0000e+00
96 +1.460068819e+02 +1.460068819e+02 +5.404868819e+02 +5.404868819e+02 +0.0000e+00 +0.0000e+00 +0.0000e+00 +0.0000e+00 +0.0000e+00 +0.0000e+00 +3.0000e+00 +0.0000e+00 +0.0000e+00 +0.0000e+00 +0.0000e+00 +0.0000e+00 +1.0000e+00 +0.0000e+00 +0.0000e+00 +0.0000e+00 +0.0000e+00 +2.0000e+00 +2.0000e+00 +0.0000e+00
% function evaluation | noise-free fitness - Fopt (-2.471100000000e+02) | best noise-free fitness - Fopt | measured fitness | best measured fitness | x1 | x2...
1 +6.808062996e+03 +6.808062996e+03 +6.560952996e+03 +6.560952996e+03 +8.0000e+00 +3.1000e+01 +7.0000e+00 +3.0000e+01 +1.8000e+01 +2.5000e+01 +2.1000e+01 +2.1000e+01 +1.2000e+01 +8.0000e+00 +1.2000e+01 +3.0000e+01 +2.1000e+01 +1.0000e+01 +9.0000e+00 +1.9000e+01 +1.0000e+01 +5.0000e+00 +1.7000e+01 +2.2000e+01
2 +4.503125396e+03 +4.503125396e+03 +4.256015396e+03 +4.256015396e+03 +1.5000e+01 +2.3000e+01 +0.0000e+00 +1.1000e+01 +2.0000e+01 +1.9000e+01 +2.0000e+00 +1.6000e+01 +2.9000e+01 +1.6000e+01 +1.0000e+00 +1.5000e+01 +0.0000e+00 +1.2000e+01 +7.0000e+00 +0.0000e+00 +4.0000e+00 +2.0000e+01 +1.0000e+01 +2.0000e+01
7 +3.581163796e+03 +3.581163796e+03 +3.334053796e+03 +3.334053796e+03 +2.0000e+00 +8.0000e+00 +4.0000e+00 +4.0000e+00 +2.8000e+01 +1.4000e+01 +2.5000e+01 +1.0000e+01 +5.0000e+00 +2.7000e+01 +0.0000e+00 +7.0000e+00 +7.0000e+00 +2.0000e+00 +6.0000e+00 +2.3000e+01 +0.0000e+00 +1.5000e+01 +1.6000e+01 +6.0000e+00
23 +2.275090196e+03 +2.275090196e+03 +2.027980196e+03 +2.027980196e+03 +4.0000e+00 +0.0000e+00 +0.0000e+00 +0.0000e+00 +2.4000e+01 +1.0000e+01 +2.1000e+01 +6.0000e+00 +1.0000e+00 +2.3000e+01 +0.0000e+00 +3.0000e+00 +3.0000e+00 +0.0000e+00 +2.0000e+00 +1.9000e+01 +0.0000e+00 +1.1000e+01 +1.2000e+01 +2.0000e+00
38 +1.495763796e+03 +1.495763796e+03 +1.248653796e+03 +1.248653796e+03 +1.4000e+01 +6.0000e+00 +0.0000e+00 +2.0000e+00 +1.1000e+01 +1.0000e+01 +0.0000e+00 +7.0000e+00 +2.0000e+01 +7.0000e+00 +0.0000e+00 +6.0000e+00 +0.0000e+00 +3.0000e+00 +0.0000e+00 +0.0000e+00 +0.0000e+00 +1.1000e+01 +1.0000e+00 +1.1000e+01
50 +8.605029958e+02 +8.605029958e+02 +6.133929958e+02 +6.133929958e+02 +3.0000e+00 +1.1000e+01 +0.0000e+00 +0.0000e+00 +8.0000e+00 +7.0000e+00 +0.0000e+00 +4.0000e+00 +1.7000e+01 +4.0000e+00 +0.0000e+00 +3.0000e+00 +0.0000e+00 +0.0000e+00 +0.0000e+00 +0.0000e+00 +0.0000e+00 +8.0000e+00 +0.0000e+00 +8.0000e+00
62 +4.883061958e+02 +4.883061958e+02 +2.411961958e+02 +2.411961958e+02 +0.0000e+00 +8.0000e+00 +0.0000e+00 +0.0000e+00 +5.0000e+00 +4.0000e+00 +0.0000e+00 +1.0000e+00 +1.4000e+01 +1.0000e+00 +0.0000e+00 +0.0000e+00 +0.0000e+00 +0.0000e+00 +0.0000e+00 +0.0000e+00 +0.0000e+00 +5.0000e+00 +0.0000e+00 +5.0000e+00
70 +3.434325958e+02 +3.434325958e+02 +9.632259584e+01 +9.632259584e+01 +3.0000e+00 +2.0000e+00 +0.0000e+00 +0.0000e+00 +3.0000e+00 +2.0000e+00 +0.0000e+00 +0.0000e+00 +1.2000e+01 +0.0000e+00 +0.0000e+00 +0.0000e+00 +0.0000e+00 +0.0000e+00 +0.0000e+00 +0.0000e+00 +0.0000e+00 +3.0000e+00 +0.0000e+00 +3.0000e+00
78 +2.421365958e+02 +2.421365958e+02 -4.973404160e+00 -4.973404160e+00 +1.0000e+00 +0.0000e+00 +0.0000e+00 +0.0000e+00 +1.0000e+00 +0.0000e+00 +0.0000e+00 +0.0000e+00 +1.0000e+01 +0.0000e+00 +0.0000e+00 +0.0000e+00 +0.0000e+00 +0.0000e+00 +0.0000e+00 +0.0000e+00 +0.0000e+00 +1.0000e+00 +0.0000e+00 +1.0000e+00
98 +1.488789958e+02 +1.488789958e+02 -9.823100416e+01 -9.823100416e+01 +0.0000e+00 +0.0000e+00 +0.0000e+00 +0.0000e+00 +0.0000e+00 +0.0000e+00 +0.0000e+00 +0.0000e+00 +5.0000e+00 +0.0000e+00 +0.0000e+00 +0.0000e+00 +0.0000e+00 +0.0000e+00 +0.0000e+00 +0.0000e+00 +0.0000e+00 +0.0000e+00 +0.0000e+00 +0.0000e+00
% function evaluation | noise-free fitness - Fopt (-1.520400000000e+02) | best noise-free fitness - Fopt | measured fitness | best measured fitness | x1 | x2...
1 +8.539604035e+03 +8.539604035e+03 +8.387564035e+03 +8.387564035e+03 +2.1000e+01 +2.7000e+01 +2.1000e+01 +2.5000e+01 +4.0000e+00 +2.4000e+01 +2.9000e+01 +3.0000e+00 +1.6000e+01 +1.0000e+00 +2.8000e+01 +3.0000e+01 +1.2000e+01 +2.2000e+01 +3.0000e+01 +2.5000e+01 +1.8000e+01 +9.0000e+00 +1.9000e+01 +0.0000e+00
4 +6.050852035e+03 +6.050852035e+03 +5.898812035e+03 +5.898812035e+03 +4.0000e+00 +2.1000e+01 +9.0000e+00 +2.0000e+00 +2.6000e+01 +6.0000e+00 +2.5000e+01 +5.0000e+00 +2.0000e+00 +2.6000e+01 +2.2000e+01 +2.7000e+01 +1.9000e+01 +0.0000e+00 +1.6000e+01 +0.0000e+00 +1.1000e+01 +1.9000e+01 +2.8000e+01 +2.0000e+01
24 +3.626869635e+03 +3.626869635e+03 +3.474829635e+03 +3.474829635e+03 +0.0000e+00 +1.6000e+01 +4.0000e+00 +0.0000e+00 +2.1000e+01 +1.0000e+00 +2.0000e+01 +0.0000e+00 +0.0000e+00 +2.1000e+01 +1.7000e+01 +2.2000e+01 +1.4000e+01 +0.0000e+00 +1.1000e+01 +0.0000e+00 +6.0000e+00 +1.4000e+01 +2.3000e+01 +1.5000e+01
36 +2.445244035e+03 +2.445244035e+03 +2.293204035e+03 +2.293204035e+03 +6.0000e+00 +5.0000e+00 +1.0000e+00 +0.0000e+00 +1.8000e+01 +0.0000e+00 +1.7000e+01 +0.0000e+00 +0.0000e+00 +1.8000e+01 +1.4000e+01 +1.9000e+01 +1.1000e+01 +0.0000e+00 +8.0000e+00 +0.0000e+00 +3.0000e+00 +1.1000e+01 +2.0000e+01 +1.2000e+01
52 +1.383332035e+03 +1.383332035e+03 +1.231292035e+03 +1.231292035e+03 +2.0000e+00 +1.0000e+00 +0.0000e+00 +0.0000e+00 +1.4000e+01 +0.0000e+00 +1.3000e+01 +0.0000e+00 +0.0000e+00 +1.4000e+01 +1.0000e+01 +1.5000e+01 +7.0000e+00 +0.0000e+00 +4.0000e+00 +0.0000e+00 +0.0000e+00 +7.0000e+00 +1.6000e+01 +8.0000e+00
60 +9.953016352e+02 +9.953016352e+02 +8.432616352e+02 +8.432616352e+02 +0.0000e+00 +0.0000e+00 +0.0000e+00 +0.0000e+00 +1.2000e+01 +0.0000e+00 +1.1000e+01 +0.0000e+00 +0.0000e+00 +1.2000e+01 +8.0000e+00 +1.3000e+01 +5.0000e+00 +0.0000e+00 +2.0000e+00 +0.0000e+00 +0.0000e+00 +5.0000e+00 +1.4000e+01 +6.0000e+00
72 +5.665192352e+02 +5.665192352e+02 +4.144792352e+02 +4.144792352e+02 +0.0000e+00 +0.0000e+00 +0.0000e+00 +0.0000e+00 +9.0000e+00 +0.0000e+00 +8.0000e+00 +0.0000e+00 +0.0000e+00 +9.0000e+00 +5.0000e+00 +1.0000e+01 +2.0000e+00 +0.0000e+00 +0.0000e+00 +0.0000e+00 +0.0000e+00 +2.0000e+00 +1.1000e+01 +3.0000e+00
80 +3.725736352e+02 +3.725736352e+02 +2.205336352e+02 +2.205336352e+02 +0.0000e+00 +0.0000e+00 +0.0000e+00 +0.0000e+00 +7.0000e+00 +0.0000e+00 +6.0000e+00 +0.0000e+00 +0.0000e+00 +7.0000e+00 +3.0000e+00 +8.0000e+00 +0.0000e+00 +0.0000e+00 +0.0000e+00 +0.0000e+00 +0.0000e+00 +0.0000e+00 +9.0000e+00 +1.0000e+00
88 +2.481640352e+02 +2.481640352e+02 +9.612403520e+01 +9.612403520e+01 +0.0000e+00 +0.0000e+00 +0.0000e+00 +0.0000e+00 +5.0000e+00 +0.0000e+00 +4.0000e+00 +0.0000e+00 +0.0000e+00 +5.0000e+00 +1.0000e+00 +6.0000e+00 +0.0000e+00 +0.0000e+00 +0.0000e+00 +0.0000e+00 +0.0000e+00 +0.0000e+00 +7.0000e+00 +0.0000e+00
100 +1.405720352e+02 +1.405720352e+02 -1.146796480e+01 -1.146796480e+01 +0.0000e+00 +0.0000e+00 +0.0000e+00 +0.0000e+00 +2.0000e+00 +0.0000e+00 +1.0000e+00 +0.0000e+00 +0.0000e+00 +2.0000e+00 +0.0000e+00 +3.0000e+00 +0.0000e+00 +0.0000e+00 +0.0000e+00 +0.0000e+00 +0.0000e+00 +0.0000e+00 +4.0000e+00 +0.0000e+00
% function evaluation | noise-free fitness - Fopt (-2.525000000000e+01) | best noise-free fitness - Fopt | measured fitness | best measured fitness | x1 | x2...
1 +4.254842828e+03 +4.254842828e+03 +4.229592828e+03 +4.229592828e+03 +0.0000e+00 +1.7000e+01 +2.0000e+00 +2.0000e+00 +2.7000e+01 +1.4000e+01 +1.8000e+01 +1.3000e+01 +7.0000e+00 +1.3000e+01 +1.5000e+01 +2.0000e+00 +0.0000e+00 +1.4000e+01 +3.0000e+01 +0.0000e+00 +2.4000e+01 +0.0000e+00 +2.3000e+01 +2.0000e+00
4 +2.871335628e+03 +2.871335628e+03 +2.846085628e+03 +2.846085628e+03 +1.4000e+01 +1.4000e+01 +1.2000e+01 +9.0000e+00 +6.0000e+00 +9.0000e+00 +1.5000e+01 +2.7000e+01 +1.2000e+01 +3.0000e+00 +7.0000e+00 +0.0000e+00 +2.0000e+00 +0.0000e+00 +1.8000e+01 +0.0000e+00 +7.0000e+00 +9.0000e+00 +0.0000e+00 +2.0000e+01
12 +2.188289228e+03 +2.188289228e+03 +2.163039228e+03 +2.163039228e+03 +1.2000e+01 +1.2000e+01 +1.0000e+01 +7.0000e+00 +4.0000e+00 +7.0000e+00 +1.3000e+01 +2.5000e+01 +1.0000e+01 +1.0000e+00 +5.0000e+00 +0.0000e+00 +0.0000e+00 +0.0000e+00 +1.6000e+01 +0.0000e+00 +5.0000e+00 +7.0000e+00 +0.0000e+00 +1.8000e+01
24 +1.416833228e+03 +1.416833228e+03 +1.391583228e+03 +1.391583228e+03 +9.0000e+00 +9.0000e+00 +7.0000e+00 +4.0000e+00 +1.0000e+00 +4.0000e+00 +1.0000e+01 +2.2000e+01 +7.0000e+00 +0.0000e+00 +2.0000e+00 +0.0000e+00 +0.0000e+00 +0.0000e+00 +1.3000e+01 +0.0000e+00 +2.0000e+00 +4.0000e+00 +0.0000e+00 +1.5000e+01
36 +8.805132282e+02 +8.805132282e+02 +8.552632282e+02 +8.552632282e+02 +6.0000e+00 +6.0000e+00 +4.0000e+00 +1.0000e+00 +0.0000e+00 +1.0000e+00 +7.0000e+00 +1.9000e+01 +4.0000e+00 +0.0000e+00 +0.0000e+00 +0.0000e+00 +0.0000e+00 +0.0000e+00 +1.0000e+01 +0.0000e+00 +0.0000e+00 +1.0000e+00 +0.0000e+00 +1.2000e+01
48 +5.388044282e+02 +5.388044282e+02 +5.135544282e+02 +5.135544282e+02 +3.0000e+00 +3.0000e+00 +1.0000e+00 +0.0000e+00 +0.0000e+00 +0.0000e+00 +4.0000e+00 +1.6000e+01 +1.0000e+00 +0.0000e+00 +0.0000e+00 +0.0000e+00 +0.0000e+00 +0.0000e+00 +7.0000e+00 +0.0000e+00 +0.0000e+00 +0.0000e+00 +0.0000e+00 +9.0000e+00
56 +3.959660282e+02 +3.959660282e+02 +3.707160282e+02 +3.707160282e+02 +1.0000e+00 +1.0000e+00 +0.0000e+00 +0.0000e+00 +0.0000e+00 +0.0000e+00 +2.0000e+00 +1.4000e+01 +0.0000e+00 +0.0000e+00 +0.0000e+00 +0.0000e+00 +0.0000e+00 +0.0000e+00 +5.0000e+00 +0.0000e+00 +0.0000e+00 +0.0000e+00 +0.0000e+00 +7.0000e+00
72 +2.211276282e+02 +2.211276282e+02 +1.958776282e+02 +1.958776282e+02 +0.0000e+00 +0.0000e+00 +0.0000e+00 +0.0000e+00 +0.0000e+00 +0.0000e+00 +0.0000e+00 +1.0000e+01 +0.0000e+00 +0.0000e+00 +0.0000e+00 +0.0000e+00 +0.0000e+00 +0.0000e+00 +1.0000e+00 +0.0000e+00 +0.0000e+00 +0.0000e+00 +0.0000e+00 +3.0000e+00
84 +1.463868282e+02 +1.463868282e+02 +1.211368282e+02 +1.211368282e+02 +0.0000e+00 +0.0000e+00 +0.0000e+00 +0.0000e+00 +0.0000e+00 +0.0000e+00 +0.0000e+00 +7.0000e+00 +0.0000e+00 +0.0000e+00 +0.0000e+00 +0.0000e+00 +0.0000e+00 +0.0000e+00 +0.0000e+00 +0.0000e+00 +0.0000e+00 +0.0000e+00 +0.0000e+00 +0.0000e+00
93 +8.429082816e+01 +8.429082816e+01 +5.904082816e+01 +5.904082816e+01 +0.0000e+00 +0.0000e+00 +0.0000e+00 +0.0000e+00 +4.0000e+00 +0.0000e+00 +0.0000e+00 +0.0000e+00 +0.0000e+00 +0.0000e+00 +0.0000e+00 +0.0000e+00 +0.0000e+00 +0.0000e+00 +7.0000e+00 +0.0000e+00 +1.0000e+00 +0.0000e+00 +0.0000e+00 +0.0000e+00
% function evaluation | noise-free fitness - Fopt (2.230000000000e+00) | best noise-free fitness - Fopt | measured fitness | best measured fitness | x1 | x2...
1 +5.966752183e+03 +5.966752183e+03 +5.968982183e+03 +5.968982183e+03 +2.3000e+01 +1.9000e+01 +3.0000e+00 +3.0000e+01 +1.0000e+00 +1.5000e+01 +2.7000e+01 +0.0000e+00 +5.0000e+00 +6.0000e+00 +9.0000e+00 +2.9000e+01 +2.0000e+01 +3.0000e+00 +1.1000e+01 +2.2000e+01 +5.0000e+00 +2.5000e+01 +1.1000e+01 +3.0000e+00
16 +3.564140983e+03 +3.564140983e+03 +3.566370983e+03 +3.566370983e+03 +0.0000e+00 +0.0000e+00 +0.0000e+00 +0.0000e+00 +7.0000e+00 +1.9000e+01 +1.4000e+01 +7.0000e+00 +1.6000e+01 +9.0000e+00 +1.6000e+01 +3.0000e+00 +2.2000e+01 +1.0000e+01 +1.8000e+01 +5.0000e+00 +9.0000e+00 +2.4000e+01 +2.2000e+01 +5.0000e+00
28 +2.449139383e+03 +2.449139383e+03 +2.451369383e+03 +2.451369383e+03 +0.0000e+00 +0.0000e+00 +0.0000e+00 +0.0000e+00 +4.0000e+00 +1.6000e+01 +1.1000e+01 +4.0000e+00 +1.3000e+01 +6.0000e+00 +1.3000e+01 +0.0000e+00 +1.9000e+01 +7.0000e+00 +1.5000e+01 +2.0000e+00 +6.0000e+00 +2.1000e+01 +1.9000e+01 +2.0000e+00
44 +1.397424183e+03 +1.397424183e+03 +1.399654183e+03 +1.399654183e+03 +0.0000e+00 +0.0000e+00 +0.0000e+00 +0.0000e+00 +0.0000e+00 +1.2000e+01 +7.0000e+00 +0.0000e+00 +9.0000e+00 +2.0000e+00 +9.0000e+00 +0.0000e+00 +1.5000e+01 +3.0000e+00 +1.1000e+01 +0.0000e+00 +2.0000e+00 +1.7000e+01 +1.5000e+01 +0.0000e+00
56 +8.571025830e+02 +8.571025830e+02 +8.593325830e+02 +8.593325830e+02 +0.0000e+00 +0.0000e+00 +0.0000e+00 +0.0000e+00 +0.0000e+00 +9.0000e+00 +4.0000e+00 +0.0000e+00 +6.0000e+00 +0.0000e+00 +6.0000e+00 +0.0000e+00 +1.2000e+01 +0.0000e+00 +8.0000e+00 +0.0000e+00 +0.0000e+00 +1.4000e+01 +1.2000e+01 +0.0000e+00
64 +5.848593830e+02 +5.848593830e+02 +5.870893830e+02 +5.870893830e+02 +0.0000e+00 +0.0000e+00 +0.0000e+00 +0.0000e+00 +0.0000e+00 +7.0000e+00 +2.0000e+00 +0.0000e+00 +4.0000e+00 +0.0000e+00 +4.0000e+00 +0.0000e+00 +1.0000e+01 +0.0000e+00 +6.0000e+00 +0.0000e+00 +0.0000e+00 +1.2000e+01 +1.0000e+01 +0.0000e+00
72 +3.766161830e+02 +3.766161830e+02 +3.788461830e+02 +3.788461830e+02 +0.0000e+00 +0.0000e+00 +0.0000e+00 +0.0000e+00 +0.0000e+00 +5.0000e+00 +0.0000e+00 +0.0000e+00 +2.0000e+00 +0.0000e+00 +2.0000e+00 +0.0000e+00 +8.0000e+00 +0.0000e+00 +4.0000e+00 +0.0000e+00 +0.0000e+00 +1.0000e+01 +8.0000e+00 +0.0000e+00
80 +2.373233830e+02 +2.373233830e+02 +2.395533830e+02 +2.395533830e+02 +0.0000e+00 +0.0000e+00 +0.0000e+00 +0.0000e+00 +0.0000e+00 +3.0000e+00 +0.0000e+00 +0.0000e+00 +0.0000e+00 +0.0000e+00 +0.0000e+00 +0.0000e+00 +6.0000e+00 +0.0000e+00 +2.0000e+00 +0.0000e+00 +0.0000e+00 +8.0000e+00 +6.0000e+00 +0.0000e+00
88 +1.501553830e+02 +1.501553830e+02 +1.523853830e+02 +1.523853830e+02 +0.0000e+00 +0.0000e+00 +0.0000e+00 +0.0000e+00 +0.0000e+00 +1.0000e+00 +0.0000e+00 +0.0000e+00 +0.0000e+00 +0.0000e+00 +0.0000e+00 +0.0000e+00 +4.0000e+00 +0.0000e+00 +0.0000e+00 +0.0000e+00 +0.0000e+00 +6.0000e+00 +4.0000e+00 +0.0000e+00
% function evaluation | noise-free fitness - Fopt (-1.308000000000e+01) | best noise-free fitness - Fopt | measured fitness | best measured fitness | x1 | x2...
1 +4.547217747e+03 +4.547217747e+03 +4.534137747e+03 +4.534137747e+03 +2.0000e+01 +2.3000e+01 +1.1000e+01 +2.3000e+01 +1.4000e+01 +5.0000e+00 +1.6000e+01 +2.9000e+01 +2.3000e+01 +4.0000e+00 +4.0000e+00 +0.0000e+00 +1.0000e+00 +0.0000e+00 +2.6000e+01 +1.0000e+01 +1.3000e+01 +7.0000e+00 +5.0000e+00 +1.0000e+00
9 +3.696892947e+03 +3.696892947e+03 +3.683812947e+03 +3.683812947e+03 +1.7000e+01 +2.2000e+01 +9.0000e+00 +2.1000e+01 +1.2000e+01 +3.0000e+00 +1.4000e+01 +2.7000e+01 +2.1000e+01 +2.0000e+00 +2.0000e+00 +0.0000e+00 +0.0000e+00 +0.0000e+00 +2.4000e+01 +8.0000e+00 +1.1000e+01 +5.0000e+00 +3.0000e+00 +0.0000e+00
25 +2.370569747e+03 +2.370569747e+03 +2.357489747e+03 +2.357489747e+03 +2.2000e+01 +9.0000e+00 +5.0000e+00 +1.7000e+01 +8.0000e+00 +0.0000e+00 +1.0000e+01 +2.3000e+01 +1.7000e+01 +0.0000e+00 +0.0000e+00 +0.0000e+00 +0.0000e+00 +0.0000e+00 +2.0000e+01 +4.0000e+00 +7.0000e+00 +1.0000e+00 +0.0000e+00 +0.0000e+00
37 +1.578076947e+03 +1.578076947e+03 +1.564996947e+03 +1.564996947e+03 +1.1000e+01 +1.4000e+01 +2.0000e+00 +1.4000e+01 +5.0000e+00 +0.0000e+00 +7.0000e+00 +2.0000e+01 +1.4000e+01 +0.0000e+00 +0.0000e+00 +0.0000e+00 +0.0000e+00 +0.0000e+00 +1.7000e+01 +1.0000e+00 +4.0000e+00 +0.0000e+00 +0.0000e+00 +0.0000e+00
53 +8.624017466e+02 +8.624017466e+02 +8.493217466e+02 +8.493217466e+02 +1.0000e+01 +7.0000e+00 +0.0000e+00 +1.0000e+01 +1.0000e+00 +0.0000e+00 +3.0000e+00 +1.6000e+01 +1.0000e+01 +0.0000e+00 +0.0000e+00 +0.0000e+00 +0.0000e+00 +0.0000e+00 +1.3000e+01 +0.0000e+00 +0.0000e+00 +0.0000e+00 +0.0000e+00 +0.0000e+00
68 +6.248945466e+02 +6.248945466e+02 +6.118145466e+02 +6.118145466e+02 +9.0000e+00 +1.0000e+00 +0.0000e+00 +0.0000e+00 +0.0000e+00 +8.0000e+00 +6.0000e+00 +0.0000e+00 +1.1000e+01 +0.0000e+00 +0.0000e+00 +4.0000e+00 +0.0000e+00 +0.0000e+00 +0.0000e+00 +3.0000e+00 +0.0000e+00 +0.0000e+00 +1.4000e+01 +0.0000e+00
73 +3.769889466e+02 +3.769889466e+02 +3.639089466e+02 +3.639089466e+02 +7.0000e+00 +2.0000e+00 +0.0000e+00 +5.0000e+00 +0.0000e+00 +0.0000e+00 +0.0000e+00 +1.1000e+01 +5.0000e+00 +0.0000e+00 +0.0000e+00 +0.0000e+00 +0.0000e+00 +0.0000e+00 +8.0000e+00 +0.0000e+00 +0.0000e+00 +0.0000e+00 +0.0000e+00 +0.0000e+00
85 +2.097121466e+02 +2.097121466e+02 +1.966321466e+02 +1.966321466e+02 +4.0000e+00 +0.0000e+00 +0.0000e+00 +2.0000e+00 +0.0000e+00 +0.0000e+00 +0.0000e+00 +8.0000e+00 +2.0000e+00 +0.0000e+00 +0.0000e+00 +0.0000e+00 +0.0000e+00 +0.0000e+00 +5.0000e+00 +0.0000e+00 +0.0000e+00 +0.0000e+00 +0.0000e+00 +0.0000e+00
93 +1.560193466e+02 +1.560193466e+02 +1.429393466e+02 +1.429393466e+02 +2.0000e+00 +0.0000e+00 +0.0000e+00 +0.0000e+00 +0.0000e+00 +0.0000e+00 +0.0000e+00 +6.0000e+00 +0.0000e+00 +0.0000e+00 +0.0000e+00 +0.0000e+00 +0.0000e+00 +0.0000e+00 +3.0000e+00 +0.0000e+00 +0.0000e+00 +0.0000e+00 +0.0000e+00 +0.0000e+00
108 +9.432014656e+01 +9.432014656e+01 +8.124014656e+01 +8.124014656e+01 +0.0000e+00 +0.0000e+00 +0.0000e+00 +0.0000e+00 +0.0000e+00 +0.0000e+00 +0.0000e+00 +0.0000e+00 +1.0000e+00 +0.0000e+00 +0.0000e+00 +0.0000e+00 +0.0000e+00 +0.0000e+00 +0.0000e+00 +0.0000e+00 +0.0000e+00 +0.0000e+00 +4.0000e+00 +0.0000e+00
% function evaluation | noise-free fitness - Fopt (2.671600000000e+02) | best noise-free fitness - Fopt | measured fitness | best measured fitness | x1 | x2...
1 +3.721817784e+03 +3.721817784e+03 +3.988977784e+03 +3.988977784e+03 +0.0000e+00 +0.0000e+00 +2.0000e+00 +1.6000e+01 +6.0000e+00 +1.0000e+01 +2.2000e+01 +2.7000e+01 +4.0000e+00 +1.1000e+01 +1.1000e+01 +2.7000e+01 +2.1000e+01 +9.0000e+00 +0.0000e+00 +4.0000e+00 +1.2000e+01 +3.0000e+00 +1.0000e+01 +6.0000e+00
17 +2.312214584e+03 +2.312214584e+03 +2.579374584e+03 +2.579374584e+03 +0.0000e+00 +0.0000e+00 +0.0000e+00 +1.2000e+01 +2.0000e+00 +6.0000e+00 +1.8000e+01 +2.3000e+01 +0.0000e+00 +7.0000e+00 +7.0000e+00 +2.3000e+01 +1.7000e+01 +5.0000e+00 +0.0000e+00 +0.0000e+00 +8.0000e+00 +0.0000e+00 +6.0000e+00 +2.0000e+00
29 +1.573460984e+03 +1.573460984e+03 +1.840620984e+03 +1.840620984e+03 +0.0000e+00 +0.0000e+00 +0.0000e+00 +9.0000e+00 +0.0000e+00 +3.0000e+00 +1.5000e+01 +2.0000e+01 +0.0000e+00 +4.0000e+00 +4.0000e+00 +2.0000e+01 +1.4000e+01 +2.0000e+00 +0.0000e+00 +0.0000e+00 +5.0000e+00 +0.0000e+00 +3.0000e+00 +0.0000e+00
45 +9.061985843e+02 +9.061985843e+02 +1.173358584e+03 +1.173358584e+03 +0.0000e+00 +0.0000e+00 +0.0000e+00 +5.0000e+00 +0.0000e+00 +0.0000e+00 +1.1000e+01 +1.6000e+01 +0.0000e+00 +0.0000e+00 +0.0000e+00 +1.6000e+01 +1.0000e+01 +0.0000e+00 +0.0000e+00 +0.0000e+00 +1.0000e+00 +0.0000e+00 +0.0000e+00 +0.0000e+00
57 +5.877393843e+02 +5.877393843e+02 +8.548993843e+02 +8.548993843e+02 +0.0000e+00 +0.0000e+00 +0.0000e+00 +2.0000e+00 +0.0000e+00 +0.0000e+00 +8.0000e+00 +1.3000e+01 +0.0000e+00 +0.0000e+00 +0.0000e+00 +1.3000e+01 +7.0000e+00 +0.0000e+00 +0.0000e+00 +0.0000e+00 +0.0000e+00 +0.0000e+00 +0.0000e+00 +0.0000e+00
69 +3.648513843e+02 +3.648513843e+02 +6.320113843e+02 +6.320113843e+02 +0.0000e+00 +0.0000e+00 +0.0000e+00 +0.0000e+00 +0.0000e+00 +0.0000e+00 +5.0000e+00 +1.0000e+01 +0.0000e+00 +0.0000e+00 +0.0000e+00 +1.0000e+01 +4.0000e+00 +0.0000e+00 +0.0000e+00 +0.0000e+00 +0.0000e+00 +0.0000e+00 +0.0000e+00 +0.0000e+00
81 +2.254737843e+02 +2.254737843e+02 +4.926337843e+02 +4.926337843e+02 +0.0000e+00 +0.0000e+00 +0.0000e+00 +0.0000e+00 +0.0000e+00 +0.0000e+00 +2.0000e+00 +7.0000e+00 +0.0000e+00 +0.0000e+00 +0.0000e+00 +7.0000e+00 +1.0000e+00 +0.0000e+00 +0.0000e+00 +0.0000e+00 +0.0000e+00 +0.0000e+00 +0.0000e+00 +0.0000e+00
93 +1.494257843e+02 +1.494257843e+02 +4.165857843e+02 +4.165857843e+02 +0.0000e+00 +0.0000e+00 +0.0000e+00 +0.0000e+00 +0.0000e+00 +0.0000e+00 +0.0000e+00 +4.0000e+00 +0.0000e+00 +0.0000e+00 +0.0000e+00 +4.0000e+00 +0.0000e+00 +0.0000e+00 +0.0000e+00 +0.0000e+00 +0.0000e+00 +0.0000e+00 +0.0000e+00 +0.0000e+00
% function evaluation | noise-free fitness - Fopt (3.710000000000e+00) | best noise-free fitness - Fopt | measured fitness | best measured fitness | x1 | x2...
1 +5.414804509e+03 +5.414804509e+03 +5.418514509e+03 +5.418514509e+03 +8.0000e+00 +2.0000e+00 +6.0000e+00 +7.0000e+00 +9.0000e+00 +1.2000e+01 +2.8000e+01 +3.0000e+01 +2.2000e+01 +2.2000e+01 +2.2000e+01 +1.1000e+01 +1.7000e+01 +1.8000e+01 +0.0000e+00 +1.3000e+01 +1.6000e+01 +3.0000e+00 +1.5000e+01 +1.4000e+01
13 +3.875354909e+03 +3.875354909e+03 +3.879064909e+03 +3.879064909e+03 +3.0000e+00 +1.0000e+00 +3.0000e+00 +4.0000e+00 +6.0000e+00 +9.0000e+00 +2.5000e+01 +2.7000e+01 +1.9000e+01 +1.9000e+01 +1.9000e+01 +8.0000e+00 +1.4000e+01 +1.5000e+01 +0.0000e+00 +1.0000e+01 +1.3000e+01 +0.0000e+00 +1.2000e+01 +1.1000e+01
29 +2.334204509e+03 +2.334204509e+03 +2.337914509e+03 +2.337914509e+03 +0.0000e+00 +0.0000e+00 +0.0000e+00 +0.0000e+00 +2.0000e+00 +5.0000e+00 +2.1000e+01 +2.3000e+01 +1.5000e+01 +1.5000e+01 +1.5000e+01 +4.0000e+00 +1.0000e+01 +1.1000e+01 +0.0000e+00 +6.0000e+00 +9.0000e+00 +0.0000e+00 +8.0000e+00 +7.0000e+00
41 +1.491734109e+03 +1.491734109e+03 +1.495444109e+03 +1.495444109e+03 +0.0000e+00 +0.0000e+00 +0.0000e+00 +0.0000e+00 +0.0000e+00 +2.0000e+00 +1.8000e+01 +2.0000e+01 +1.2000e+01 +1.2000e+01 +1.2000e+01 +1.0000e+00 +7.0000e+00 +8.0000e+00 +0.0000e+00 +3.0000e+00 +6.0000e+00 +0.0000e+00 +5.0000e+00 +4.0000e+00
53 +8.885773094e+02 +8.885773094e+02 +8.922873094e+02 +8.922873094e+02 +0.0000e+00 +0.0000e+00 +0.0000e+00 +0.0000e+00 +0.0000e+00 +0.0000e+00 +1.5000e+01 +1.7000e+01 +9.0000e+00 +9.0000e+00 +9.0000e+00 +0.0000e+00 +4.0000e+00 +5.0000e+00 +0.0000e+00 +0.0000e+00 +3.0000e+00 +0.0000e+00 +2.0000e+00 +1.0000e+00
61 +6.122749094e+02 +6.122749094e+02 +6.159849094e+02 +6.159849094e+02 +0.0000e+00 +0.0000e+00 +0.0000e+00 +0.0000e+00 +0.0000e+00 +0.0000e+00 +1.3000e+01 +1.5000e+01 +7.0000e+00 +7.0000e+00 +7.0000e+00 +0.0000e+00 +2.0000e+00 +3.0000e+00 +0.0000e+00 +0.0000e+00 +1.0000e+00 +0.0000e+00 +0.0000e+00 +0.0000e+00
73 +3.494269094e+02 +3.494269094e+02 +3.531369094e+02 +3.531369094e+02 +0.0000e+00 +0.0000e+00 +0.0000e+00 +0.0000e+00 +0.0000e+00 +0.0000e+00 +1.0000e+01 +1.2000e+01 +4.0000e+00 +4.0000e+00 +4.0000e+00 +0.0000e+00 +0.0000e+00 +0.0000e+00 +0.0000e+00 +0.0000e+00 +0.0000e+00 +0.0000e+00 +0.0000e+00 +0.0000e+00
81 +2.382013094e+02 +2.382013094e+02 +2.419113094e+02 +2.419113094e+02 +0.0000e+00 +0.0000e+00 +0.0000e+00 +0.0000e+00 +0.0000e+00 +0.0000e+00 +8.0000e+00 +1.0000e+01 +2.0000e+00 +2.0000e+00 +2.0000e+00 +0.0000e+00 +0.0000e+00 +0.0000e+00 +0.0000e+00 +0.0000e+00 +0.0000e+00 +0.0000e+00 +0.0000e+00 +0.0000e+00
93 +1.436845094e+02 +1.436845094e+02 +1.473945094e+02 +1.473945094e+02 +0.0000e+00 +0.0000e+00 +0.0000e+00 +0.0000e+00 +0.0000e+00 +0.0000e+00 +5.0000e+00 +7.0000e+00 +0.0000e+00 +0.0000e+00 +0.0000e+00 +0.0000e+00 +0.0000e+00 +0.0000e+00 +0.0000e+00 +0.0000e+00 +0.0000e+00 +0.0000e+00 +0.0000e+00 +0.0000e+00
105 +9.781090944e+01 +9.781090944e+01 +1.015209094e+02 +1.015209094e+02 +0.0000e+00 +0.0000e+00 +0.0000e+00 +0.0000e+00 +0.0000e+00 +0.0000e+00 +2.0000e+00 +4.0000e+00 +0.0000e+00 +0.0000e+00 +0.0000e+00 +0.0000e+00 +0.0000e+00 +0.0000e+00 +0.0000e+00 +0.0000e+00 +0.0000e+00 +0.0000e+00 +0.0000e+00 +0.0000e+00
% function evaluation | noise-free fitness - Fopt (9.478000000000e+01) | best noise-free fitness - Fopt | measured fitness | best measured fitness | x1 | x2...
1 +7.242098233e+03 +7.242098233e+03 +7.336878233e+03 +7.336878233e+03 +1.4000e+01 +2.0000e+00 +2.8000e+01 +1.3000e+01 +1.7000e+01 +2.7000e+01 +1.8000e+01 +2.4000e+01 +2.0000e+01 +1.6000e+01 +1.3000e+01 +9.0000e+00 +2.2000e+01 +2.2000e+01 +9.0000e+00 +2.9000e+01 +0.0000e+00 +2.4000e+01 +2.6000e+01 +2.1000e+01
2 +5.879770233e+03 +5.879770233e+03 +5.974550233e+03 +5.974550233e+03 +1.6000e+01 +1.3000e+01 +1.3000e+01 +3.0000e+00 +2.7000e+01 +2.3000e+01 +1.0000e+01 +2.3000e+01 +2.0000e+01 +1.3000e+01 +2.7000e+01 +4.0000e+00 +1.5000e+01 +1.3000e+01 +2.8000e+01 +2.7000e+01 +2.0000e+00 +3.0000e+00 +1.0000e+00 +1.5000e+01
4 +2.998819833e+03 +2.998819833e+03 +3.093599833e+03 +3.093599833e+03 +1.7000e+01 +7.0000e+00 +1.0000e+01 +0.0000e+00 +2.7000e+01 +1.4000e+01 +3.0000e+00 +1.5000e+01 +1.8000e+01 +3.0000e+00 +1.9000e+01 +1.1000e+01 +5.0000e+00 +1.0000e+00 +1.0000e+01 +0.0000e+00 +4.0000e+00 +2.2000e+01 +2.0000e+00 +1.6000e+01
12 +2.464440633e+03 +2.464440633e+03 +2.559220633e+03 +2.559220633e+03 +2.1000e+01 +0.0000e+00 +8.0000e+00 +0.0000e+00 +2.5000e+01 +1.2000e+01 +1.0000e+00 +1.3000e+01 +1.6000e+01 +1.0000e+00 +1.7000e+01 +9.0000e+00 +3.0000e+00 +0.0000e+00 +8.0000e+00 +0.0000e+00 +2.0000e+00 +2.0000e+01 +0.0000e+00 +1.4000e+01
28 +1.479971833e+03 +1.479971833e+03 +1.574751833e+03 +1.574751833e+03 +1.0000e+00 +1.5000e+01 +4.0000e+00 +0.0000e+00 +2.1000e+01 +8.0000e+00 +0.0000e+00 +9.0000e+00 +1.2000e+01 +0.0000e+00 +1.3000e+01 +5.0000e+00 +0.0000e+00 +0.0000e+00 +4.0000e+00 +0.0000e+00 +0.0000e+00 +1.6000e+01 +0.0000e+00 +1.0000e+01
36 +9.774086330e+02 +9.774086330e+02 +1.072188633e+03 +1.072188633e+03 +1.3000e+01 +0.0000e+00 +2.0000e+00 +0.0000e+00 +1.9000e+01 +6.0000e+00 +0.0000e+00 +7.0000e+00 +1.0000e+01 +0.0000e+00 +1.1000e+01 +3.0000e+00 +0.0000e+00 +0.0000e+00 +2.0000e+00 +0.0000e+00 +0.0000e+00 +1.4000e+01 +0.0000e+00 +8.0000e+00
52 +5.348550330e+02 +5.348550330e+02 +6.296350330e+02 +6.296350330e+02 +0.0000e+00 +9.0000e+00 +0.0000e+00 +0.0000e+00 +1.5000e+01 +2.0000e+00 +0.0000e+00 +3.0000e+00 +6.0000e+00 +0.0000e+00 +7.0000e+00 +0.0000e+00 +0.0000e+00 +0.0000e+00 +0.0000e+00 +0.0000e+00 +0.0000e+00 +1.0000e+01 +0.0000e+00 +4.0000e+00
56 +3.749062330e+02 +3.749062330e+02 +4.696862330e+02 +4.696862330e+02 +8.0000e+00 +0.0000e+00 +0.0000e+00 +0.0000e+00 +1.4000e+01 +1.0000e+00 +0.0000e+00 +2.0000e+00 +5.0000e+00 +0.0000e+00 +6.0000e+00 +0.0000e+00 +0.0000e+00 +0.0000e+00 +0.0000e+00 +0.0000e+00 +0.0000e+00 +9.0000e+00 +0.0000e+00 +3.0000e+00
68 +1.953302330e+02 +1.953302330e+02 +2.901102330e+02 +2.901102330e+02 +2.0000e+00 +1.0000e+00 +0.0000e+00 +0.0000e+00 +1.1000e+01 +0.0000e+00 +0.0000e+00 +0.0000e+00 +2.0000e+00 +0.0000e+00 +3.0000e+00 +0.0000e+00 +0.0000e+00 +0.0000e+00 +0.0000e+00 +0.0000e+00 +0.0000e+00 +6.0000e+00 +0.0000e+00 +0.0000e+00
76 +1.488790330e+02 +1.488790330e+02 +2.436590330e+02 +2.436590330e+02 +0.0000e+00 +0.0000e+00 +0.0000e+00 +0.0000e+00 +9.0000e+00 +0.0000e+00 +0.0000e+00 +0.0000e+00 +0.0000e+00 +0.0000e+00 +1.0000e+00 +0.0000e+00 +0.0000e+00 +0.0000e+00 +0.0000e+00 +0.0000e+00 +0.0000e+00 +4.0000e+00 +0.0000e+00 +0.0000e+00
% function evaluation | noise-free fitness - Fopt (2.339200000000e+02) | best noise-free fitness - Fopt | measured fitness | best measured fitness | x1 | x2...
1 +4.927860620e+03 +4.927860620e+03 +5.161780620e+03 +5.161780620e+03 +1.2000e+01 +2.5000e+01 +1.1000e+01 +1.7000e+01 +5.0000e+00 +1.8000e+01 +8.0000e+00 +1.5000e+01 +0.0000e+00 +1.3000e+01 +2.4000e+01 +1.0000e+01 +1.5000e+01 +1.7000e+01 +1.0000e+01 +5.0000e+00 +4.0000e+00 +4.0000e+00 +2.3000e+01 +2.9000e+01
4 +3.558676620e+03 +3.558676620e+03 +3.792596620e+03 +3.792596620e+03 +4.0000e+00 +2.2000e+01 +9.0000e+00 +2.5000e+01 +9.0000e+00 +0.0000e+00 +3.0000e+00 +8.0000e+00 +2.1000e+01 +1.2000e+01 +2.0000e+00 +1.9000e+01 +9.0000e+00 +1.0000e+00 +1.7000e+01 +4.0000e+00 +4.0000e+00 +2.0000e+00 +2.0000e+00 +2.6000e+01
16 +2.506047820e+03 +2.506047820e+03 +2.739967820e+03 +2.739967820e+03 +1.0000e+00 +1.9000e+01 +6.0000e+00 +2.2000e+01 +6.0000e+00 +0.0000e+00 +0.0000e+00 +5.0000e+00 +1.8000e+01 +9.0000e+00 +0.0000e+00 +1.6000e+01 +6.0000e+00 +0.0000e+00 +1.4000e+01 +1.0000e+00 +1.0000e+00 +0.0000e+00 +0.0000e+00 +2.3000e+01
32 +1.447452620e+03 +1.447452620e+03 +1.681372620e+03 +1.681372620e+03 +9.0000e+00 +3.0000e+00 +2.0000e+00 +1.8000e+01 +2.0000e+00 +0.0000e+00 +0.0000e+00 +1.0000e+00 +1.4000e+01 +5.0000e+00 +0.0000e+00 +1.2000e+01 +2.0000e+00 +0.0000e+00 +1.0000e+01 +0.0000e+00 +0.0000e+00 +0.0000e+00 +0.0000e+00 +1.9000e+01
44 +8.855278195e+02 +8.855278195e+02 +1.119447820e+03 +1.119447820e+03 +0.0000e+00 +6.0000e+00 +0.0000e+00 +1.5000e+01 +0.0000e+00 +0.0000e+00 +0.0000e+00 +0.0000e+00 +1.1000e+01 +2.0000e+00 +0.0000e+00 +9.0000e+00 +0.0000e+00 +0.0000e+00 +7.0000e+00 +0.0000e+00 +0.0000e+00 +0.0000e+00 +0.0000e+00 +1.6000e+01
56 +5.770894195e+02 +5.770894195e+02 +8.110094195e+02 +8.110094195e+02 +3.0000e+00 +0.0000e+00 +0.0000e+00 +1.2000e+01 +0.0000e+00 +0.0000e+00 +0.0000e+00 +0.0000e+00 +8.0000e+00 +0.0000e+00 +0.0000e+00 +6.0000e+00 +0.0000e+00 +0.0000e+00 +4.0000e+00 +0.0000e+00 +0.0000e+00 +0.0000e+00 +0.0000e+00 +1.3000e+01
64 +3.969870195e+02 +3.969870195e+02 +6.309070195e+02 +6.309070195e+02 +1.0000e+00 +0.0000e+00 +0.0000e+00 +1.0000e+01 +0.0000e+00 +0.0000e+00 +0.0000e+00 +0.0000e+00 +6.0000e+00 +0.0000e+00 +0.0000e+00 +4.0000e+00 +0.0000e+00 +0.0000e+00 +2.0000e+00 +0.0000e+00 +0.0000e+00 +0.0000e+00 +0.0000e+00 +1.1000e+01
76 +2.236702195e+02 +2.236702195e+02 +4.575902195e+02 +4.575902195e+02 +0.0000e+00 +0.0000e+00 +0.0000e+00 +7.0000e+00 +0.0000e+00 +0.0000e+00 +0.0000e+00 +0.0000e+00 +3.0000e+00 +0.0000e+00 +0.0000e+00 +1.0000e+00 +0.0000e+00 +0.0000e+00 +0.0000e+00 +0.0000e+00 +0.0000e+00 +0.0000e+00 +0.0000e+00 +8.0000e+00
84 +1.541054195e+02 +1.541054195e+02 +3.880254195e+02 +3.880254195e+02 +0.0000e+00 +0.0000e+00 +0.0000e+00 +5.0000e+00 +0.0000e+00 +0.0000e+00 +0.0000e+00 +0.0000e+00 +1.0000e+00 +0.0000e+00 +0.0000e+00 +0.0000e+00 +0.0000e+00 +0.0000e+00 +0.0000e+00 +0.0000e+00 +0.0000e+00 +0.0000e+00 +0.0000e+00 +6.0000e+00
96 +9.436461952e+01 +9.436461952e+01 +3.282846195e+02 +3.282846195e+02 +0.0000e+00 +0.0000e+00 +0.0000e+00 +2.0000e+00 +0.0000e+00 +0.0000e+00 +0.0000e+00 +0.0000e+00 +0.0000e+00 +0.0000e+00 +0.0000e+00 +0.0000e+00 +0.0000e+00 +0.0000e+00 +0.0000e+00 +0.0000e+00 +0.0000e+00 +0.0000e+00 +0.0000e+00 +3.0000e+00
% function evaluation | noise-free fitness - Fopt (-6.092000000000e+01) | best noise-free fitness - Fopt | measured fitness | best measured fitness | x1 | x2...
1 +5.662482036e+03 +5.662482036e+03 +5.601562036e+03 +5.601562036e+03 +1.3000e+01 +4.0000e+00 +1.7000e+01 +1.8000e+01 +8.0000e+00 +2.9000e+01 +2.4000e+01 +8.0000e+00 +1.6000e+01 +1.2000e+01 +2.4000e+01 +2.5000e+01 +1.6000e+01 +2.4000e+01 +0.0000e+00 +1.4000e+01 +2.4000e+01 +0.0000e+00 +0.0000e+00 +2.0000e+00
17 +3.626411636e+03 +3.626411636e+03 +3.565491636e+03 +3.565491636e+03 +6.0000e+00 +4.0000e+00 +1.3000e+01 +1.4000e+01 +4.0000e+00 +2.5000e+01 +2.0000e+01 +4.0000e+00 +1.2000e+01 +8.0000e+00 +2.0000e+01 +2.1000e+01 +1.2000e+01 +2.0000e+01 +0.0000e+00 +1.0000e+01 +2.0000e+01 +0.0000e+00 +0.0000e+00 +0.0000e+00
29 +2.467523636e+03 +2.467523636e+03 +2.406603636e+03 +2.406603636e+03 +1.0000e+00 +4.0000e+00 +1.0000e+01 +1.1000e+01 +1.0000e+00 +2.2000e+01 +1.7000e+01 +1.0000e+00 +9.0000e+00 +5.0000e+00 +1.7000e+01 +1.8000e+01 +9.0000e+00 +1.7000e+01 +0.0000e+00 +7.0000e+00 +1.7000e+01 +0.0000e+00 +0.0000e+00 +0.0000e+00
45 +1.349685236e+03 +1.349685236e+03 +1.288765236e+03 +1.288765236e+03 +0.0000e+00 +0.0000e+00 +6.0000e+00 +7.0000e+00 +0.0000e+00 +1.8000e+01 +1.3000e+01 +0.0000e+00 +5.0000e+00 +1.0000e+00 +1.3000e+01 +1.4000e+01 +5.0000e+00 +1.3000e+01 +0.0000e+00 +3.0000e+00 +1.3000e+01 +0.0000e+00 +0.0000e+00 +0.0000e+00
53 +9.394084365e+02 +9.394084365e+02 +8.784884365e+02 +8.784884365e+02 +0.0000e+00 +0.0000e+00 +4.0000e+00 +5.0000e+00 +0.0000e+00 +1.6000e+01 +1.1000e+01 +0.0000e+00 +3.0000e+00 +0.0000e+00 +1.1000e+01 +1.2000e+01 +3.0000e+00 +1.1000e+01 +0.0000e+00 +1.0000e+00 +1.1000e+01 +0.0000e+00 +0.0000e+00 +0.0000e+00
61 +6.290948365e+02 +6.290948365e+02 +5.681748365e+02 +5.681748365e+02 +0.0000e+00 +0.0000e+00 +2.0000e+00 +3.0000e+00 +0.0000e+00 +1.4000e+01 +9.0000e+00 +0.0000e+00 +1.0000e+00 +0.0000e+00 +9.0000e+00 +1.0000e+01 +1.0000e+00 +9.0000e+00 +0.0000e+00 +0.0000e+00 +9.0000e+00 +0.0000e+00 +0.0000e+00 +0.0000e+00
73 +3.330868365e+02 +3.330868365e+02 +2.721668365e+02 +2.721668365e+02 +0.0000e+00 +0.0000e+00 +0.0000e+00 +0.0000e+00 +0.0000e+00 +1.1000e+01 +6.0000e+00 +0.0000e+00 +0.0000e+00 +0.0000e+00 +6.0000e+00 +7.0000e+00 +0.0000e+00 +6.0000e+00 +0.0000e+00 +0.0000e+00 +6.0000e+00 +0.0000e+00 +0.0000e+00 +0.0000e+00
81 +2.090580365e+02 +2.090580365e+02 +1.481380365e+02 +1.481380365e+02 +0.0000e+00 +0.0000e+00 +0.0000e+00 +0.0000e+00 +0.0000e+00 +9.0000e+00 +4.0000e+00 +0.0000e+00 +0.0000e+00 +0.0000e+00 +4.0000e+00 +5.0000e+00 +0.0000e+00 +4.0000e+00 +0.0000e+00 +0.0000e+00 +4.0000e+00 +0.0000e+00 +0.0000e+00 +0.0000e+00
89 +1.330292365e+02 +1.330292365e+02 +7.210923648e+01 +7.210923648e+01 +0.0000e+00 +0.0000e+00 +0.0000e+00 +0.0000e+00 +0.0000e+00 +7.0000e+00 +2.0000e+00 +0.0000e+00 +0.0000e+00 +0.0000e+00 +2.0000e+00 +3.0000e+00 +0.0000e+00 +2.0000e+00 +0.0000e+00 +0.0000e+00 +2.0000e+00 +0.0000e+00 +0.0000e+00 +0.0000e+00
% function evaluation | noise-free fitness - Fopt (-1.948000000000e+01) | best noise-free fitness - Fopt | measured fitness | best measured fitness | x1 | x2...
1 +5.335765772e+03 +5.335765772e+03 +5.316285772e+03 +5.316285772e+03 +2.6000e+01 +5.0000e+00 +2.5000e+01 +4.0000e+00 +5.0000e+00 +2.0000e+00 +1.0000e+00 +1.8000e+01 +1.8000e+01 +1.0000e+01 +1.9000e+01 +1.0000e+01 +2.6000e+01 +2.5000e+01 +1.1000e+01 +2.1000e+01 +2.7000e+01 +2.0000e+00 +1.3000e+01 +5.0000e+00
7 +3.701624972e+03 +3.701624972e+03 +3.682144972e+03 +3.682144972e+03 +1.0000e+00 +8.0000e+00 +1.1000e+01 +8.0000e+00 +9.0000e+00 +7.0000e+00 +1.6000e+01 +8.0000e+00 +5.0000e+00 +0.0000e+00 +2.3000e+01 +2.5000e+01 +2.3000e+01 +4.0000e+00 +1.7000e+01 +7.0000e+00 +2.1000e+01 +4.0000e+00 +1.5000e+01 +1.0000e+00
23 +2.318780172e+03 +2.318780172e+03 +2.299300172e+03 +2.299300172e+03 +0.0000e+00 +1.0000e+00 +7.0000e+00 +4.0000e+00 +5.0000e+00 +3.0000e+00 +1.2000e+01 +4.0000e+00 +1.0000e+00 +0.0000e+00 +1.9000e+01 +2.1000e+01 +1.9000e+01 +0.0000e+00 +1.3000e+01 +3.0000e+00 +1.7000e+01 +0.0000e+00 +1.1000e+01 +0.0000e+00
35 +1.578340172e+03 +1.578340172e+03 +1.558860172e+03 +1.558860172e+03 +0.0000e+00 +0.0000e+00 +4.0000e+00 +1.0000e+00 +2.0000e+00 +0.0000e+00 +9.0000e+00 +1.0000e+00 +0.0000e+00 +0.0000e+00 +1.6000e+01 +1.8000e+01 +1.6000e+01 +0.0000e+00 +1.0000e+01 +0.0000e+00 +1.4000e+01 +0.0000e+00 +8.0000e+00 +0.0000e+00
51 +9.039465722e+02 +9.039465722e+02 +8.844665722e+02 +8.844665722e+02 +0.0000e+00 +0.0000e+00 +0.0000e+00 +0.0000e+00 +0.0000e+00 +0.0000e+00 +5.0000e+00 +0.0000e+00 +0.0000e+00 +0.0000e+00 +1.2000e+01 +1.4000e+01 +1.2000e+01 +0.0000e+00 +6.0000e+00 +0.0000e+00 +1.0000e+01 +0.0000e+00 +4.0000e+00 +0.0000e+00
61 +5.545769722e+02 +5.545769722e+02 +5.350969722e+02 +5.350969722e+02 +1.0000e+00 +3.0000e+00 +1.0000e+01 +0.0000e+00 +0.0000e+00 +0.0000e+00 +0.0000e+00 +3.0000e+00 +3.0000e+00 +0.0000e+00 +4.0000e+00 +0.0000e+00 +1.1000e+01 +1.0000e+01 +0.0000e+00 +6.0000e+00 +1.2000e+01 +0.0000e+00 +0.0000e+00 +0.0000e+00
69 +3.597209722e+02 +3.597209722e+02 +3.402409722e+02 +3.402409722e+02 +1.0000e+00 +0.0000e+00 +8.0000e+00 +0.0000e+00 +0.0000e+00 +0.0000e+00 +0.0000e+00 +1.0000e+00 +1.0000e+00 +0.0000e+00 +2.0000e+00 +0.0000e+00 +9.0000e+00 +8.0000e+00 +0.0000e+00 +4.0000e+00 +1.0000e+01 +0.0000e+00 +0.0000e+00 +0.0000e+00
77 +2.222457722e+02 +2.222457722e+02 +2.027657722e+02 +2.027657722e+02 +0.0000e+00 +0.0000e+00 +6.0000e+00 +0.0000e+00 +0.0000e+00 +0.0000e+00 +0.0000e+00 +0.0000e+00 +0.0000e+00 +0.0000e+00 +0.0000e+00 +0.0000e+00 +7.0000e+00 +6.0000e+00 +0.0000e+00 +2.0000e+00 +8.0000e+00 +0.0000e+00 +0.0000e+00 +0.0000e+00
85 +1.468665722e+02 +1.468665722e+02 +1.273865722e+02 +1.273865722e+02 +0.0000e+00 +0.0000e+00 +4.0000e+00 +0.0000e+00 +0.0000e+00 +0.0000e+00 +0.0000e+00 +0.0000e+00 +0.0000e+00 +0.0000e+00 +0.0000e+00 +0.0000e+00 +5.0000e+00 +4.0000e+00 +0.0000e+00 +0.0000e+00 +6.0000e+00 +0.0000e+00 +0.0000e+00 +0.0000e+00
112 +9.919137216e+01 +9.919137216e+01 +7.971137216e+01 +7.971137216e+01 +0.0000e+00 +0.0000e+00 +0.0000e+00 +0.0000e+00 +0.0000e+00 +0.0000e+00 +0.0000e+00 +0.0000e+00 +2.0000e+00 +0.0000e+00 +0.0000e+00 +0.0000e+00 +0.0000e+00 +0.0000e+00 +0.0000e+00 +0.0000e+00 +0.0000e+00 +0.0000e+00 +0.0000e+00 +0.0000e+00
% function evaluation | noise-free fitness - Fopt (1.344700000000e+02) | best noise-free fitness - Fopt | measured fitness | best measured fitness | x1 | x2...
1 +1.085922627e+04 +1.085922627e+04 +1.099369627e+04 +1.099369627e+04 +2.5000e+01 +3.1000e+01 +3.0000e+01 +1.5000e+01 +2.0000e+01 +3.0000e+01 +1.2000e+01 +2.8000e+01 +2.9000e+01 +1.0000e+01 +3.0000e+01 +2.7000e+01 +1.2000e+01 +1.9000e+01 +2.3000e+01 +2.0000e+01 +1.3000e+01 +1.6000e+01 +2.2000e+01 +1.1000e+01
2 +7.063205466e+03 +7.063205466e+03 +7.197675466e+03 +7.197675466e+03 +5.0000e+00 +2.2000e+01 +1.0000e+01 +5.0000e+00 +2.6000e+01 +2.2000e+01 +2.2000e+01 +2.7000e+01 +1.2000e+01 +1.8000e+01 +0.0000e+00 +1.5000e+01 +2.0000e+01 +2.4000e+01 +3.0000e+01 +2.2000e+01 +1.2000e+01 +5.0000e+00 +0.0000e+00 +9.0000e+00
8 +5.611402266e+03 +5.611402266e+03 +5.745872266e+03 +5.745872266e+03 +1.8000e+01 +8.0000e+00 +3.0000e+00 +8.0000e+00 +2.5000e+01 +7.0000e+00 +0.0000e+00 +0.0000e+00 +2.0000e+00 +1.0000e+01 +2.0000e+00 +2.3000e+01 +0.0000e+00 +2.6000e+01 +1.5000e+01 +2.4000e+01 +2.3000e+01 +2.8000e+01 +5.0000e+00 +5.0000e+00
24 +3.914554266e+03 +3.914554266e+03 +4.049024266e+03 +4.049024266e+03 +1.6000e+01 +2.0000e+00 +0.0000e+00 +4.0000e+00 +2.1000e+01 +3.0000e+00 +0.0000e+00 +0.0000e+00 +0.0000e+00 +6.0000e+00 +0.0000e+00 +1.9000e+01 +0.0000e+00 +2.2000e+01 +1.1000e+01 +2.0000e+01 +1.9000e+01 +2.4000e+01 +1.0000e+00 +1.0000e+00
39 +2.439279066e+03 +2.439279066e+03 +2.573749066e+03 +2.573749066e+03 +2.0000e+00 +0.0000e+00 +2.0000e+00 +4.0000e+00 +0.0000e+00 +2.1000e+01 +5.0000e+00 +0.0000e+00 +4.0000e+00 +1.5000e+01 +1.8000e+01 +1.6000e+01 +8.0000e+00 +4.0000e+00 +4.0000e+00 +8.0000e+00 +3.0000e+00 +8.0000e+00 +1.6000e+01 +1.9000e+01
51 +1.535472666e+03 +1.535472666e+03 +1.669942666e+03 +1.669942666e+03 +0.0000e+00 +0.0000e+00 +0.0000e+00 +1.0000e+00 +0.0000e+00 +1.8000e+01 +2.0000e+00 +0.0000e+00 +1.0000e+00 +1.2000e+01 +1.5000e+01 +1.3000e+01 +5.0000e+00 +1.0000e+00 +1.0000e+00 +5.0000e+00 +0.0000e+00 +5.0000e+00 +1.3000e+01 +1.6000e+01
63 +9.516966662e+02 +9.516966662e+02 +1.086166666e+03 +1.086166666e+03 +0.0000e+00 +0.0000e+00 +0.0000e+00 +0.0000e+00 +0.0000e+00 +1.5000e+01 +0.0000e+00 +0.0000e+00 +0.0000e+00 +9.0000e+00 +1.2000e+01 +1.0000e+01 +2.0000e+00 +0.0000e+00 +0.0000e+00 +2.0000e+00 +0.0000e+00 +2.0000e+00 +1.0000e+01 +1.3000e+01
75 +5.591798662e+02 +5.591798662e+02 +6.936498662e+02 +6.936498662e+02 +0.0000e+00 +0.0000e+00 +0.0000e+00 +0.0000e+00 +0.0000e+00 +1.2000e+01 +0.0000e+00 +0.0000e+00 +0.0000e+00 +6.0000e+00 +9.0000e+00 +7.0000e+00 +0.0000e+00 +0.0000e+00 +0.0000e+00 +0.0000e+00 +0.0000e+00 +0.0000e+00 +7.0000e+00 +1.0000e+01
83 +3.766806662e+02 +3.766806662e+02 +5.111506662e+02 +5.111506662e+02 +0.0000e+00 +0.0000e+00 +0.0000e+00 +0.0000e+00 +0.0000e+00 +1.0000e+01 +0.0000e+00 +0.0000e+00 +0.0000e+00 +4.0000e+00 +7.0000e+00 +5.0000e+00 +0.0000e+00 +0.0000e+00 +0.0000e+00 +0.0000e+00 +0.0000e+00 +0.0000e+00 +5.0000e+00 +8.0000e+00
91 +2.421814662e+02 +2.421814662e+02 +3.766514662e+02 +3.766514662e+02 +0.0000e+00 +0.0000e+00 +0.0000e+00 +0.0000e+00 +0.0000e+00 +8.0000e+00 +0.0000e+00 +0.0000e+00 +0.0000e+00 +2.0000e+00 +5.0000e+00 +3.0000e+00 +0.0000e+00 +0.0000e+00 +0.0000e+00 +0.0000e+00 +0.0000e+00 +0.0000e+00 +3.0000e+00 +6.0000e+00
99 +1.556822662e+02 +1.556822662e+02 +2.901522662e+02 +2.901522662e+02 +0.0000e+00 +0.0000e+00 +0.0000e+00 +0.0000e+00 +0.0000e+00 +6.0000e+00 +0.0000e+00 +0.0000e+00 +0.0000e+00 +0.0000e+00 +3.0000e+00 +1.0000e+00 +0.0000e+00 +0.0000e+00 +0.0000e+00 +0.0000e+00 +0.0000e+00 +0.0000e+00 +1.0000e+00 +4.0000e+00
% function evaluation | noise-free fitness - Fopt (4.453500000000e+02) | best noise-free fitness - Fopt | measured fitness | best measured fitness | x1 | x2...
1 +7.400941945e+03 +7.400941945e+03 +7.846291945e+03 +7.846291945e+03 +1.9000e+01 +3.0000e+01 +2.2000e+01 +1.2000e+01 +2.7000e+01 +2.7000e+01 +2.8000e+01 +1.4000e+01 +2.2000e+01 +2.0000e+01 +0.0000e+00 +9.0000e+00 +1.4000e+01 +2.2000e+01 +2.1000e+01 +0.0000e+00 +1.0000e+00 +3.0000e+01 +1.0000e+01 +1.3000e+01
2 +5.550503545e+03 +5.550503545e+03 +5.995853545e+03 +5.995853545e+03 +2.7000e+01 +4.0000e+00 +5.0000e+00 +5.0000e+00 +2.4000e+01 +2.3000e+01 +2.2000e+01 +0.0000e+00 +1.5000e+01 +0.0000e+00 +1.7000e+01 +2.3000e+01 +1.8000e+01 +1.4000e+01 +1.9000e+01 +1.0000e+01 +1.2000e+01 +2.5000e+01 +1.4000e+01 +1.9000e+01
16 +3.693642745e+03 +3.693642745e+03 +4.138992745e+03 +4.138992745e+03 +2.0000e+01 +1.2000e+01 +1.6000e+01 +5.0000e+00 +7.0000e+00 +9.0000e+00 +0.0000e+00 +0.0000e+00 +2.5000e+01 +4.0000e+00 +1.3000e+01 +6.0000e+00 +2.4000e+01 +1.5000e+01 +3.0000e+00 +0.0000e+00 +2.7000e+01 +1.1000e+01 +6.0000e+00 +1.5000e+01
26 +2.489151545e+03 +2.489151545e+03 +2.934501545e+03 +2.934501545e+03 +1.5000e+01 +6.0000e+00 +0.0000e+00 +0.0000e+00 +1.8000e+01 +1.7000e+01 +1.6000e+01 +0.0000e+00 +9.0000e+00 +0.0000e+00 +1.1000e+01 +1.7000e+01 +1.2000e+01 +8.0000e+00 +1.3000e+01 +4.0000e+00 +6.0000e+00 +1.9000e+01 +8.0000e+00 +1.3000e+01
42 +1.220682745e+03 +1.220682745e+03 +1.666032745e+03 +1.666032745e+03 +8.0000e+00 +6.0000e+00 +0.0000e+00 +0.0000e+00 +1.4000e+01 +1.3000e+01 +1.2000e+01 +0.0000e+00 +5.0000e+00 +0.0000e+00 +7.0000e+00 +1.3000e+01 +8.0000e+00 +4.0000e+00 +9.0000e+00 +0.0000e+00 +2.0000e+00 +1.5000e+01 +4.0000e+00 +9.0000e+00
50 +7.890763450e+02 +7.890763450e+02 +1.234426345e+03 +1.234426345e+03 +4.0000e+00 +6.0000e+00 +0.0000e+00 +0.0000e+00 +1.2000e+01 +1.1000e+01 +1.0000e+01 +0.0000e+00 +3.0000e+00 +0.0000e+00 +5.0000e+00 +1.1000e+01 +6.0000e+00 +2.0000e+00 +7.0000e+00 +0.0000e+00 +0.0000e+00 +1.3000e+01 +2.0000e+00 +7.0000e+00
58 +5.058347450e+02 +5.058347450e+02 +9.511847450e+02 +9.511847450e+02 +2.0000e+00 +4.0000e+00 +0.0000e+00 +0.0000e+00 +1.0000e+01 +9.0000e+00 +8.0000e+00 +0.0000e+00 +1.0000e+00 +0.0000e+00 +3.0000e+00 +9.0000e+00 +4.0000e+00 +0.0000e+00 +5.0000e+00 +0.0000e+00 +0.0000e+00 +1.1000e+01 +0.0000e+00 +5.0000e+00
66 +3.169179450e+02 +3.169179450e+02 +7.622679450e+02 +7.622679450e+02 +0.0000e+00 +2.0000e+00 +0.0000e+00 +0.0000e+00 +8.0000e+00 +7.0000e+00 +6.0000e+00 +0.0000e+00 +0.0000e+00 +0.0000e+00 +1.0000e+00 +7.0000e+00 +2.0000e+00 +0.0000e+00 +3.0000e+00 +0.0000e+00 +0.0000e+00 +9.0000e+00 +0.0000e+00 +3.0000e+00
74 +2.172267450e+02 +2.172267450e+02 +6.625767450e+02 +6.625767450e+02 +0.0000e+00 +0.0000e+00 +0.0000e+00 +0.0000e+00 +6.0000e+00 +5.0000e+00 +4.0000e+00 +0.0000e+00 +0.0000e+00 +0.0000e+00 +0.0000e+00 +5.0000e+00 +0.0000e+00 +0.0000e+00 +1.0000e+00 +0.0000e+00 +0.0000e+00 +7.0000e+00 +0.0000e+00 +1.0000e+00
82 +1.535995450e+02 +1.535995450e+02 +5.989495450e+02 +5.989495450e+02 +0.0000e+00 +0.0000e+00 +0.0000e+00 +0.0000e+00 +4.0000e+00 +3.0000e+00 +2.0000e+00 +0.0000e+00 +0.0000e+00 +0.0000e+00 +0.0000e+00 +3.0000e+00 +0.0000e+00 +0.0000e+00 +0.0000e+00 +0.0000e+00 +0.0000e+00 +5.0000e+00 +0.0000e+00 +0.0000e+00
