% function evaluation | noise-free fitness - Fopt (7.948000000000e+01) | best noise-free fitness - Fopt | measured fitness | best measured fitness | x1 | x2...
1 +4.869324470e+03 +4.869324470e+03 +4.948804470e+03 +4.948804470e+03 +2.9000e+01 +2.3000e+01 +2.7000e+01 +2.9000e+01 +1.7000e+01 +2.0000e+01 +1.0000e+01 +2.4000e+01 +9.0000e+00 +1.7000e+01
2 +2.038122870e+03 +2.038122870e+03 +2.117602870e+03 +2.117602870e+03 +3.0000e+01 +0.0000e+00 +0.0000e+00 +2.0000e+01 +5.0000e+00 +0.0000e+00 +2.0000e+00 +1.7000e+01 +9.0000e+00 +1.6000e+01
8 +1.526775670e+03 +1.526775670e+03 +1.606255670e+03 +1.606255670e+03 +2.6000e+01 +2.3000e+01 +5.0000e+00 +8.0000e+00 +6.0000e+00 +8.0000e+00 +3.0000e+00 +1.0000e+00 +6.0000e+00 +0.0000e+00
103 +7.762588698e+02 +7.762588698e+02 +8.557388698e+02 +8.557388698e+02 +5.0000e+00 +0.0000e+00 +1.2000e+01 +0.0000e+00 +7.0000e+00 +2.0000e+00 +5.0000e+00 +1.9000e+01 +1.0000e+00 +7.0000e+00
381 +6.100716698e+02 +6.100716698e+02 +6.895516698e+02 +6.895516698e+02 +1.2000e+01 +3.0000e+00 +1.0000e+00 +5.0000e+00 +2.0000e+00 +2.0000e+00 +1.7000e+01 +8.0000e+00 +2.0000e+00 +4.0000e+00
% function evaluation | noise-free fitness - Fopt (3.944800000000e+02) | best noise-free fitness - Fopt | measured fitness | best measured fitness | x1 | x2...
1 +2.892529775e+03 +2.892529775e+03 +3.287009775e+03 +3.287009775e+03 +2.0000e+01 +2.1000e+01 +1.8000e+01 +1.0000e+01 +1.4000e+01 +1.7000e+01 +1.0000e+00 +9.0000e+00 +1.1000e+01 +1.7000e+01
27 +2.508745775e+03 +2.508745775e+03 +2.903225775e+03 +2.903225775e+03 +7.0000e+00 +0.0000e+00 +6.0000e+00 +2.1000e+01 +5.0000e+00 +2.0000e+01 +1.8000e+01 +2.5000e+01 +2.3000e+01 +0.0000e+00
33 +1.573873775e+03 +1.573873775e+03 +1.968353775e+03 +1.968353775e+03 +0.0000e+00 +8.0000e+00 +1.0000e+00 +7.0000e+00 +2.1000e+01 +1.6000e+01 +2.1000e+01 +1.5000e+01 +8.0000e+00 +0.0000e+00
366 +8.490769754e+02 +8.490769754e+02 +1.243556975e+03 +1.243556975e+03 +0.0000e+00 +2.0000e+00 +0.0000e+00 +8.0000e+00 +6.0000e+00 +4.0000e+00 +2.8000e+01 +0.0000e+00 +8.0000e+00 +1.0000e+00
% function evaluation | noise-free fitness - Fopt (-2.471100000000e+02) | best noise-free fitness - Fopt | measured fitness | best measured fitness | x1 | x2...
1 +3.692550118e+03 +3.692550118e+03 +3.445440118e+03 +3.445440118e+03 +1.0000e+00 +5.0000e+00 +1.0000e+01 +2.1000e+01 +5.0000e+00 +2.6000e+01 +9.0000e+00 +2.3000e+01 +3.0000e+01 +2.8000e+01
7 +2.308972518e+03 +2.308972518e+03 +2.061862518e+03 +2.061862518e+03 +7.0000e+00 +1.6000e+01 +1.6000e+01 +2.4000e+01 +1.9000e+01 +1.0000e+01 +0.0000e+00 +8.0000e+00 +1.3000e+01 +8.0000e+00
43 +1.505346918e+03 +1.505346918e+03 +1.258236918e+03 +1.258236918e+03 +9.0000e+00 +1.1000e+01 +2.1000e+01 +0.0000e+00 +0.0000e+00 +4.0000e+00 +4.0000e+00 +2.3000e+01 +0.0000e+00 +1.0000e+00
218 +9.759037178e+02 +9.759037178e+02 +7.287937178e+02 +7.287937178e+02 +0.0000e+00 +5.0000e+00 +8.0000e+00 +9.0000e+00 +0.0000e+00 +2.4000e+01 +1.4000e+01 +5.0000e+00 +5.0000e+00 +2.0000e+00
% function evaluation | noise-free fitness - Fopt (-1.520400000000e+02) | best noise-free fitness - Fopt | measured fitness | best measured fitness | x1 | x2...
1 +3.240725542e+03 +3.240725542e+03 +3.088685542e+03 +3.088685542e+03 +3.1000e+01 +6.0000e+00 +3.0000e+00 +3.0000e+01 +2.1000e+01 +1.4000e+01 +2.1000e+01 +1.0000e+00 +2.3000e+01 +4.0000e+00
4 +2.062813542e+03 +2.062813542e+03 +1.910773542e+03 +1.910773542e+03 +2.0000e+00 +6.0000e+00 +1.6000e+01 +9.0000e+00 +2.0000e+00 +2.2000e+01 +2.6000e+01 +1.0000e+01 +1.8000e+01 +8.0000e+00
7 +1.315429542e+03 +1.315429542e+03 +1.163389542e+03 +1.163389542e+03 +0.0000e+00 +1.3000e+01 +4.0000e+00 +1.7000e+01 +6.0000e+00 +2.2000e+01 +5.0000e+00 +1.7000e+01 +1.0000e+01 +8.0000e+00
91 +6.009671418e+02 +6.009671418e+02 +4.489271418e+02 +4.489271418e+02 +1.0000e+00 +1.6000e+01 +0.0000e+00 +1.0000e+00 +3.0000e+00 +4.0000e+00 +7.0000e+00 +1.5000e+01 +8.0000e+00 +3.0000e+00
% function evaluation | noise-free fitness - Fopt (-2.525000000000e+01) | best noise-free fitness - Fopt | measured fitness | best measured fitness | x1 | x2...
1 +2.768855743e+03 +2.768855743e+03 +2.743605743e+03 +2.743605743e+03 +2.0000e+00 +5.0000e+00 +1.3000e+01 +2.5000e+01 +1.8000e+01 +2.1000e+01 +2.1000e+01 +1.0000e+01 +2.2000e+01 +2.0000e+00
9 +2.393097343e+03 +2.393097343e+03 +2.367847343e+03 +2.367847343e+03 +1.2000e+01 +9.0000e+00 +2.0000e+00 +2.0000e+01 +2.2000e+01 +2.0000e+01 +0.0000e+00 +1.1000e+01 +2.8000e+01 +8.0000e+00
17 +1.427902143e+03 +1.427902143e+03 +1.402652143e+03 +1.402652143e+03 +1.5000e+01 +4.0000e+00 +1.0000e+00 +1.5000e+01 +1.4000e+01 +6.0000e+00 +1.3000e+01 +1.9000e+01 +0.0000e+00 +1.0000e+01
375 +9.701133434e+02 +9.701133434e+02 +9.448633434e+02 +9.448633434e+02 +2.0000e+00 +1.1000e+01 +1.1000e+01 +2.0000e+00 +1.6000e+01 +0.0000e+00 +7.0000e+00 +1.6000e+01 +1.0000e+01 +4.0000e+00
% function evaluation | noise-free fitness - Fopt (2.230000000000e+00) | best noise-free fitness - Fopt | measured fitness | best measured fitness | x1 | x2...
1 +3.657378206e+03 +3.657378206e+03 +3.659608206e+03 +3.659608206e+03 +2.9000e+01 +2.5000e+01 +6.0000e+00 +1.9000e+01 +2.6000e+01 +8.0000e+00 +1.3000e+01 +1.5000e+01 +2.5000e+01 +3.0000e+00
3 +2.367355806e+03 +2.367355806e+03 +2.369585806e+03 +2.369585806e+03 +1.0000e+00 +3.1000e+01 +0.0000e+00 +1.7000e+01 +1.8000e+01 +0.0000e+00 +1.0000e+00 +1.1000e+01 +2.1000e+01 +7.0000e+00
24 +1.528384606e+03 +1.528384606e+03 +1.530614606e+03 +1.530614606e+03 +2.1000e+01 +7.0000e+00 +1.1000e+01 +1.2000e+01 +0.0000e+00 +1.6000e+01 +6.0000e+00 +5.0000e+00 +1.5000e+01 +1.0000e+01
134 +7.265766061e+02 +7.265766061e+02 +7.288066061e+02 +7.288066061e+02 +3.0000e+00 +9.0000e+00 +7.0000e+00 +1.0000e+00 +1.0000e+00 +4.0000e+00 +5.0000e+00 +1.0000e+00 +1.1000e+01 +1.8000e+01
791 +4.612406061e+02 +4.612406061e+02 +4.634706061e+02 +4.634706061e+02 +1.0000e+00 +1.0000e+01 +0.0000e+00 +1.0000e+00 +0.0000e+00 +7.0000e+00 +6.0000e+00 +0.0000e+00 +5.0000e+00 +9.0000e+00
% function evaluation | noise-free fitness - Fopt (-1.308000000000e+01) | best noise-free fitness - Fopt | measured fitness | best measured fitness | x1 | x2...
1 +2.279152067e+03 +2.279152067e+03 +2.266072067e+03 +2.266072067e+03 +2.6000e+01 +1.7000e+01 +2.0000e+01 +1.3000e+01 +3.0000e+00 +1.2000e+01 +2.0000e+00 +6.0000e+00 +1.6000e+01 +1.5000e+01
12 +1.487769667e+03 +1.487769667e+03 +1.474689667e+03 +1.474689667e+03 +1.0000e+00 +3.0000e+00 +1.5000e+01 +3.0000e+00 +4.0000e+00 +9.0000e+00 +1.3000e+01 +2.7000e+01 +2.0000e+00 +1.0000e+01
197 +6.578848672e+02 +6.578848672e+02 +6.448048672e+02 +6.448048672e+02 +6.0000e+00 +0.0000e+00 +1.6000e+01 +3.0000e+00 +1.2000e+01 +8.0000e+00 +2.0000e+00 +9.0000e+00 +3.0000e+00 +0.0000e+00
% function evaluation | noise-free fitness - Fopt (2.671600000000e+02) | best noise-free fitness - Fopt | measured fitness | best measured fitness | x1 | x2...
1 +2.870709957e+03 +2.870709957e+03 +3.137869957e+03 +3.137869957e+03 +6.0000e+00 +4.0000e+00 +2.5000e+01 +2.2000e+01 +2.3000e+01 +2.3000e+01 +1.4000e+01 +3.0000e+00 +9.0000e+00 +2.0000e+00
32 +2.508284357e+03 +2.508284357e+03 +2.775444357e+03 +2.775444357e+03 +4.0000e+00 +2.0000e+01 +2.4000e+01 +1.1000e+01 +8.0000e+00 +1.9000e+01 +4.0000e+00 +1.8000e+01 +7.0000e+00 +2.0000e+00
38 +1.346839557e+03 +1.346839557e+03 +1.613999557e+03 +1.613999557e+03 +0.0000e+00 +0.0000e+00 +2.0000e+00 +1.9000e+01 +0.0000e+00 +1.3000e+01 +9.0000e+00 +0.0000e+00 +0.0000e+00 +2.5000e+01
347 +9.249691571e+02 +9.249691571e+02 +1.192129157e+03 +1.192129157e+03 +5.0000e+00 +2.0000e+00 +4.0000e+00 +4.0000e+00 +8.0000e+00 +2.0000e+00 +8.0000e+00 +1.3000e+01 +1.7000e+01 +3.0000e+00
% function evaluation | noise-free fitness - Fopt (3.710000000000e+00) | best noise-free fitness - Fopt | measured fitness | best measured fitness | x1 | x2...
1 +3.193038265e+03 +3.193038265e+03 +3.196748265e+03 +3.196748265e+03 +5.0000e+00 +2.0000e+01 +9.0000e+00 +2.9000e+01 +5.0000e+00 +2.2000e+01 +2.4000e+01 +1.4000e+01 +4.0000e+00 +1.9000e+01
2 +2.361433465e+03 +2.361433465e+03 +2.365143465e+03 +2.365143465e+03 +1.3000e+01 +1.2000e+01 +2.3000e+01 +1.0000e+00 +1.7000e+01 +4.0000e+00 +2.2000e+01 +2.7000e+01 +1.2000e+01 +5.0000e+00
41 +1.580963065e+03 +1.580963065e+03 +1.584673065e+03 +1.584673065e+03 +1.9000e+01 +1.0000e+00 +1.6000e+01 +6.0000e+00 +1.7000e+01 +8.0000e+00 +1.5000e+01 +1.7000e+01 +8.0000e+00 +1.4000e+01
137 +9.412078650e+02 +9.412078650e+02 +9.449178650e+02 +9.449178650e+02 +2.0000e+00 +7.0000e+00 +5.0000e+00 +4.0000e+00 +4.0000e+00 +2.0000e+00 +7.0000e+00 +9.0000e+00 +2.5000e+01 +1.0000e+01
% function evaluation | noise-free fitness - Fopt (9.478000000000e+01) | best noise-free fitness - Fopt | measured fitness | best measured fitness | x1 | x2...
1 +2.241639308e+03 +2.241639308e+03 +2.336419308e+03 +2.336419308e+03 +1.9000e+01 +6.0000e+00 +1.9000e+01 +6.0000e+00 +2.6000e+01 +3.0000e+00 +2.5000e+01 +2.4000e+01 +1.0000e+00 +3.0000e+00
18 +1.445202508e+03 +1.445202508e+03 +1.539982508e+03 +1.539982508e+03 +1.5000e+01 +1.0000e+01 +1.0000e+01 +1.6000e+01 +6.0000e+00 +6.0000e+00 +1.7000e+01 +7.0000e+00 +1.0000e+00 +2.3000e+01
22 +7.812825082e+02 +7.812825082e+02 +8.760625082e+02 +8.760625082e+02 +2.0000e+00 +6.0000e+00 +1.6000e+01 +8.0000e+00 +6.0000e+00 +3.0000e+00 +8.0000e+00 +1.1000e+01 +2.0000e+01 +0.0000e+00
367 +6.062537082e+02 +6.062537082e+02 +7.010337082e+02 +7.010337082e+02 +1.0000e+01 +7.0000e+00 +1.6000e+01 +4.0000e+00 +1.2000e+01 +1.1000e+01 +2.0000e+00 +2.0000e+00 +2.0000e+00 +4.0000e+00
% function evaluation | noise-free fitness - Fopt (2.339200000000e+02) | best noise-free fitness - Fopt | measured fitness | best measured fitness | x1 | x2...
1 +2.079398448e+03 +2.079398448e+03 +2.313318448e+03 +2.313318448e+03 +5.0000e+00 +1.8000e+01 +2.0000e+00 +8.0000e+00 +1.4000e+01 +2.2000e+01 +1.0000e+01 +1.4000e+01 +2.3000e+01 +1.7000e+01
24 +1.106881648e+03 +1.106881648e+03 +1.340801648e+03 +1.340801648e+03 +0.0000e+00 +2.6000e+01 +8.0000e+00 +0.0000e+00 +9.0000e+00 +0.0000e+00 +4.0000e+00 +1.2000e+01 +0.0000e+00 +1.1000e+01
175 +8.082368480e+02 +8.082368480e+02 +1.042156848e+03 +1.042156848e+03 +1.9000e+01 +4.0000e+00 +0.0000e+00 +0.0000e+00 +9.0000e+00 +3.0000e+00 +1.0000e+01 +5.0000e+00 +5.0000e+00 +1.0000e+01
% function evaluation | noise-free fitness - Fopt (-6.092000000000e+01) | best noise-free fitness - Fopt | measured fitness | best measured fitness | x1 | x2...
1 +4.161389068e+03 +4.161389068e+03 +4.100469068e+03 +4.100469068e+03 +2.9000e+01 +1.9000e+01 +2.4000e+01 +3.0000e+01 +0.0000e+00 +1.5000e+01 +1.1000e+01 +3.0000e+00 +2.0000e+01 +2.8000e+01
2 +3.210939468e+03 +3.210939468e+03 +3.150019468e+03 +3.150019468e+03 +2.2000e+01 +2.6000e+01 +2.4000e+01 +8.0000e+00 +1.4000e+01 +1.6000e+01 +1.0000e+01 +1.6000e+01 +4.0000e+00 +2.7000e+01
3 +2.140422668e+03 +2.140422668e+03 +2.079502668e+03 +2.079502668e+03 +1.7000e+01 +1.8000e+01 +2.0000e+00 +1.5000e+01 +2.5000e+01 +6.0000e+00 +1.4000e+01 +2.0000e+00 +1.5000e+01 +8.0000e+00
8 +1.083838668e+03 +1.083838668e+03 +1.022918668e+03 +1.022918668e+03 +1.9000e+01 +0.0000e+00 +8.0000e+00 +1.0000e+00 +1.6000e+01 +1.0000e+01 +6.0000e+00 +1.1000e+01 +1.0000e+00 +1.0000e+01
94 +8.281170682e+02 +8.281170682e+02 +7.671970682e+02 +7.671970682e+02 +1.6000e+01 +7.0000e+00 +1.7000e+01 +3.0000e+00 +3.0000e+00 +1.7000e+01 +6.0000e+00 +1.0000e+01 +0.0000e+00 +0.0000e+00
182 +4.198274682e+02 +4.198274682e+02 +3.589074682e+02 +3.589074682e+02 +5.0000e+00 +1.1000e+01 +3.0000e+00 +2.0000e+00 +0.0000e+00 +9.0000e+00 +1.0000e+01 +3.0000e+00 +1.1000e+01 +0.0000e+00
472 +3.917938682e+02 +3.917938682e+02 +3.308738682e+02 +3.308738682e+02 +1.2000e+01 +6.0000e+00 +1.7000e+01 +3.0000e+00 +2.0000e+00 +1.0000e+00 +3.0000e+00 +1.0000e+00 +2.0000e+00 +0.0000e+00
% function evaluation | noise-free fitness - Fopt (-1.948000000000e+01) | best noise-free fitness - Fopt | measured fitness | best measured fitness | x1 | x2...
1 +3.513701550e+03 +3.513701550e+03 +3.494221550e+03 +3.494221550e+03 +3.1000e+01 +1.7000e+01 +1.3000e+01 +1.8000e+01 +4.0000e+00 +4.0000e+00 +9.0000e+00 +1.6000e+01 +2.5000e+01 +3.0000e+01
2 +2.009522350e+03 +2.009522350e+03 +1.990042350e+03 +1.990042350e+03 +2.2000e+01 +3.0000e+00 +2.0000e+01 +2.0000e+00 +2.0000e+01 +5.0000e+00 +1.0000e+00 +2.4000e+01 +7.0000e+00 +8.0000e+00
38 +9.326503501e+02 +9.326503501e+02 +9.131703501e+02 +9.131703501e+02 +1.0000e+00 +1.0000e+00 +1.8000e+01 +1.9000e+01 +4.0000e+00 +1.1000e+01 +0.0000e+00 +4.0000e+00 +4.0000e+00 +1.3000e+01
197 +5.914487501e+02 +5.914487501e+02 +5.719687501e+02 +5.719687501e+02 +1.0000e+01 +3.0000e+00 +3.0000e+00 +0.0000e+00 +1.0000e+00 +1.0000e+00 +1.1000e+01 +8.0000e+00 +8.0000e+00 +1.2000e+01
% function evaluation | noise-free fitness - Fopt (1.344700000000e+02) | best noise-free fitness - Fopt | measured fitness | best measured fitness | x1 | x2...
1 +5.905003660e+03 +5.905003660e+03 +6.039473660e+03 +6.039473660e+03 +2.7000e+01 +7.0000e+00 +2.8000e+01 +2.1000e+01 +3.0000e+01 +2.0000e+00 +2.8000e+01 +3.0000e+00 +2.5000e+01 +3.0000e+01
2 +3.116398860e+03 +3.116398860e+03 +3.250868860e+03 +3.250868860e+03 +2.3000e+01 +1.7000e+01 +5.0000e+00 +1.4000e+01 +7.0000e+00 +2.9000e+01 +2.2000e+01 +1.4000e+01 +1.0000e+01 +1.2000e+01
6 +2.372294860e+03 +2.372294860e+03 +2.506764860e+03 +2.506764860e+03 +4.0000e+00 +3.1000e+01 +1.0000e+01 +1.2000e+01 +4.0000e+00 +6.0000e+00 +1.3000e+01 +3.0000e+00 +2.8000e+01 +4.0000e+00
76 +8.342020595e+02 +8.342020595e+02 +9.686720595e+02 +9.686720595e+02 +1.0000e+01 +2.0000e+00 +3.0000e+00 +3.0000e+00 +4.0000e+00 +1.6000e+01 +8.0000e+00 +1.2000e+01 +3.0000e+00 +6.0000e+00
% function evaluation | noise-free fitness - Fopt (4.453500000000e+02) | best noise-free fitness - Fopt | measured fitness | best measured fitness | x1 | x2...
1 +3.808908705e+03 +3.808908705e+03 +4.254258705e+03 +4.254258705e+03 +2.8000e+01 +2.1000e+01 +4.0000e+00 +2.4000e+01 +2.3000e+01 +7.0000e+00 +5.0000e+00 +2.4000e+01 +2.0000e+00 +2.9000e+01
5 +8.898575053e+02 +8.898575053e+02 +1.335207505e+03 +1.335207505e+03 +2.0000e+00 +1.0000e+00 +4.0000e+00 +0.0000e+00 +5.0000e+00 +1.7000e+01 +1.3000e+01 +1.7000e+01 +1.2000e+01 +2.0000e+00
622 +6.033055053e+02 +6.033055053e+02 +1.048655505e+03 +1.048655505e+03 +1.0000e+00 +1.9000e+01 +8.0000e+00 +6.0000e+00 +4.0000e+00 +7.0000e+00 +1.0000e+00 +8.0000e+00 +9.0000e+00 +8.0000e+00
