% function evaluation | noise-free fitness - Fopt (7.948000000000e+01) | best noise-free fitness - Fopt | measured fitness | best measured fitness | x1 | x2...
1 +2.546801270e+03 +2.546801270e+03 +2.626281270e+03 +2.626281270e+03 +7.0000e+00 +6.0000e+00 +2.0000e+01 +1.4000e+01 +3.0000e+00 +1.8000e+01 +2.7000e+01 +1.2000e+01 +2.1000e+01 +9.0000e+00
6 +1.920940470e+03 +1.920940470e+03 +2.000420470e+03 +2.000420470e+03 +1.0000e+00 +0.0000e+00 +1.7000e+01 +2.4000e+01 +5.0000e+00 +2.3000e+01 +1.8000e+01 +9.0000e+00 +8.0000e+00 +4.0000e+00
28 +1.494809270e+03 +1.494809270e+03 +1.574289270e+03 +1.574289270e+03 +0.0000e+00 +2.9000e+01 +0.0000e+00 +1.2000e+01 +9.0000e+00 +0.0000e+00 +1.2000e+01 +2.0000e+00 +1.1000e+01 +3.0000e+00
% function evaluation | noise-free fitness - Fopt (3.944800000000e+02) | best noise-free fitness - Fopt | measured fitness | best measured fitness | x1 | x2...
1 +3.462297775e+03 +3.462297775e+03 +3.856777775e+03 +3.856777775e+03 +1.8000e+01 +2.0000e+00 +2.7000e+01 +2.9000e+01 +1.1000e+01 +2.0000e+00 +1.7000e+01 +8.0000e+00 +2.1000e+01 +1.9000e+01
2 +1.898408175e+03 +1.898408175e+03 +2.292888175e+03 +2.292888175e+03 +2.0000e+00 +9.0000e+00 +1.1000e+01 +2.1000e+01 +1.8000e+01 +1.1000e+01 +2.3000e+01 +6.0000e+00 +1.4000e+01 +5.0000e+00
40 +1.581561775e+03 +1.581561775e+03 +1.976041775e+03 +1.976041775e+03 +9.0000e+00 +3.0000e+00 +8.0000e+00 +0.0000e+00 +1.5000e+01 +2.5000e+01 +1.2000e+01 +6.0000e+00 +9.0000e+00 +2.0000e+00
% function evaluation | noise-free fitness - Fopt (-2.471100000000e+02) | best noise-free fitness - Fopt | measured fitness | best measured fitness | x1 | x2...
1 +3.728086118e+03 +3.728086118e+03 +3.480976118e+03 +3.480976118e+03 +1.3000e+01 +1.1000e+01 +1.2000e+01 +2.7000e+01 +2.4000e+01 +2.3000e+01 +2.4000e+01 +8.0000e+00 +1.1000e+01 +2.2000e+01
2 +2.311226918e+03 +2.311226918e+03 +2.064116918e+03 +2.064116918e+03 +2.1000e+01 +1.8000e+01 +2.5000e+01 +5.0000e+00 +2.0000e+00 +1.2000e+01 +1.0000e+00 +1.0000e+00 +2.2000e+01 +0.0000e+00
24 +1.508743718e+03 +1.508743718e+03 +1.261633718e+03 +1.261633718e+03 +1.0000e+00 +0.0000e+00 +2.0000e+00 +2.0000e+01 +2.0000e+00 +1.0000e+00 +4.0000e+00 +4.0000e+00 +2.8000e+01 +9.0000e+00
% function evaluation | noise-free fitness - Fopt (-1.520400000000e+02) | best noise-free fitness - Fopt | measured fitness | best measured fitness | x1 | x2...
1 +3.267474342e+03 +3.267474342e+03 +3.115434342e+03 +3.115434342e+03 +2.0000e+01 +1.6000e+01 +8.0000e+00 +9.0000e+00 +1.0000e+01 +2.2000e+01 +2.8000e+01 +1.3000e+01 +2.9000e+01 +1.6000e+01
4 +2.137107942e+03 +2.137107942e+03 +1.985067942e+03 +1.985067942e+03 +2.1000e+01 +2.2000e+01 +8.0000e+00 +1.2000e+01 +1.4000e+01 +7.0000e+00 +9.0000e+00 +1.5000e+01 +2.4000e+01 +0.0000e+00
5 +1.442738342e+03 +1.442738342e+03 +1.290698342e+03 +1.290698342e+03 +5.0000e+00 +1.9000e+01 +1.4000e+01 +2.0000e+00 +1.3000e+01 +1.0000e+00 +2.4000e+01 +1.0000e+00 +8.0000e+00 +6.0000e+00
71 +8.899975418e+02 +8.899975418e+02 +7.379575418e+02 +7.379575418e+02 +1.6000e+01 +0.0000e+00 +1.0000e+00 +0.0000e+00 +1.0000e+00 +1.4000e+01 +1.0000e+01 +1.2000e+01 +1.0000e+01 +1.0000e+01
% function evaluation | noise-free fitness - Fopt (-2.525000000000e+01) | best noise-free fitness - Fopt | measured fitness | best measured fitness | x1 | x2...
1 +2.414822143e+03 +2.414822143e+03 +2.389572143e+03 +2.389572143e+03 +5.0000e+00 +6.0000e+00 +2.6000e+01 +6.0000e+00 +6.0000e+00 +0.0000e+00 +6.0000e+00 +2.5000e+01 +0.0000e+00 +2.5000e+01
67 +1.527095743e+03 +1.527095743e+03 +1.501845743e+03 +1.501845743e+03 +9.0000e+00 +3.0000e+00 +5.0000e+00 +2.0000e+00 +2.2000e+01 +2.0000e+01 +1.0000e+01 +0.0000e+00 +1.1000e+01 +1.8000e+01
% function evaluation | noise-free fitness - Fopt (2.230000000000e+00) | best noise-free fitness - Fopt | measured fitness | best measured fitness | x1 | x2...
1 +3.422055006e+03 +3.422055006e+03 +3.424285006e+03 +3.424285006e+03 +2.0000e+00 +6.0000e+00 +1.3000e+01 +2.9000e+01 +2.5000e+01 +2.1000e+01 +1.9000e+01 +4.0000e+00 +2.5000e+01 +7.0000e+00
4 +1.283443806e+03 +1.283443806e+03 +1.285673806e+03 +1.285673806e+03 +2.0000e+00 +4.0000e+00 +6.0000e+00 +4.0000e+00 +8.0000e+00 +4.0000e+00 +2.3000e+01 +4.0000e+00 +4.0000e+00 +2.1000e+01
44 +9.870566061e+02 +9.870566061e+02 +9.892866061e+02 +9.892866061e+02 +0.0000e+00 +2.0000e+00 +4.0000e+00 +2.0000e+00 +6.0000e+00 +2.0000e+00 +2.1000e+01 +2.0000e+00 +2.0000e+00 +1.9000e+01
% function evaluation | noise-free fitness - Fopt (-1.308000000000e+01) | best noise-free fitness - Fopt | measured fitness | best measured fitness | x1 | x2...
1 +3.979432067e+03 +3.979432067e+03 +3.966352067e+03 +3.966352067e+03 +2.5000e+01 +8.0000e+00 +9.0000e+00 +2.6000e+01 +2.4000e+01 +2.8000e+01 +1.4000e+01 +0.0000e+00 +1.4000e+01 +2.4000e+01
8 +2.112569667e+03 +2.112569667e+03 +2.099489667e+03 +2.099489667e+03 +1.7000e+01 +1.0000e+01 +1.2000e+01 +2.7000e+01 +1.5000e+01 +1.9000e+01 +1.6000e+01 +2.0000e+00 +0.0000e+00 +5.0000e+00
13 +1.510219267e+03 +1.510219267e+03 +1.497139267e+03 +1.497139267e+03 +1.0000e+01 +2.0000e+00 +0.0000e+00 +2.6000e+01 +1.2000e+01 +7.0000e+00 +0.0000e+00 +1.6000e+01 +5.0000e+00 +1.2000e+01
73 +9.947504672e+02 +9.947504672e+02 +9.816704672e+02 +9.816704672e+02 +7.0000e+00 +0.0000e+00 +0.0000e+00 +2.3000e+01 +9.0000e+00 +4.0000e+00 +0.0000e+00 +1.3000e+01 +2.0000e+00 +9.0000e+00
% function evaluation | noise-free fitness - Fopt (2.671600000000e+02) | best noise-free fitness - Fopt | measured fitness | best measured fitness | x1 | x2...
1 +2.731484357e+03 +2.731484357e+03 +2.998644357e+03 +2.998644357e+03 +7.0000e+00 +2.9000e+01 +7.0000e+00 +1.4000e+01 +2.0000e+00 +2.0000e+01 +2.2000e+01 +2.0000e+00 +1.3000e+01 +2.0000e+00
8 +2.271546757e+03 +2.271546757e+03 +2.538706757e+03 +2.538706757e+03 +1.8000e+01 +1.0000e+01 +1.1000e+01 +0.0000e+00 +5.0000e+00 +1.8000e+01 +2.4000e+01 +1.1000e+01 +8.0000e+00 +1.6000e+01
37 +1.562407557e+03 +1.562407557e+03 +1.829567557e+03 +1.829567557e+03 +6.0000e+00 +2.0000e+00 +2.0000e+01 +4.0000e+00 +1.0000e+01 +4.0000e+00 +2.8000e+01 +0.0000e+00 +4.0000e+00 +0.0000e+00
% function evaluation | noise-free fitness - Fopt (3.710000000000e+00) | best noise-free fitness - Fopt | measured fitness | best measured fitness | x1 | x2...
1 +1.446903865e+03 +1.446903865e+03 +1.450613865e+03 +1.450613865e+03 +2.0000e+00 +2.0000e+00 +1.5000e+01 +0.0000e+00 +1.2000e+01 +3.0000e+01 +5.0000e+00 +2.0000e+00 +7.0000e+00 +1.3000e+01
13 +6.862558650e+02 +6.862558650e+02 +6.899658650e+02 +6.899658650e+02 +9.0000e+00 +0.0000e+00 +2.0000e+01 +5.0000e+00 +0.0000e+00 +7.0000e+00 +0.0000e+00 +5.0000e+00 +1.4000e+01 +6.0000e+00
33 +5.780398650e+02 +5.780398650e+02 +5.817498650e+02 +5.817498650e+02 +8.0000e+00 +0.0000e+00 +1.9000e+01 +4.0000e+00 +0.0000e+00 +6.0000e+00 +0.0000e+00 +4.0000e+00 +1.3000e+01 +5.0000e+00
93 +3.373918650e+02 +3.373918650e+02 +3.411018650e+02 +3.411018650e+02 +5.0000e+00 +0.0000e+00 +1.6000e+01 +1.0000e+00 +0.0000e+00 +3.0000e+00 +0.0000e+00 +1.0000e+00 +1.0000e+01 +2.0000e+00
% function evaluation | noise-free fitness - Fopt (9.478000000000e+01) | best noise-free fitness - Fopt | measured fitness | best measured fitness | x1 | x2...
1 +3.727255308e+03 +3.727255308e+03 +3.822035308e+03 +3.822035308e+03 +2.3000e+01 +2.9000e+01 +2.4000e+01 +1.0000e+00 +2.3000e+01 +2.6000e+01 +1.4000e+01 +2.0000e+00 +1.0000e+01 +2.6000e+01
2 +2.374226508e+03 +2.374226508e+03 +2.469006508e+03 +2.469006508e+03 +3.0000e+01 +1.6000e+01 +1.2000e+01 +0.0000e+00 +8.0000e+00 +2.6000e+01 +1.9000e+01 +3.0000e+00 +1.4000e+01 +7.0000e+00
12 +1.411728908e+03 +1.411728908e+03 +1.506508908e+03 +1.506508908e+03 +0.0000e+00 +9.0000e+00 +2.0000e+01 +1.4000e+01 +2.0000e+01 +1.0000e+00 +1.7000e+01 +1.6000e+01 +6.0000e+00 +5.0000e+00
72 +9.093913082e+02 +9.093913082e+02 +1.004171308e+03 +1.004171308e+03 +0.0000e+00 +6.0000e+00 +1.7000e+01 +1.1000e+01 +1.7000e+01 +0.0000e+00 +1.4000e+01 +1.3000e+01 +3.0000e+00 +2.0000e+00
% function evaluation | noise-free fitness - Fopt (2.339200000000e+02) | best noise-free fitness - Fopt | measured fitness | best measured fitness | x1 | x2...
1 +2.885331248e+03 +2.885331248e+03 +3.119251248e+03 +3.119251248e+03 +2.2000e+01 +2.0000e+01 +3.0000e+00 +2.0000e+01 +0.0000e+00 +5.0000e+00 +1.7000e+01 +3.0000e+01 +1.4000e+01 +1.0000e+00
3 +2.179656048e+03 +2.179656048e+03 +2.413576048e+03 +2.413576048e+03 +8.0000e+00 +1.0000e+01 +1.0000e+00 +2.8000e+01 +0.0000e+00 +8.0000e+00 +2.4000e+01 +2.2000e+01 +0.0000e+00 +1.0000e+00
9 +1.282582448e+03 +1.282582448e+03 +1.516502448e+03 +1.516502448e+03 +2.3000e+01 +7.0000e+00 +3.0000e+00 +0.0000e+00 +2.0000e+00 +1.8000e+01 +1.8000e+01 +3.0000e+00 +0.0000e+00 +3.0000e+00
69 +8.989728480e+02 +8.989728480e+02 +1.132892848e+03 +1.132892848e+03 +2.0000e+01 +4.0000e+00 +0.0000e+00 +0.0000e+00 +0.0000e+00 +1.5000e+01 +1.5000e+01 +0.0000e+00 +0.0000e+00 +0.0000e+00
% function evaluation | noise-free fitness - Fopt (-6.092000000000e+01) | best noise-free fitness - Fopt | measured fitness | best measured fitness | x1 | x2...
1 +3.028568268e+03 +3.028568268e+03 +2.967648268e+03 +2.967648268e+03 +2.8000e+01 +3.0000e+00 +1.0000e+01 +3.0000e+00 +2.0000e+00 +1.5000e+01 +2.8000e+01 +1.4000e+01 +1.2000e+01 +2.8000e+01
2 +2.480761868e+03 +2.480761868e+03 +2.419841868e+03 +2.419841868e+03 +1.6000e+01 +0.0000e+00 +1.8000e+01 +1.0000e+00 +1.0000e+01 +2.0000e+00 +2.3000e+01 +2.0000e+01 +2.2000e+01 +1.8000e+01
29 +1.522097868e+03 +1.522097868e+03 +1.461177868e+03 +1.461177868e+03 +1.5000e+01 +1.8000e+01 +2.8000e+01 +1.9000e+01 +0.0000e+00 +3.0000e+00 +0.0000e+00 +5.0000e+00 +0.0000e+00 +4.0000e+00
% function evaluation | noise-free fitness - Fopt (-1.948000000000e+01) | best noise-free fitness - Fopt | measured fitness | best measured fitness | x1 | x2...
1 +2.190357550e+03 +2.190357550e+03 +2.170877550e+03 +2.170877550e+03 +1.6000e+01 +8.0000e+00 +1.0000e+01 +6.0000e+00 +2.9000e+01 +2.0000e+01 +1.0000e+00 +1.5000e+01 +2.0000e+01 +3.0000e+00
14 +1.436435950e+03 +1.436435950e+03 +1.416955950e+03 +1.416955950e+03 +2.0000e+01 +3.0000e+00 +1.5000e+01 +0.0000e+00 +1.9000e+01 +1.2000e+01 +1.5000e+01 +2.0000e+00 +7.0000e+00 +4.0000e+00
74 +9.530439501e+02 +9.530439501e+02 +9.335639501e+02 +9.335639501e+02 +1.7000e+01 +0.0000e+00 +1.2000e+01 +0.0000e+00 +1.6000e+01 +9.0000e+00 +1.2000e+01 +0.0000e+00 +4.0000e+00 +1.0000e+00
% function evaluation | noise-free fitness - Fopt (1.344700000000e+02) | best noise-free fitness - Fopt | measured fitness | best measured fitness | x1 | x2...
1 +3.091056460e+03 +3.091056460e+03 +3.225526460e+03 +3.225526460e+03 +2.6000e+01 +2.0000e+00 +1.3000e+01 +6.0000e+00 +1.3000e+01 +1.0000e+00 +0.0000e+00 +2.9000e+01 +4.0000e+00 +2.5000e+01
6 +2.492510860e+03 +2.492510860e+03 +2.626980860e+03 +2.626980860e+03 +6.0000e+00 +2.3000e+01 +6.0000e+00 +3.0000e+00 +1.6000e+01 +1.0000e+01 +2.2000e+01 +2.8000e+01 +0.0000e+00 +1.3000e+01
52 +1.579510860e+03 +1.579510860e+03 +1.713980860e+03 +1.713980860e+03 +5.0000e+00 +1.2000e+01 +1.0000e+00 +5.0000e+00 +6.0000e+00 +9.0000e+00 +0.0000e+00 +1.0000e+00 +2.2000e+01 +2.1000e+01
% function evaluation | noise-free fitness - Fopt (4.453500000000e+02) | best noise-free fitness - Fopt | measured fitness | best measured fitness | x1 | x2...
1 +2.441486305e+03 +2.441486305e+03 +2.886836305e+03 +2.886836305e+03 +1.2000e+01 +2.1000e+01 +2.8000e+01 +0.0000e+00 +2.3000e+01 +1.0000e+01 +0.0000e+00 +0.0000e+00 +2.0000e+01 +1.5000e+01
20 +1.488473505e+03 +1.488473505e+03 +1.933823505e+03 +1.933823505e+03 +0.0000e+00 +1.1000e+01 +2.2000e+01 +1.2000e+01 +9.0000e+00 +1.1000e+01 +0.0000e+00 +1.0000e+00 +8.0000e+00 +2.3000e+01
100 +9.086175053e+02 +9.086175053e+02 +1.353967505e+03 +1.353967505e+03 +0.0000e+00 +7.0000e+00 +1.8000e+01 +8.0000e+00 +5.0000e+00 +7.0000e+00 +0.0000e+00 +0.0000e+00 +4.0000e+00 +1.9000e+01
