% function evaluation | noise-free fitness - Fopt (7.948000000000e+01) | best noise-free fitness - Fopt | measured fitness | best measured fitness | x1 | x2...
1 +5.750288017e+03 +5.750288017e+03 +5.829768017e+03 +5.829768017e+03 +2.0000e+00 +8.0000e+00 +2.7000e+01 +2.6000e+01 +2.3000e+01 +1.3000e+01 +1.1000e+01 +0.0000e+00 +2.8000e+01 +1.4000e+01 +2.0000e+00 +4.0000e+00 +2.1000e+01 +2.3000e+01 +1.0000e+00 +2.6000e+01 +2.0000e+00 +2.0000e+00 +2.0000e+00 +2.7000e+01
22 +3.571468817e+03 +3.571468817e+03 +3.650948817e+03 +3.650948817e+03 +2.0000e+00 +9.0000e+00 +2.6000e+01 +2.2000e+01 +7.0000e+00 +2.0000e+00 +0.0000e+00 +1.3000e+01 +6.0000e+00 +9.0000e+00 +1.1000e+01 +4.0000e+00 +1.9000e+01 +7.0000e+00 +2.0000e+01 +1.1000e+01 +1.1000e+01 +1.1000e+01 +2.0000e+00 +2.6000e+01
136 +1.589398417e+03 +1.589398417e+03 +1.668878417e+03 +1.668878417e+03 +2.0000e+00 +0.0000e+00 +1.0000e+00 +4.0000e+00 +2.0000e+00 +0.0000e+00 +4.0000e+00 +6.0000e+00 +2.0000e+00 +1.0000e+00 +2.1000e+01 +1.0000e+00 +2.0000e+00 +1.4000e+01 +1.0000e+00 +2.5000e+01 +6.0000e+00 +4.0000e+00 +4.0000e+00 +9.0000e+00
219 +2.886304173e+02 +2.886304173e+02 +3.681104173e+02 +3.681104173e+02 +2.0000e+00 +2.0000e+00 +2.0000e+00 +0.0000e+00 +0.0000e+00 +2.0000e+00 +0.0000e+00 +2.0000e+00 +0.0000e+00 +0.0000e+00 +2.0000e+00 +2.0000e+00 +0.0000e+00 +2.0000e+00 +2.0000e+00 +2.0000e+00 +0.0000e+00 +1.0000e+01 +2.0000e+00 +0.0000e+00
319 +1.082080173e+02 +1.082080173e+02 +1.876880173e+02 +1.876880173e+02 +1.0000e+00 +0.0000e+00 +0.0000e+00 +1.0000e+00 +1.0000e+00 +1.0000e+00 +0.0000e+00 +1.0000e+00 +1.0000e+00 +1.0000e+00 +1.0000e+00 +0.0000e+00 +1.0000e+00 +1.0000e+00 +0.0000e+00 +1.0000e+00 +0.0000e+00 +0.0000e+00 +0.0000e+00 +1.0000e+00
336 +9.416001728e+01 +9.416001728e+01 +1.736400173e+02 +1.736400173e+02 +0.0000e+00 +2.0000e+00 +2.0000e+00 +0.0000e+00 +0.0000e+00 +0.0000e+00 +2.0000e+00 +0.0000e+00 +0.0000e+00 +0.0000e+00 +0.0000e+00 +2.0000e+00 +0.0000e+00 +0.0000e+00 +2.0000e+00 +0.0000e+00 +2.0000e+00 +0.0000e+00 +2.0000e+00 +0.0000e+00
% function evaluation | noise-free fitness - Fopt (3.944800000000e+02) | best noise-free fitness - Fopt | measured fitness | best measured fitness | x1 | x2...
1 +6.159741282e+03 +6.159741282e+03 +6.554221282e+03 +6.554221282e+03 +2.0000e+01 +8.0000e+00 +1.4000e+01 +2.3000e+01 +1.1000e+01 +2.0000e+01 +1.4000e+01 +7.0000e+00 +1.4000e+01 +1.8000e+01 +2.1000e+01 +1.8000e+01 +0.0000e+00 +8.0000e+00 +2.1000e+01 +2.3000e+01 +2.4000e+01 +2.6000e+01 +7.0000e+00 +1.1000e+01
2 +3.545114082e+03 +3.545114082e+03 +3.939594082e+03 +3.939594082e+03 +1.0000e+00 +1.5000e+01 +9.0000e+00 +2.0000e+00 +9.0000e+00 +3.0000e+00 +9.0000e+00 +9.0000e+00 +9.0000e+00 +1.5000e+01 +7.0000e+00 +1.5000e+01 +2.0000e+01 +2.5000e+01 +7.0000e+00 +2.0000e+01 +1.7000e+01 +0.0000e+00 +9.0000e+00 +2.3000e+01
116 +2.097371682e+03 +2.097371682e+03 +2.491851682e+03 +2.491851682e+03 +0.0000e+00 +1.1000e+01 +0.0000e+00 +0.0000e+00 +7.0000e+00 +1.0000e+00 +0.0000e+00 +0.0000e+00 +2.0000e+01 +0.0000e+00 +1.1000e+01 +1.1000e+01 +0.0000e+00 +0.0000e+00 +0.0000e+00 +2.0000e+01 +0.0000e+00 +0.0000e+00 +2.9000e+01 +1.0000e+00
216 +1.358282082e+03 +1.358282082e+03 +1.752762082e+03 +1.752762082e+03 +0.0000e+00 +0.0000e+00 +0.0000e+00 +0.0000e+00 +2.8000e+01 +0.0000e+00 +0.0000e+00 +0.0000e+00 +0.0000e+00 +0.0000e+00 +1.0000e+01 +0.0000e+00 +0.0000e+00 +0.0000e+00 +0.0000e+00 +0.0000e+00 +0.0000e+00 +1.9000e+01 +0.0000e+00 +0.0000e+00
400 +6.606724819e+02 +6.606724819e+02 +1.055152482e+03 +1.055152482e+03 +0.0000e+00 +0.0000e+00 +0.0000e+00 +0.0000e+00 +0.0000e+00 +0.0000e+00 +2.0000e+00 +0.0000e+00 +4.0000e+00 +0.0000e+00 +0.0000e+00 +4.0000e+00 +0.0000e+00 +0.0000e+00 +0.0000e+00 +0.0000e+00 +4.0000e+00 +2.0000e+01 +0.0000e+00 +0.0000e+00
451 +4.404756819e+02 +4.404756819e+02 +8.349556819e+02 +8.349556819e+02 +0.0000e+00 +0.0000e+00 +6.0000e+00 +6.0000e+00 +0.0000e+00 +9.0000e+00 +9.0000e+00 +0.0000e+00 +0.0000e+00 +0.0000e+00 +0.0000e+00 +0.0000e+00 +0.0000e+00 +0.0000e+00 +0.0000e+00 +0.0000e+00 +6.0000e+00 +0.0000e+00 +0.0000e+00 +0.0000e+00
% function evaluation | noise-free fitness - Fopt (-2.471100000000e+02) | best noise-free fitness - Fopt | measured fitness | best measured fitness | x1 | x2...
1 +5.069283796e+03 +5.069283796e+03 +4.822173796e+03 +4.822173796e+03 +1.5000e+01 +1.3000e+01 +9.0000e+00 +2.8000e+01 +2.8000e+01 +4.0000e+00 +1.1000e+01 +4.0000e+00 +1.1000e+01 +1.5000e+01 +1.7000e+01 +8.0000e+00 +8.0000e+00 +8.0000e+00 +2.0000e+01 +9.0000e+00 +2.0000e+01 +9.0000e+00 +3.0000e+01 +1.7000e+01
3 +3.899211796e+03 +3.899211796e+03 +3.652101796e+03 +3.652101796e+03 +1.0000e+01 +2.9000e+01 +9.0000e+00 +1.0000e+01 +1.0000e+01 +5.0000e+00 +1.5000e+01 +9.0000e+00 +1.5000e+01 +3.0000e+01 +0.0000e+00 +1.0000e+01 +1.0000e+01 +1.0000e+01 +9.0000e+00 +9.0000e+00 +9.0000e+00 +9.0000e+00 +2.9000e+01 +0.0000e+00
12 +2.314381396e+03 +2.314381396e+03 +2.067271396e+03 +2.067271396e+03 +4.0000e+00 +2.4000e+01 +8.0000e+00 +3.0000e+00 +3.0000e+00 +1.4000e+01 +3.0000e+00 +4.0000e+00 +3.0000e+00 +2.4000e+01 +3.0000e+00 +7.0000e+00 +7.0000e+00 +7.0000e+00 +1.3000e+01 +8.0000e+00 +1.3000e+01 +8.0000e+00 +2.4000e+01 +3.0000e+00
130 +1.384163796e+03 +1.384163796e+03 +1.137053796e+03 +1.137053796e+03 +4.0000e+00 +9.0000e+00 +1.0000e+00 +5.0000e+00 +9.0000e+00 +4.0000e+00 +2.1000e+01 +4.0000e+00 +3.0000e+00 +1.3000e+01 +5.0000e+00 +1.8000e+01 +1.3000e+01 +2.0000e+00 +4.0000e+00 +2.0000e+00 +1.0000e+00 +9.0000e+00 +9.0000e+00 +2.0000e+00
313 +9.948917958e+02 +9.948917958e+02 +7.477817958e+02 +7.477817958e+02 +0.0000e+00 +0.0000e+00 +5.0000e+00 +0.0000e+00 +1.3000e+01 +0.0000e+00 +1.3000e+01 +0.0000e+00 +1.3000e+01 +0.0000e+00 +1.3000e+01 +7.0000e+00 +4.0000e+00 +0.0000e+00 +2.0000e+00 +2.0000e+00 +0.0000e+00 +7.0000e+00 +0.0000e+00 +1.3000e+01
379 +4.059013958e+02 +4.059013958e+02 +1.587913958e+02 +1.587913958e+02 +0.0000e+00 +0.0000e+00 +0.0000e+00 +0.0000e+00 +3.0000e+00 +0.0000e+00 +3.0000e+00 +0.0000e+00 +3.0000e+00 +0.0000e+00 +3.0000e+00 +0.0000e+00 +1.9000e+01 +0.0000e+00 +0.0000e+00 +0.0000e+00 +0.0000e+00 +0.0000e+00 +0.0000e+00 +3.0000e+00
% function evaluation | noise-free fitness - Fopt (-1.520400000000e+02) | best noise-free fitness - Fopt | measured fitness | best measured fitness | x1 | x2...
1 +5.328092035e+03 +5.328092035e+03 +5.176052035e+03 +5.176052035e+03 +1.7000e+01 +0.0000e+00 +1.0000e+00 +3.0000e+00 +2.7000e+01 +1.2000e+01 +2.2000e+01 +2.7000e+01 +2.7000e+01 +0.0000e+00 +0.0000e+00 +0.0000e+00 +1.9000e+01 +1.9000e+01 +1.9000e+01 +1.7000e+01 +2.7000e+01 +0.0000e+00 +1.3000e+01 +1.6000e+01
2 +2.313109635e+03 +2.313109635e+03 +2.161069635e+03 +2.161069635e+03 +4.0000e+00 +1.9000e+01 +1.2000e+01 +4.0000e+00 +0.0000e+00 +0.0000e+00 +1.3000e+01 +0.0000e+00 +1.8000e+01 +9.0000e+00 +1.9000e+01 +9.0000e+00 +1.0000e+01 +1.0000e+01 +1.0000e+01 +4.0000e+00 +0.0000e+00 +9.0000e+00 +1.4000e+01 +1.3000e+01
102 +1.270546435e+03 +1.270546435e+03 +1.118506435e+03 +1.118506435e+03 +0.0000e+00 +0.0000e+00 +9.0000e+00 +3.0000e+00 +1.3000e+01 +9.0000e+00 +8.0000e+00 +0.0000e+00 +8.0000e+00 +1.2000e+01 +3.0000e+00 +1.1000e+01 +0.0000e+00 +8.0000e+00 +8.0000e+00 +8.0000e+00 +1.8000e+01 +8.0000e+00 +0.0000e+00 +1.2000e+01
202 +9.314328352e+02 +9.314328352e+02 +7.793928352e+02 +7.793928352e+02 +3.0000e+00 +1.5000e+01 +0.0000e+00 +7.0000e+00 +1.1000e+01 +1.2000e+01 +0.0000e+00 +0.0000e+00 +1.1000e+01 +7.0000e+00 +1.1000e+01 +7.0000e+00 +0.0000e+00 +7.0000e+00 +0.0000e+00 +0.0000e+00 +1.0000e+01 +2.0000e+00 +7.0000e+00 +7.0000e+00
233 +4.642616352e+02 +4.642616352e+02 +3.122216352e+02 +3.122216352e+02 +9.0000e+00 +1.0000e+00 +0.0000e+00 +9.0000e+00 +1.0000e+00 +0.0000e+00 +0.0000e+00 +0.0000e+00 +1.0000e+00 +9.0000e+00 +1.0000e+00 +9.0000e+00 +0.0000e+00 +9.0000e+00 +0.0000e+00 +0.0000e+00 +1.0000e+00 +0.0000e+00 +9.0000e+00 +9.0000e+00
409 +3.655192352e+02 +3.655192352e+02 +2.134792352e+02 +2.134792352e+02 +0.0000e+00 +4.0000e+00 +0.0000e+00 +0.0000e+00 +4.0000e+00 +0.0000e+00 +0.0000e+00 +0.0000e+00 +1.3000e+01 +0.0000e+00 +0.0000e+00 +4.0000e+00 +0.0000e+00 +1.3000e+01 +0.0000e+00 +4.0000e+00 +0.0000e+00 +4.0000e+00 +0.0000e+00 +0.0000e+00
% function evaluation | noise-free fitness - Fopt (-2.525000000000e+01) | best noise-free fitness - Fopt | measured fitness | best measured fitness | x1 | x2...
1 +5.593578828e+03 +5.593578828e+03 +5.568328828e+03 +5.568328828e+03 +2.4000e+01 +4.0000e+00 +9.0000e+00 +1.6000e+01 +1.7000e+01 +1.7000e+01 +1.3000e+01 +9.0000e+00 +6.0000e+00 +2.1000e+01 +9.0000e+00 +1.0000e+01 +2.2000e+01 +0.0000e+00 +1.4000e+01 +2.8000e+01 +9.0000e+00 +1.5000e+01 +2.2000e+01 +2.8000e+01
2 +3.392116428e+03 +3.392116428e+03 +3.366866428e+03 +3.366866428e+03 +4.0000e+00 +0.0000e+00 +1.6000e+01 +1.9000e+01 +0.0000e+00 +0.0000e+00 +8.0000e+00 +1.6000e+01 +2.9000e+01 +1.0000e+01 +2.0000e+00 +2.1000e+01 +1.0000e+00 +7.0000e+00 +3.0000e+01 +0.0000e+00 +2.0000e+00 +4.0000e+00 +1.0000e+00 +0.0000e+00
127 +1.887879628e+03 +1.887879628e+03 +1.862629628e+03 +1.862629628e+03 +1.6000e+01 +1.0000e+00 +2.0000e+00 +6.0000e+00 +1.7000e+01 +0.0000e+00 +6.0000e+00 +6.0000e+00 +1.7000e+01 +1.4000e+01 +4.0000e+00 +1.7000e+01 +6.0000e+00 +1.7000e+01 +0.0000e+00 +6.0000e+00 +7.0000e+00 +4.0000e+00 +3.0000e+00 +7.0000e+00
227 +1.472471628e+03 +1.472471628e+03 +1.447221628e+03 +1.447221628e+03 +5.0000e+00 +1.6000e+01 +2.0000e+00 +0.0000e+00 +6.0000e+00 +5.0000e+00 +1.6000e+01 +1.0000e+00 +1.3000e+01 +5.0000e+00 +6.0000e+00 +1.6000e+01 +3.0000e+00 +2.0000e+00 +6.0000e+00 +5.0000e+00 +0.0000e+00 +5.0000e+00 +1.0000e+00 +1.6000e+01
228 +8.563628282e+02 +8.563628282e+02 +8.311128282e+02 +8.311128282e+02 +1.8000e+01 +1.0000e+00 +2.0000e+00 +0.0000e+00 +8.0000e+00 +2.0000e+00 +0.0000e+00 +1.2000e+01 +1.1000e+01 +2.0000e+00 +8.0000e+00 +0.0000e+00 +6.0000e+00 +2.0000e+00 +8.0000e+00 +2.0000e+00 +0.0000e+00 +2.0000e+00 +1.2000e+01 +0.0000e+00
328 +3.860236282e+02 +3.860236282e+02 +3.607736282e+02 +3.607736282e+02 +0.0000e+00 +7.0000e+00 +1.0000e+00 +7.0000e+00 +0.0000e+00 +7.0000e+00 +1.0000e+00 +7.0000e+00 +0.0000e+00 +0.0000e+00 +7.0000e+00 +1.0000e+00 +0.0000e+00 +1.0000e+00 +0.0000e+00 +7.0000e+00 +0.0000e+00 +1.0000e+00 +1.0000e+00 +0.0000e+00
397 +1.273756282e+02 +1.273756282e+02 +1.021256282e+02 +1.021256282e+02 +3.0000e+00 +0.0000e+00 +0.0000e+00 +0.0000e+00 +5.0000e+00 +0.0000e+00 +0.0000e+00 +0.0000e+00 +3.0000e+00 +3.0000e+00 +0.0000e+00 +0.0000e+00 +3.0000e+00 +0.0000e+00 +3.0000e+00 +0.0000e+00 +3.0000e+00 +0.0000e+00 +0.0000e+00 +3.0000e+00
% function evaluation | noise-free fitness - Fopt (2.230000000000e+00) | best noise-free fitness - Fopt | measured fitness | best measured fitness | x1 | x2...
1 +7.221308983e+03 +7.221308983e+03 +7.223538983e+03 +7.223538983e+03 +2.6000e+01 +2.2000e+01 +1.8000e+01 +3.0000e+00 +3.0000e+01 +7.0000e+00 +1.8000e+01 +2.7000e+01 +2.7000e+01 +3.0000e+01 +2.0000e+00 +9.0000e+00 +3.0000e+00 +2.0000e+01 +4.0000e+00 +1.3000e+01 +4.0000e+00 +1.1000e+01 +3.0000e+01 +2.0000e+01
2 +5.985062583e+03 +5.985062583e+03 +5.987292583e+03 +5.987292583e+03 +1.7000e+01 +1.8000e+01 +2.5000e+01 +2.7000e+01 +1.8000e+01 +2.0000e+00 +1.7000e+01 +1.7000e+01 +1.7000e+01 +1.0000e+01 +2.6000e+01 +1.9000e+01 +1.2000e+01 +1.2000e+01 +1.8000e+01 +4.0000e+00 +1.8000e+01 +1.4000e+01 +1.0000e+01 +1.8000e+01
6 +3.652078583e+03 +3.652078583e+03 +3.654308583e+03 +3.654308583e+03 +4.0000e+00 +6.0000e+00 +2.7000e+01 +0.0000e+00 +6.0000e+00 +7.0000e+00 +4.0000e+00 +1.4000e+01 +1.4000e+01 +1.4000e+01 +5.0000e+00 +9.0000e+00 +1.1000e+01 +2.0000e+00 +7.0000e+00 +2.4000e+01 +7.0000e+00 +1.6000e+01 +1.4000e+01 +2.6000e+01
104 +2.334161783e+03 +2.334161783e+03 +2.336391783e+03 +2.336391783e+03 +7.0000e+00 +9.0000e+00 +8.0000e+00 +8.0000e+00 +9.0000e+00 +7.0000e+00 +0.0000e+00 +1.0000e+01 +9.0000e+00 +8.0000e+00 +1.0000e+01 +1.4000e+01 +1.0000e+01 +7.0000e+00 +3.0000e+00 +1.4000e+01 +3.0000e+00 +3.0000e+00 +2.9000e+01 +3.0000e+00
204 +1.555323383e+03 +1.555323383e+03 +1.557553383e+03 +1.557553383e+03 +4.0000e+00 +2.6000e+01 +8.0000e+00 +2.0000e+00 +6.0000e+00 +2.0000e+00 +8.0000e+00 +6.0000e+00 +8.0000e+00 +9.0000e+00 +8.0000e+00 +2.0000e+00 +6.0000e+00 +2.0000e+00 +8.0000e+00 +6.0000e+00 +6.0000e+00 +2.0000e+00 +2.0000e+00 +2.0000e+00
223 +1.986081830e+02 +1.986081830e+02 +2.008381830e+02 +2.008381830e+02 +2.0000e+00 +8.0000e+00 +0.0000e+00 +0.0000e+00 +0.0000e+00 +0.0000e+00 +0.0000e+00 +0.0000e+00 +0.0000e+00 +0.0000e+00 +0.0000e+00 +0.0000e+00 +0.0000e+00 +0.0000e+00 +0.0000e+00 +0.0000e+00 +0.0000e+00 +0.0000e+00 +0.0000e+00 +0.0000e+00
423 +1.357473830e+02 +1.357473830e+02 +1.379773830e+02 +1.379773830e+02 +0.0000e+00 +0.0000e+00 +0.0000e+00 +0.0000e+00 +0.0000e+00 +0.0000e+00 +0.0000e+00 +0.0000e+00 +0.0000e+00 +0.0000e+00 +0.0000e+00 +0.0000e+00 +0.0000e+00 +0.0000e+00 +0.0000e+00 +0.0000e+00 +0.0000e+00 +0.0000e+00 +6.0000e+00 +6.0000e+00
% function evaluation | noise-free fitness - Fopt (-1.308000000000e+01) | best noise-free fitness - Fopt | measured fitness | best measured fitness | x1 | x2...
1 +5.230612947e+03 +5.230612947e+03 +5.217532947e+03 +5.217532947e+03 +5.0000e+00 +1.4000e+01 +2.8000e+01 +2.0000e+00 +1.8000e+01 +1.9000e+01 +0.0000e+00 +1.0000e+00 +1.1000e+01 +8.0000e+00 +7.0000e+00 +8.0000e+00 +0.0000e+00 +0.0000e+00 +2.9000e+01 +2.6000e+01 +1.5000e+01 +2.4000e+01 +2.8000e+01 +0.0000e+00
23 +3.728660947e+03 +3.728660947e+03 +3.715580947e+03 +3.715580947e+03 +0.0000e+00 +7.0000e+00 +2.7000e+01 +4.0000e+00 +1.2000e+01 +2.5000e+01 +0.0000e+00 +2.0000e+00 +1.1000e+01 +1.3000e+01 +7.0000e+00 +1.3000e+01 +7.0000e+00 +1.0000e+01 +5.0000e+00 +1.0000e+00 +1.3000e+01 +2.3000e+01 +2.7000e+01 +7.0000e+00
140 +1.388574547e+03 +1.388574547e+03 +1.375494547e+03 +1.375494547e+03 +8.0000e+00 +1.3000e+01 +3.0000e+00 +2.0000e+00 +0.0000e+00 +3.0000e+00 +0.0000e+00 +0.0000e+00 +1.7000e+01 +8.0000e+00 +0.0000e+00 +1.5000e+01 +1.0000e+01 +3.0000e+00 +1.0000e+01 +1.0000e+00 +1.0000e+01 +8.0000e+00 +8.0000e+00 +2.0000e+00
275 +9.884513466e+02 +9.884513466e+02 +9.753713466e+02 +9.753713466e+02 +4.0000e+00 +0.0000e+00 +2.0000e+00 +7.0000e+00 +1.3000e+01 +1.6000e+01 +2.0000e+00 +4.0000e+00 +2.0000e+00 +4.0000e+00 +2.0000e+00 +2.0000e+00 +7.0000e+00 +1.1000e+01 +1.1000e+01 +2.0000e+00 +0.0000e+00 +0.0000e+00 +4.0000e+00 +2.0000e+00
375 +5.903521466e+02 +5.903521466e+02 +5.772721466e+02 +5.772721466e+02 +4.0000e+00 +9.0000e+00 +0.0000e+00 +1.0000e+01 +1.0000e+00 +3.0000e+00 +1.0000e+00 +1.0000e+01 +1.0000e+00 +3.0000e+00 +1.2000e+01 +0.0000e+00 +1.0000e+00 +6.0000e+00 +1.0000e+00 +1.0000e+00 +6.0000e+00 +3.0000e+00 +1.0000e+00 +1.0000e+00
% function evaluation | noise-free fitness - Fopt (2.671600000000e+02) | best noise-free fitness - Fopt | measured fitness | best measured fitness | x1 | x2...
1 +5.942494584e+03 +5.942494584e+03 +6.209654584e+03 +6.209654584e+03 +0.0000e+00 +3.1000e+01 +9.0000e+00 +7.0000e+00 +2.1000e+01 +2.6000e+01 +7.0000e+00 +2.1000e+01 +1.8000e+01 +7.0000e+00 +1.1000e+01 +7.0000e+00 +2.6000e+01 +2.3000e+01 +7.0000e+00 +1.5000e+01 +1.6000e+01 +6.0000e+00 +1.5000e+01 +4.0000e+00
11 +3.695729784e+03 +3.695729784e+03 +3.962889784e+03 +3.962889784e+03 +6.0000e+00 +8.0000e+00 +1.0000e+00 +2.5000e+01 +7.0000e+00 +3.0000e+00 +1.2000e+01 +7.0000e+00 +3.0000e+00 +2.5000e+01 +1.8000e+01 +1.2000e+01 +3.0000e+00 +4.0000e+00 +1.2000e+01 +8.0000e+00 +6.0000e+00 +1.2000e+01 +1.1000e+01 +2.6000e+01
166 +2.402547384e+03 +2.402547384e+03 +2.669707384e+03 +2.669707384e+03 +0.0000e+00 +2.7000e+01 +4.0000e+00 +1.3000e+01 +0.0000e+00 +0.0000e+00 +0.0000e+00 +1.0000e+00 +1.0000e+00 +2.7000e+01 +6.0000e+00 +0.0000e+00 +0.0000e+00 +6.0000e+00 +6.0000e+00 +0.0000e+00 +1.0000e+01 +4.0000e+00 +0.0000e+00 +1.0000e+01
286 +1.565968184e+03 +1.565968184e+03 +1.833128184e+03 +1.833128184e+03 +1.0000e+01 +2.3000e+01 +7.0000e+00 +6.0000e+00 +1.0000e+00 +0.0000e+00 +7.0000e+00 +2.0000e+00 +7.0000e+00 +2.0000e+00 +1.0000e+00 +1.0000e+00 +1.0000e+00 +1.0000e+01 +2.0000e+00 +7.0000e+00 +2.0000e+00 +1.0000e+01 +7.0000e+00 +2.0000e+00
429 +5.336945843e+02 +5.336945843e+02 +8.008545843e+02 +8.008545843e+02 +0.0000e+00 +0.0000e+00 +1.0000e+01 +4.0000e+00 +0.0000e+00 +0.0000e+00 +2.0000e+00 +4.0000e+00 +0.0000e+00 +0.0000e+00 +0.0000e+00 +2.0000e+00 +4.0000e+00 +0.0000e+00 +1.0000e+01 +0.0000e+00 +4.0000e+00 +0.0000e+00 +0.0000e+00 +0.0000e+00
% function evaluation | noise-free fitness - Fopt (3.710000000000e+00) | best noise-free fitness - Fopt | measured fitness | best measured fitness | x1 | x2...
1 +7.045615709e+03 +7.045615709e+03 +7.049325709e+03 +7.049325709e+03 +1.7000e+01 +4.0000e+00 +2.5000e+01 +4.0000e+00 +1.1000e+01 +1.1000e+01 +2.8000e+01 +2.7000e+01 +4.0000e+00 +1.1000e+01 +2.5000e+01 +1.7000e+01 +4.0000e+00 +1.1000e+01 +2.2000e+01 +7.0000e+00 +2.6000e+01 +2.6000e+01 +1.1000e+01 +2.7000e+01
3 +5.250103709e+03 +5.250103709e+03 +5.253813709e+03 +5.253813709e+03 +3.0000e+01 +1.1000e+01 +2.0000e+01 +1.1000e+01 +9.0000e+00 +9.0000e+00 +1.7000e+01 +1.8000e+01 +1.0000e+00 +2.0000e+00 +2.0000e+01 +3.0000e+01 +1.0000e+00 +2.0000e+00 +4.0000e+00 +1.9000e+01 +2.4000e+01 +2.0000e+00 +2.0000e+00 +1.8000e+01
9 +3.851118109e+03 +3.851118109e+03 +3.854828109e+03 +3.854828109e+03 +6.0000e+00 +2.0000e+00 +4.0000e+00 +2.0000e+00 +4.0000e+00 +4.0000e+00 +1.0000e+01 +7.0000e+00 +3.0000e+00 +2.8000e+01 +4.0000e+00 +6.0000e+00 +3.0000e+00 +2.8000e+01 +2.4000e+01 +7.0000e+00 +4.0000e+00 +2.0000e+00 +2.8000e+01 +7.0000e+00
78 +2.115260509e+03 +2.115260509e+03 +2.118970509e+03 +2.118970509e+03 +1.0000e+01 +3.0000e+00 +3.0000e+00 +3.0000e+00 +9.0000e+00 +9.0000e+00 +3.0000e+00 +1.3000e+01 +4.0000e+00 +1.1000e+01 +3.0000e+00 +1.0000e+01 +4.0000e+00 +1.1000e+01 +1.1000e+01 +4.0000e+00 +2.4000e+01 +4.0000e+00 +1.1000e+01 +1.3000e+01
178 +1.431375709e+03 +1.431375709e+03 +1.435085709e+03 +1.435085709e+03 +8.0000e+00 +1.0000e+01 +1.2000e+01 +9.0000e+00 +1.0000e+01 +3.0000e+00 +1.0000e+01 +9.0000e+00 +2.0000e+00 +1.0000e+01 +2.0000e+00 +8.0000e+00 +2.0000e+00 +2.0000e+00 +2.0000e+00 +2.0000e+00 +1.2000e+01 +9.0000e+00 +8.0000e+00 +2.0000e+00
367 +8.715357094e+02 +8.715357094e+02 +8.752457094e+02 +8.752457094e+02 +1.2000e+01 +3.0000e+00 +1.1000e+01 +2.0000e+00 +8.0000e+00 +0.0000e+00 +0.0000e+00 +4.0000e+00 +8.0000e+00 +4.0000e+00 +4.0000e+00 +4.0000e+00 +4.0000e+00 +4.0000e+00 +2.0000e+00 +8.0000e+00 +1.1000e+01 +4.0000e+00 +4.0000e+00 +4.0000e+00
% function evaluation | noise-free fitness - Fopt (9.478000000000e+01) | best noise-free fitness - Fopt | measured fitness | best measured fitness | x1 | x2...
1 +4.781299833e+03 +4.781299833e+03 +4.876079833e+03 +4.876079833e+03 +3.0000e+00 +4.0000e+00 +2.1000e+01 +0.0000e+00 +2.5000e+01 +2.1000e+01 +2.1000e+01 +3.0000e+00 +8.0000e+00 +2.9000e+01 +1.0000e+01 +2.1000e+01 +1.3000e+01 +1.3000e+01 +1.0000e+01 +7.0000e+00 +2.5000e+01 +2.8000e+01 +4.0000e+00 +4.0000e+00
6 +3.500059833e+03 +3.500059833e+03 +3.594839833e+03 +3.594839833e+03 +1.3000e+01 +1.1000e+01 +9.0000e+00 +5.0000e+00 +2.7000e+01 +9.0000e+00 +9.0000e+00 +1.3000e+01 +6.0000e+00 +9.0000e+00 +1.8000e+01 +9.0000e+00 +0.0000e+00 +0.0000e+00 +1.8000e+01 +2.1000e+01 +1.0000e+00 +2.6000e+01 +1.1000e+01 +1.1000e+01
105 +2.222679033e+03 +2.222679033e+03 +2.317459033e+03 +2.317459033e+03 +7.0000e+00 +8.0000e+00 +1.1000e+01 +1.4000e+01 +1.4000e+01 +1.7000e+01 +1.1000e+01 +1.1000e+01 +1.4000e+01 +1.1000e+01 +8.0000e+00 +1.4000e+01 +4.0000e+00 +1.1000e+01 +1.1000e+01 +1.1000e+01 +1.1000e+01 +7.0000e+00 +4.0000e+00 +4.0000e+00
165 +1.522605433e+03 +1.522605433e+03 +1.617385433e+03 +1.617385433e+03 +2.0000e+00 +5.0000e+00 +1.0000e+00 +0.0000e+00 +2.3000e+01 +1.5000e+01 +1.0000e+00 +1.0000e+00 +2.3000e+01 +1.0000e+00 +5.0000e+00 +0.0000e+00 +7.0000e+00 +1.0000e+00 +1.0000e+00 +1.0000e+00 +1.0000e+00 +2.0000e+00 +7.0000e+00 +1.3000e+01
318 +2.342774330e+02 +2.342774330e+02 +3.290574330e+02 +3.290574330e+02 +0.0000e+00 +4.0000e+00 +4.0000e+00 +0.0000e+00 +4.0000e+00 +1.0000e+00 +6.0000e+00 +4.0000e+00 +0.0000e+00 +2.0000e+00 +6.0000e+00 +1.0000e+00 +0.0000e+00 +4.0000e+00 +1.0000e+00 +4.0000e+00 +4.0000e+00 +0.0000e+00 +4.0000e+00 +1.0000e+00
% function evaluation | noise-free fitness - Fopt (2.339200000000e+02) | best noise-free fitness - Fopt | measured fitness | best measured fitness | x1 | x2...
1 +6.019503820e+03 +6.019503820e+03 +6.253423820e+03 +6.253423820e+03 +2.4000e+01 +1.4000e+01 +1.8000e+01 +5.0000e+00 +1.8000e+01 +1.5000e+01 +1.8000e+01 +1.5000e+01 +1.4000e+01 +8.0000e+00 +8.0000e+00 +0.0000e+00 +2.5000e+01 +5.0000e+00 +3.0000e+01 +2.5000e+01 +3.0000e+01 +4.0000e+00 +1.8000e+01 +5.0000e+00
5 +3.632697420e+03 +3.632697420e+03 +3.866617420e+03 +3.866617420e+03 +7.0000e+00 +1.9000e+01 +8.0000e+00 +4.0000e+00 +8.0000e+00 +0.0000e+00 +1.3000e+01 +0.0000e+00 +1.4000e+01 +2.3000e+01 +2.7000e+01 +2.7000e+01 +7.0000e+00 +9.0000e+00 +3.0000e+00 +7.0000e+00 +3.0000e+00 +1.3000e+01 +8.0000e+00 +9.0000e+00
112 +1.826967820e+03 +1.826967820e+03 +2.060887820e+03 +2.060887820e+03 +2.0000e+00 +8.0000e+00 +0.0000e+00 +5.0000e+00 +1.2000e+01 +6.0000e+00 +0.0000e+00 +1.2000e+01 +1.8000e+01 +2.9000e+01 +0.0000e+00 +2.0000e+00 +9.0000e+00 +2.0000e+00 +1.2000e+01 +1.0000e+01 +2.0000e+00 +5.0000e+00 +0.0000e+00 +0.0000e+00
286 +1.389499020e+03 +1.389499020e+03 +1.623419020e+03 +1.623419020e+03 +1.2000e+01 +0.0000e+00 +4.0000e+00 +8.0000e+00 +1.5000e+01 +5.0000e+00 +0.0000e+00 +4.0000e+00 +8.0000e+00 +4.0000e+00 +7.0000e+00 +7.0000e+00 +1.5000e+01 +8.0000e+00 +5.0000e+00 +0.0000e+00 +8.0000e+00 +7.0000e+00 +0.0000e+00 +8.0000e+00
386 +5.456142195e+02 +5.456142195e+02 +7.795342195e+02 +7.795342195e+02 +0.0000e+00 +3.0000e+00 +1.4000e+01 +7.0000e+00 +6.0000e+00 +3.0000e+00 +3.0000e+00 +0.0000e+00 +6.0000e+00 +0.0000e+00 +0.0000e+00 +0.0000e+00 +0.0000e+00 +3.0000e+00 +0.0000e+00 +3.0000e+00 +0.0000e+00 +0.0000e+00 +0.0000e+00 +7.0000e+00
486 +2.753214195e+02 +2.753214195e+02 +5.092414195e+02 +5.092414195e+02 +5.0000e+00 +0.0000e+00 +2.0000e+00 +0.0000e+00 +0.0000e+00 +0.0000e+00 +2.0000e+00 +2.0000e+00 +0.0000e+00 +0.0000e+00 +5.0000e+00 +6.0000e+00 +0.0000e+00 +5.0000e+00 +0.0000e+00 +0.0000e+00 +2.0000e+00 +0.0000e+00 +0.0000e+00 +0.0000e+00
% function evaluation | noise-free fitness - Fopt (-6.092000000000e+01) | best noise-free fitness - Fopt | measured fitness | best measured fitness | x1 | x2...
1 +5.121024436e+03 +5.121024436e+03 +5.060104436e+03 +5.060104436e+03 +1.0000e+01 +1.7000e+01 +2.3000e+01 +0.0000e+00 +2.3000e+01 +0.0000e+00 +1.3000e+01 +1.7000e+01 +9.0000e+00 +4.0000e+00 +1.0000e+01 +1.7000e+01 +1.3000e+01 +6.0000e+00 +8.0000e+00 +2.3000e+01 +3.0000e+01 +9.0000e+00 +9.0000e+00 +2.7000e+01
22 +3.147310836e+03 +3.147310836e+03 +3.086390836e+03 +3.086390836e+03 +8.0000e+00 +9.0000e+00 +1.6000e+01 +1.7000e+01 +1.6000e+01 +1.0000e+01 +2.1000e+01 +9.0000e+00 +0.0000e+00 +7.0000e+00 +8.0000e+00 +9.0000e+00 +2.1000e+01 +1.3000e+01 +1.5000e+01 +1.6000e+01 +7.0000e+00 +1.0000e+00 +0.0000e+00 +2.0000e+00
46 +2.135173236e+03 +2.135173236e+03 +2.074253236e+03 +2.074253236e+03 +7.0000e+00 +1.3000e+01 +1.7000e+01 +9.0000e+00 +1.7000e+01 +0.0000e+00 +1.0000e+00 +1.3000e+01 +0.0000e+00 +4.0000e+00 +7.0000e+00 +1.3000e+01 +1.0000e+00 +0.0000e+00 +1.8000e+01 +1.7000e+01 +6.0000e+00 +1.0000e+01 +0.0000e+00 +5.0000e+00
146 +1.412702836e+03 +1.412702836e+03 +1.351782836e+03 +1.351782836e+03 +0.0000e+00 +0.0000e+00 +5.0000e+00 +9.0000e+00 +0.0000e+00 +6.0000e+00 +8.0000e+00 +4.0000e+00 +4.0000e+00 +1.2000e+01 +1.6000e+01 +3.0000e+00 +0.0000e+00 +4.0000e+00 +0.0000e+00 +1.6000e+01 +1.6000e+01 +4.0000e+00 +0.0000e+00 +0.0000e+00
346 +8.317460365e+02 +8.317460365e+02 +7.708260365e+02 +7.708260365e+02 +0.0000e+00 +1.4000e+01 +3.0000e+00 +7.0000e+00 +0.0000e+00 +1.0000e+01 +1.0000e+01 +7.0000e+00 +3.0000e+00 +6.0000e+00 +1.4000e+01 +4.0000e+00 +0.0000e+00 +0.0000e+00 +4.0000e+00 +1.0000e+00 +0.0000e+00 +2.0000e+00 +6.0000e+00 +2.0000e+00
% function evaluation | noise-free fitness - Fopt (-1.948000000000e+01) | best noise-free fitness - Fopt | measured fitness | best measured fitness | x1 | x2...
1 +4.287356172e+03 +4.287356172e+03 +4.267876172e+03 +4.267876172e+03 +8.0000e+00 +0.0000e+00 +5.0000e+00 +2.8000e+01 +8.0000e+00 +6.0000e+00 +2.1000e+01 +5.0000e+00 +5.0000e+00 +5.0000e+00 +6.0000e+00 +8.0000e+00 +2.1000e+01 +8.0000e+00 +0.0000e+00 +1.6000e+01 +3.0000e+01 +2.8000e+01 +5.0000e+00 +1.8000e+01
16 +3.668661772e+03 +3.668661772e+03 +3.649181772e+03 +3.649181772e+03 +5.0000e+00 +2.4000e+01 +1.4000e+01 +1.5000e+01 +0.0000e+00 +3.0000e+00 +6.0000e+00 +1.4000e+01 +1.4000e+01 +0.0000e+00 +3.0000e+00 +0.0000e+00 +6.0000e+00 +1.2000e+01 +1.3000e+01 +2.3000e+01 +2.9000e+01 +1.5000e+01 +0.0000e+00 +1.9000e+01
31 +2.279813772e+03 +2.279813772e+03 +2.260333772e+03 +2.260333772e+03 +9.0000e+00 +1.1000e+01 +8.0000e+00 +9.0000e+00 +1.1000e+01 +3.0000e+00 +1.7000e+01 +8.0000e+00 +8.0000e+00 +1.1000e+01 +3.0000e+00 +1.1000e+01 +1.7000e+01 +1.0000e+00 +0.0000e+00 +2.1000e+01 +1.3000e+01 +9.0000e+00 +1.1000e+01 +1.0000e+00
178 +1.072189772e+03 +1.072189772e+03 +1.052709772e+03 +1.052709772e+03 +1.0000e+00 +0.0000e+00 +0.0000e+00 +1.3000e+01 +1.0000e+01 +1.3000e+01 +1.0000e+00 +1.0000e+00 +1.2000e+01 +1.2000e+01 +0.0000e+00 +2.0000e+00 +1.0000e+00 +1.3000e+01 +1.0000e+00 +4.0000e+00 +1.0000e+01 +1.1000e+01 +1.0000e+01 +0.0000e+00
401 +5.212425722e+02 +5.212425722e+02 +5.017625722e+02 +5.017625722e+02 +1.0000e+00 +1.0000e+00 +4.0000e+00 +1.0000e+00 +4.0000e+00 +1.0000e+00 +1.0000e+00 +4.0000e+00 +2.0000e+00 +4.0000e+00 +1.2000e+01 +4.0000e+00 +4.0000e+00 +1.2000e+01 +4.0000e+00 +4.0000e+00 +4.0000e+00 +4.0000e+00 +1.0000e+00 +4.0000e+00
% function evaluation | noise-free fitness - Fopt (1.344700000000e+02) | best noise-free fitness - Fopt | measured fitness | best measured fitness | x1 | x2...
1 +7.593195866e+03 +7.593195866e+03 +7.727665866e+03 +7.727665866e+03 +1.4000e+01 +1.1000e+01 +3.0000e+01 +1.4000e+01 +5.0000e+00 +2.7000e+01 +1.4000e+01 +5.0000e+00 +1.4000e+01 +5.0000e+00 +2.1000e+01 +2.7000e+01 +2.0000e+00 +2.8000e+01 +1.4000e+01 +2.8000e+01 +5.0000e+00 +2.1000e+01 +2.8000e+01 +6.0000e+00
2 +6.156626266e+03 +6.156626266e+03 +6.291096266e+03 +6.291096266e+03 +3.1000e+01 +1.4000e+01 +3.0000e+01 +8.0000e+00 +1.4000e+01 +5.0000e+00 +1.5000e+01 +1.4000e+01 +8.0000e+00 +1.4000e+01 +1.9000e+01 +5.0000e+00 +4.0000e+00 +2.8000e+01 +8.0000e+00 +5.0000e+00 +1.4000e+01 +1.0000e+01 +5.0000e+00 +3.0000e+01
8 +3.920143066e+03 +3.920143066e+03 +4.054613066e+03 +4.054613066e+03 +0.0000e+00 +2.0000e+00 +0.0000e+00 +1.0000e+01 +1.5000e+01 +2.6000e+01 +0.0000e+00 +1.9000e+01 +1.0000e+01 +1.9000e+01 +2.0000e+00 +2.6000e+01 +2.0000e+00 +1.4000e+01 +1.0000e+01 +2.0000e+00 +1.9000e+01 +4.0000e+00 +2.0000e+00 +1.0000e+01
105 +1.958872666e+03 +1.958872666e+03 +2.093342666e+03 +2.093342666e+03 +4.0000e+00 +1.0000e+01 +1.2000e+01 +2.0000e+00 +1.0000e+00 +2.0000e+00 +1.3000e+01 +2.0000e+00 +1.3000e+01 +9.0000e+00 +2.0000e+00 +5.0000e+00 +1.2000e+01 +1.1000e+01 +2.0000e+00 +1.2000e+01 +5.0000e+00 +1.2000e+01 +1.2000e+01 +1.2000e+01
205 +8.042118662e+02 +8.042118662e+02 +9.386818662e+02 +9.386818662e+02 +1.0000e+00 +1.0000e+00 +1.0000e+01 +3.0000e+00 +3.0000e+00 +1.0000e+00 +1.1000e+01 +4.0000e+00 +1.0000e+00 +1.0000e+00 +4.0000e+00 +4.0000e+00 +1.0000e+00 +1.0000e+00 +1.1000e+01 +1.1000e+01 +1.0000e+00 +1.0000e+00 +1.0000e+00 +8.0000e+00
333 +6.201174662e+02 +6.201174662e+02 +7.545874662e+02 +7.545874662e+02 +0.0000e+00 +0.0000e+00 +1.3000e+01 +0.0000e+00 +0.0000e+00 +0.0000e+00 +1.3000e+01 +0.0000e+00 +0.0000e+00 +1.3000e+01 +0.0000e+00 +0.0000e+00 +0.0000e+00 +0.0000e+00 +0.0000e+00 +0.0000e+00 +0.0000e+00 +0.0000e+00 +0.0000e+00 +0.0000e+00
345 +1.376838662e+02 +1.376838662e+02 +2.721538662e+02 +2.721538662e+02 +0.0000e+00 +0.0000e+00 +0.0000e+00 +0.0000e+00 +0.0000e+00 +5.0000e+00 +0.0000e+00 +0.0000e+00 +0.0000e+00 +0.0000e+00 +0.0000e+00 +0.0000e+00 +0.0000e+00 +0.0000e+00 +0.0000e+00 +0.0000e+00 +0.0000e+00 +0.0000e+00 +0.0000e+00 +0.0000e+00
% function evaluation | noise-free fitness - Fopt (4.453500000000e+02) | best noise-free fitness - Fopt | measured fitness | best measured fitness | x1 | x2...
1 +5.983663545e+03 +5.983663545e+03 +6.429013545e+03 +6.429013545e+03 +6.0000e+00 +3.0000e+01 +6.0000e+00 +2.4000e+01 +8.0000e+00 +3.0000e+01 +8.0000e+00 +2.2000e+01 +1.9000e+01 +3.0000e+00 +2.2000e+01 +8.0000e+00 +2.0000e+01 +1.9000e+01 +2.4000e+01 +2.2000e+01 +1.5000e+01 +1.0000e+00 +8.0000e+00 +2.0000e+01
5 +2.766129145e+03 +2.766129145e+03 +3.211479145e+03 +3.211479145e+03 +0.0000e+00 +8.0000e+00 +2.0000e+00 +2.0000e+01 +1.8000e+01 +1.0000e+01 +0.0000e+00 +0.0000e+00 +1.0000e+00 +2.2000e+01 +0.0000e+00 +0.0000e+00 +5.0000e+00 +1.0000e+00 +2.0000e+01 +0.0000e+00 +2.5000e+01 +1.2000e+01 +1.8000e+01 +5.0000e+00
82 +1.243841145e+03 +1.243841145e+03 +1.689191145e+03 +1.689191145e+03 +4.0000e+00 +7.0000e+00 +1.3000e+01 +5.0000e+00 +0.0000e+00 +4.0000e+00 +3.0000e+00 +4.0000e+00 +6.0000e+00 +2.3000e+01 +4.0000e+00 +3.0000e+00 +2.0000e+00 +6.0000e+00 +5.0000e+00 +4.0000e+00 +5.0000e+00 +7.0000e+00 +0.0000e+00 +2.0000e+00
182 +2.950491450e+02 +2.950491450e+02 +7.403991450e+02 +7.403991450e+02 +4.0000e+00 +6.0000e+00 +3.0000e+00 +3.0000e+00 +6.0000e+00 +4.0000e+00 +1.0000e+00 +1.0000e+00 +4.0000e+00 +0.0000e+00 +5.0000e+00 +5.0000e+00 +0.0000e+00 +4.0000e+00 +3.0000e+00 +0.0000e+00 +4.0000e+00 +2.0000e+00 +1.2000e+01 +1.0000e+00
482 +2.496059450e+02 +2.496059450e+02 +6.949559450e+02 +6.949559450e+02 +0.0000e+00 +1.0000e+00 +0.0000e+00 +1.0000e+00 +9.0000e+00 +0.0000e+00 +3.0000e+00 +1.0000e+00 +1.0000e+00 +0.0000e+00 +1.0000e+00 +3.0000e+00 +9.0000e+00 +0.0000e+00 +2.0000e+00 +0.0000e+00 +0.0000e+00 +1.0000e+00 +9.0000e+00 +0.0000e+00
