% function evaluation | noise-free fitness - Fopt (7.948000000000e+01) | best noise-free fitness - Fopt | measured fitness | best measured fitness | x1 | x2...
1 +6.012185270e+03 +6.012185270e+03 +6.091665270e+03 +6.091665270e+03 +2.5000e+01 +2.3000e+01 +2.1000e+01 +1.0000e+01 +2.1000e+01 +2.5000e+01 +3.0000e+01 +2.3000e+01 +2.4000e+01 +2.9000e+01
2 +2.700945270e+03 +2.700945270e+03 +2.780425270e+03 +2.780425270e+03 +1.8000e+01 +1.3000e+01 +0.0000e+00 +1.5000e+01 +0.0000e+00 +1.8000e+01 +2.7000e+01 +1.3000e+01 +1.6000e+01 +1.9000e+01
3 +2.080628470e+03 +2.080628470e+03 +2.160108470e+03 +2.160108470e+03 +2.2000e+01 +0.0000e+00 +1.4000e+01 +2.0000e+01 +1.4000e+01 +2.2000e+01 +2.0000e+00 +0.0000e+00 +1.3000e+01 +7.0000e+00
16 +1.283889270e+03 +1.283889270e+03 +1.363369270e+03 +1.363369270e+03 +2.0000e+01 +4.0000e+00 +0.0000e+00 +4.0000e+00 +0.0000e+00 +2.0000e+01 +7.0000e+00 +4.0000e+00 +5.0000e+00 +1.6000e+01
24 +9.915772698e+02 +9.915772698e+02 +1.071057270e+03 +1.071057270e+03 +2.0000e+00 +5.0000e+00 +1.0000e+00 +2.7000e+01 +1.0000e+00 +2.0000e+00 +0.0000e+00 +5.0000e+00 +3.0000e+00 +1.3000e+01
96 +5.018300698e+02 +5.018300698e+02 +5.813100698e+02 +5.813100698e+02 +5.0000e+00 +0.0000e+00 +1.0000e+01 +1.0000e+00 +1.0000e+01 +5.0000e+00 +0.0000e+00 +0.0000e+00 +6.0000e+00 +8.0000e+00
184 +3.283996698e+02 +3.283996698e+02 +4.078796698e+02 +4.078796698e+02 +8.0000e+00 +0.0000e+00 +0.0000e+00 +8.0000e+00 +0.0000e+00 +0.0000e+00 +5.0000e+00 +1.0000e+00 +1.2000e+01 +0.0000e+00
196 +2.099404698e+02 +2.099404698e+02 +2.894204698e+02 +2.894204698e+02 +5.0000e+00 +0.0000e+00 +0.0000e+00 +5.0000e+00 +4.0000e+00 +0.0000e+00 +0.0000e+00 +9.0000e+00 +0.0000e+00 +4.0000e+00
224 +5.170846976e+01 +5.170846976e+01 +1.311884698e+02 +1.311884698e+02 +3.0000e+00 +1.0000e+00 +0.0000e+00 +0.0000e+00 +1.0000e+00 +0.0000e+00 +1.0000e+00 +3.0000e+00 +0.0000e+00 +0.0000e+00
424 +3.398846976e+01 +3.398846976e+01 +1.134684698e+02 +1.134684698e+02 +1.0000e+00 +0.0000e+00 +0.0000e+00 +0.0000e+00 +0.0000e+00 +1.0000e+00 +1.0000e+00 +0.0000e+00 +0.0000e+00 +1.0000e+00
% function evaluation | noise-free fitness - Fopt (3.944800000000e+02) | best noise-free fitness - Fopt | measured fitness | best measured fitness | x1 | x2...
1 +3.746625775e+03 +3.746625775e+03 +4.141105775e+03 +4.141105775e+03 +2.0000e+01 +1.6000e+01 +1.9000e+01 +1.8000e+01 +2.0000e+01 +9.0000e+00 +2.0000e+01 +1.6000e+01 +9.0000e+00 +2.7000e+01
13 +1.784112175e+03 +1.784112175e+03 +2.178592175e+03 +2.178592175e+03 +1.7000e+01 +9.0000e+00 +2.2000e+01 +9.0000e+00 +9.0000e+00 +7.0000e+00 +9.0000e+00 +1.0000e+01 +1.3000e+01 +0.0000e+00
19 +1.476208175e+03 +1.476208175e+03 +1.870688175e+03 +1.870688175e+03 +1.6000e+01 +3.0000e+00 +0.0000e+00 +1.0000e+01 +0.0000e+00 +5.0000e+00 +0.0000e+00 +1.1000e+01 +3.0000e+00 +2.4000e+01
113 +7.955329754e+02 +7.955329754e+02 +1.190012975e+03 +1.190012975e+03 +9.0000e+00 +8.0000e+00 +8.0000e+00 +8.0000e+00 +9.0000e+00 +0.0000e+00 +8.0000e+00 +8.0000e+00 +6.0000e+00 +8.0000e+00
199 +5.061937754e+02 +5.061937754e+02 +9.006737754e+02 +9.006737754e+02 +6.0000e+00 +5.0000e+00 +1.0000e+00 +0.0000e+00 +6.0000e+00 +0.0000e+00 +1.0000e+00 +5.0000e+00 +1.4000e+01 +0.0000e+00
246 +3.683873754e+02 +3.683873754e+02 +7.628673754e+02 +7.628673754e+02 +0.0000e+00 +5.0000e+00 +0.0000e+00 +0.0000e+00 +0.0000e+00 +9.0000e+00 +0.0000e+00 +9.0000e+00 +0.0000e+00 +0.0000e+00
346 +2.091281754e+02 +2.091281754e+02 +6.036081754e+02 +6.036081754e+02 +0.0000e+00 +0.0000e+00 +4.0000e+00 +0.0000e+00 +8.0000e+00 +0.0000e+00 +0.0000e+00 +0.0000e+00 +4.0000e+00 +0.0000e+00
% function evaluation | noise-free fitness - Fopt (-2.471100000000e+02) | best noise-free fitness - Fopt | measured fitness | best measured fitness | x1 | x2...
1 +4.132478118e+03 +4.132478118e+03 +3.885368118e+03 +3.885368118e+03 +2.9000e+01 +1.3000e+01 +0.0000e+00 +4.0000e+00 +3.0000e+01 +8.0000e+00 +2.9000e+01 +7.0000e+00 +3.0000e+01 +7.0000e+00
2 +2.782913318e+03 +2.782913318e+03 +2.535803318e+03 +2.535803318e+03 +1.3000e+01 +5.0000e+00 +2.9000e+01 +4.0000e+00 +1.9000e+01 +0.0000e+00 +1.3000e+01 +1.8000e+01 +1.9000e+01 +1.3000e+01
4 +1.763929318e+03 +1.763929318e+03 +1.516819318e+03 +1.516819318e+03 +8.0000e+00 +5.0000e+00 +2.4000e+01 +5.0000e+00 +6.0000e+00 +1.7000e+01 +9.0000e+00 +1.3000e+01 +6.0000e+00 +1.9000e+01
10 +1.521191718e+03 +1.521191718e+03 +1.274081718e+03 +1.274081718e+03 +7.0000e+00 +8.0000e+00 +1.0000e+01 +7.0000e+00 +1.3000e+01 +6.0000e+00 +4.0000e+00 +1.1000e+01 +1.3000e+01 +2.4000e+01
125 +8.532701178e+02 +8.532701178e+02 +6.061601178e+02 +6.061601178e+02 +5.0000e+00 +1.5000e+01 +2.0000e+00 +6.0000e+00 +2.0000e+00 +2.0000e+01 +1.2000e+01 +2.0000e+00 +2.0000e+00 +2.0000e+00
132 +2.066621178e+02 +2.066621178e+02 -4.044788224e+01 -4.044788224e+01 +3.0000e+00 +0.0000e+00 +2.0000e+00 +4.0000e+00 +2.0000e+00 +1.0000e+00 +1.0000e+01 +0.0000e+00 +2.0000e+00 +2.0000e+00
432 +1.398157178e+02 +1.398157178e+02 -1.072942822e+02 -1.072942822e+02 +0.0000e+00 +0.0000e+00 +7.0000e+00 +0.0000e+00 +0.0000e+00 +0.0000e+00 +7.0000e+00 +0.0000e+00 +0.0000e+00 +0.0000e+00
% function evaluation | noise-free fitness - Fopt (-1.520400000000e+02) | best noise-free fitness - Fopt | measured fitness | best measured fitness | x1 | x2...
1 +4.730487142e+03 +4.730487142e+03 +4.578447142e+03 +4.578447142e+03 +2.9000e+01 +1.0000e+01 +2.9000e+01 +4.0000e+00 +2.9000e+01 +1.1000e+01 +2.0000e+01 +3.0000e+01 +1.7000e+01 +2.0000e+01
2 +2.947704742e+03 +2.947704742e+03 +2.795664742e+03 +2.795664742e+03 +2.4000e+01 +0.0000e+00 +2.4000e+01 +2.0000e+00 +2.4000e+01 +4.0000e+00 +2.1000e+01 +1.6000e+01 +7.0000e+00 +2.1000e+01
5 +2.505715942e+03 +2.505715942e+03 +2.353675942e+03 +2.353675942e+03 +8.0000e+00 +5.0000e+00 +2.6000e+01 +1.6000e+01 +2.6000e+01 +8.0000e+00 +5.0000e+00 +2.6000e+01 +2.0000e+00 +5.0000e+00
14 +1.037447142e+03 +1.037447142e+03 +8.854071418e+02 +8.854071418e+02 +1.8000e+01 +2.1000e+01 +6.0000e+00 +1.7000e+01 +6.0000e+00 +2.0000e+00 +3.0000e+00 +0.0000e+00 +0.0000e+00 +3.0000e+00
25 +6.112183418e+02 +6.112183418e+02 +4.591783418e+02 +4.591783418e+02 +8.0000e+00 +6.0000e+00 +5.0000e+00 +2.1000e+01 +5.0000e+00 +6.0000e+00 +7.0000e+00 +2.0000e+00 +4.0000e+00 +7.0000e+00
314 +1.678359418e+02 +1.678359418e+02 +1.579594176e+01 +1.579594176e+01 +0.0000e+00 +0.0000e+00 +0.0000e+00 +1.4000e+01 +0.0000e+00 +0.0000e+00 +3.0000e+00 +0.0000e+00 +0.0000e+00 +0.0000e+00
465 +1.168231418e+02 +1.168231418e+02 -3.521685824e+01 -3.521685824e+01 +1.0000e+00 +0.0000e+00 +0.0000e+00 +0.0000e+00 +1.0000e+00 +0.0000e+00 +0.0000e+00 +8.0000e+00 +0.0000e+00 +1.0000e+00
% function evaluation | noise-free fitness - Fopt (-2.525000000000e+01) | best noise-free fitness - Fopt | measured fitness | best measured fitness | x1 | x2...
1 +2.092767743e+03 +2.092767743e+03 +2.067517743e+03 +2.067517743e+03 +1.6000e+01 +0.0000e+00 +8.0000e+00 +1.6000e+01 +2.7000e+01 +4.0000e+00 +2.7000e+01 +4.0000e+00 +4.0000e+00 +3.0000e+00
6 +1.181033343e+03 +1.181033343e+03 +1.155783343e+03 +1.155783343e+03 +4.0000e+00 +1.0000e+00 +7.0000e+00 +1.0000e+00 +0.0000e+00 +1.0000e+01 +0.0000e+00 +1.0000e+01 +1.0000e+01 +2.5000e+01
23 +6.787533434e+02 +6.787533434e+02 +6.535033434e+02 +6.535033434e+02 +1.4000e+01 +6.0000e+00 +1.3000e+01 +6.0000e+00 +0.0000e+00 +0.0000e+00 +0.0000e+00 +0.0000e+00 +0.0000e+00 +1.3000e+01
43 +4.929405434e+02 +4.929405434e+02 +4.676905434e+02 +4.676905434e+02 +1.4000e+01 +0.0000e+00 +1.2000e+01 +0.0000e+00 +3.0000e+00 +1.0000e+00 +3.0000e+00 +1.0000e+00 +1.0000e+00 +1.0000e+01
146 +2.660381434e+02 +2.660381434e+02 +2.407881434e+02 +2.407881434e+02 +1.0000e+00 +0.0000e+00 +1.0000e+00 +2.0000e+00 +0.0000e+00 +0.0000e+00 +0.0000e+00 +0.0000e+00 +1.0000e+00 +1.2000e+01
151 +1.086029434e+02 +1.086029434e+02 +8.335294336e+01 +8.335294336e+01 +0.0000e+00 +0.0000e+00 +0.0000e+00 +5.0000e+00 +4.0000e+00 +4.0000e+00 +0.0000e+00 +0.0000e+00 +0.0000e+00 +1.0000e+00
351 +7.566534336e+01 +7.566534336e+01 +5.041534336e+01 +5.041534336e+01 +0.0000e+00 +0.0000e+00 +0.0000e+00 +0.0000e+00 +2.0000e+00 +3.0000e+00 +0.0000e+00 +2.0000e+00 +0.0000e+00 +2.0000e+00
% function evaluation | noise-free fitness - Fopt (2.230000000000e+00) | best noise-free fitness - Fopt | measured fitness | best measured fitness | x1 | x2...
1 +3.517888606e+03 +3.517888606e+03 +3.520118606e+03 +3.520118606e+03 +1.0000e+00 +0.0000e+00 +2.0000e+01 +1.5000e+01 +1.0000e+00 +1.1000e+01 +2.5000e+01 +3.0000e+01 +1.5000e+01 +2.5000e+01
5 +1.257786206e+03 +1.257786206e+03 +1.260016206e+03 +1.260016206e+03 +6.0000e+00 +8.0000e+00 +8.0000e+00 +3.0000e+00 +1.4000e+01 +7.0000e+00 +1.9000e+01 +5.0000e+00 +3.0000e+00 +1.9000e+01
27 +7.224630061e+02 +7.224630061e+02 +7.246930061e+02 +7.246930061e+02 +2.0000e+00 +8.0000e+00 +2.0000e+00 +1.3000e+01 +1.0000e+01 +6.0000e+00 +5.0000e+00 +1.0000e+00 +1.3000e+01 +5.0000e+00
109 +3.609526061e+02 +3.609526061e+02 +3.631826061e+02 +3.631826061e+02 +0.0000e+00 +2.0000e+00 +0.0000e+00 +8.0000e+00 +1.2000e+01 +0.0000e+00 +2.0000e+00 +0.0000e+00 +2.0000e+00 +1.2000e+01
209 +2.324758061e+02 +2.324758061e+02 +2.347058061e+02 +2.347058061e+02 +1.1000e+01 +0.0000e+00 +0.0000e+00 +1.0000e+00 +1.1000e+01 +0.0000e+00 +1.0000e+00 +7.0000e+00 +0.0000e+00 +1.0000e+00
% function evaluation | noise-free fitness - Fopt (-1.308000000000e+01) | best noise-free fitness - Fopt | measured fitness | best measured fitness | x1 | x2...
1 +3.950033667e+03 +3.950033667e+03 +3.936953667e+03 +3.936953667e+03 +1.6000e+01 +1.6000e+01 +1.6000e+01 +3.0000e+00 +2.5000e+01 +1.6000e+01 +1.6000e+01 +3.0000e+01 +2.0000e+01 +1.9000e+01
7 +2.185201667e+03 +2.185201667e+03 +2.172121667e+03 +2.172121667e+03 +2.0000e+00 +2.0000e+00 +2.0000e+00 +2.5000e+01 +5.0000e+00 +2.0000e+00 +2.0000e+00 +2.4000e+01 +2.7000e+01 +1.2000e+01
24 +1.266152067e+03 +1.266152067e+03 +1.253072067e+03 +1.253072067e+03 +5.0000e+00 +5.0000e+00 +5.0000e+00 +3.0000e+00 +9.0000e+00 +5.0000e+00 +5.0000e+00 +1.0000e+01 +2.7000e+01 +8.0000e+00
49 +7.828480672e+02 +7.828480672e+02 +7.697680672e+02 +7.697680672e+02 +0.0000e+00 +0.0000e+00 +0.0000e+00 +7.0000e+00 +1.2000e+01 +0.0000e+00 +0.0000e+00 +1.0000e+01 +1.9000e+01 +3.0000e+00
69 +1.712752672e+02 +1.712752672e+02 +1.581952672e+02 +1.581952672e+02 +0.0000e+00 +0.0000e+00 +0.0000e+00 +5.0000e+00 +3.0000e+00 +0.0000e+00 +0.0000e+00 +3.0000e+00 +9.0000e+00 +0.0000e+00
169 +1.391424672e+02 +1.391424672e+02 +1.260624672e+02 +1.260624672e+02 +0.0000e+00 +4.0000e+00 +4.0000e+00 +2.0000e+00 +2.0000e+00 +0.0000e+00 +0.0000e+00 +2.0000e+00 +2.0000e+00 +4.0000e+00
269 +9.072326720e+01 +9.072326720e+01 +7.764326720e+01 +7.764326720e+01 +0.0000e+00 +1.0000e+00 +3.0000e+00 +1.0000e+00 +0.0000e+00 +3.0000e+00 +1.0000e+00 +1.0000e+00 +3.0000e+00 +1.0000e+00
417 +5.977926720e+01 +5.977926720e+01 +4.669926720e+01 +4.669926720e+01 +0.0000e+00 +0.0000e+00 +0.0000e+00 +0.0000e+00 +0.0000e+00 +0.0000e+00 +0.0000e+00 +0.0000e+00 +0.0000e+00 +0.0000e+00
% function evaluation | noise-free fitness - Fopt (2.671600000000e+02) | best noise-free fitness - Fopt | measured fitness | best measured fitness | x1 | x2...
1 +2.425972357e+03 +2.425972357e+03 +2.693132357e+03 +2.693132357e+03 +5.0000e+00 +1.8000e+01 +1.3000e+01 +2.0000e+01 +2.0000e+01 +1.9000e+01 +1.0000e+00 +5.0000e+00 +1.3000e+01 +1.2000e+01
18 +1.112628357e+03 +1.112628357e+03 +1.379788357e+03 +1.379788357e+03 +1.6000e+01 +4.0000e+00 +4.0000e+00 +5.0000e+00 +5.0000e+00 +6.0000e+00 +1.3000e+01 +1.6000e+01 +4.0000e+00 +1.0000e+00
100 +9.819771571e+02 +9.819771571e+02 +1.249137157e+03 +1.249137157e+03 +5.0000e+00 +1.1000e+01 +2.0000e+00 +2.0000e+00 +2.0000e+00 +2.1000e+01 +2.0000e+00 +5.0000e+00 +2.0000e+00 +9.0000e+00
241 +5.023115571e+02 +5.023115571e+02 +7.694715571e+02 +7.694715571e+02 +2.0000e+00 +0.0000e+00 +0.0000e+00 +0.0000e+00 +0.0000e+00 +1.2000e+01 +0.0000e+00 +9.0000e+00 +0.0000e+00 +1.2000e+01
312 +2.945627571e+02 +2.945627571e+02 +5.617227571e+02 +5.617227571e+02 +9.0000e+00 +1.0000e+00 +0.0000e+00 +1.0000e+00 +3.0000e+00 +1.0000e+00 +1.0000e+00 +1.0000e+00 +6.0000e+00 +1.0000e+00
421 +1.188155571e+02 +1.188155571e+02 +3.859755571e+02 +3.859755571e+02 +2.0000e+00 +0.0000e+00 +1.0000e+00 +2.0000e+00 +6.0000e+00 +1.0000e+00 +1.0000e+00 +1.0000e+00 +1.0000e+00 +1.0000e+00
491 +7.198035712e+01 +7.198035712e+01 +3.391403571e+02 +3.391403571e+02 +0.0000e+00 +1.0000e+00 +0.0000e+00 +0.0000e+00 +2.0000e+00 +0.0000e+00 +0.0000e+00 +0.0000e+00 +0.0000e+00 +0.0000e+00
% function evaluation | noise-free fitness - Fopt (3.710000000000e+00) | best noise-free fitness - Fopt | measured fitness | best measured fitness | x1 | x2...
1 +2.114670265e+03 +2.114670265e+03 +2.118380265e+03 +2.118380265e+03 +2.2000e+01 +1.7000e+01 +4.0000e+00 +0.0000e+00 +2.1000e+01 +0.0000e+00 +1.7000e+01 +0.0000e+00 +1.7000e+01 +1.8000e+01
13 +1.255550265e+03 +1.255550265e+03 +1.259260265e+03 +1.259260265e+03 +8.0000e+00 +1.7000e+01 +1.5000e+01 +1.1000e+01 +9.0000e+00 +1.1000e+01 +2.0000e+00 +2.0000e+00 +2.0000e+00 +1.6000e+01
30 +9.615150650e+02 +9.615150650e+02 +9.652250650e+02 +9.652250650e+02 +1.6000e+01 +3.0000e+00 +0.0000e+00 +2.0000e+00 +1.9000e+01 +2.0000e+00 +1.4000e+01 +8.0000e+00 +1.4000e+01 +0.0000e+00
50 +4.872126650e+02 +4.872126650e+02 +4.909226650e+02 +4.909226650e+02 +0.0000e+00 +3.0000e+00 +1.0000e+00 +1.0000e+00 +3.0000e+00 +1.0000e+00 +3.0000e+00 +2.3000e+01 +3.0000e+00 +0.0000e+00
148 +3.529806650e+02 +3.529806650e+02 +3.566906650e+02 +3.566906650e+02 +3.0000e+00 +1.0000e+00 +3.0000e+00 +9.0000e+00 +3.0000e+00 +9.0000e+00 +3.0000e+00 +6.0000e+00 +6.0000e+00 +9.0000e+00
150 +8.694866496e+01 +8.694866496e+01 +9.065866496e+01 +9.065866496e+01 +2.0000e+00 +2.0000e+00 +2.0000e+00 +2.0000e+00 +2.0000e+00 +2.0000e+00 +2.0000e+00 +0.0000e+00 +0.0000e+00 +2.0000e+00
250 +5.295986496e+01 +5.295986496e+01 +5.666986496e+01 +5.666986496e+01 +1.0000e+00 +1.0000e+00 +1.0000e+00 +1.0000e+00 +1.0000e+00 +1.0000e+00 +1.0000e+00 +1.0000e+00 +1.0000e+00 +1.0000e+00
% function evaluation | noise-free fitness - Fopt (9.478000000000e+01) | best noise-free fitness - Fopt | measured fitness | best measured fitness | x1 | x2...
1 +3.502140108e+03 +3.502140108e+03 +3.596920108e+03 +3.596920108e+03 +1.1000e+01 +2.9000e+01 +2.5000e+01 +2.3000e+01 +1.3000e+01 +1.3000e+01 +1.0000e+01 +2.2000e+01 +2.3000e+01 +1.3000e+01
3 +1.278021708e+03 +1.278021708e+03 +1.372801708e+03 +1.372801708e+03 +5.0000e+00 +2.9000e+01 +5.0000e+00 +1.0000e+00 +5.0000e+00 +5.0000e+00 +1.2000e+01 +2.0000e+00 +1.0000e+00 +1.3000e+01
13 +7.440393082e+02 +7.440393082e+02 +8.388193082e+02 +8.388193082e+02 +4.0000e+00 +1.6000e+01 +8.0000e+00 +7.0000e+00 +0.0000e+00 +0.0000e+00 +8.0000e+00 +1.6000e+01 +7.0000e+00 +2.0000e+00
112 +5.417897082e+02 +5.417897082e+02 +6.365697082e+02 +6.365697082e+02 +6.0000e+00 +1.4000e+01 +5.0000e+00 +6.0000e+00 +6.0000e+00 +6.0000e+00 +6.0000e+00 +0.0000e+00 +8.0000e+00 +1.0000e+01
113 +3.951113082e+02 +3.951113082e+02 +4.898913082e+02 +4.898913082e+02 +6.0000e+00 +1.0000e+00 +7.0000e+00 +6.0000e+00 +6.0000e+00 +6.0000e+00 +6.0000e+00 +1.5000e+01 +0.0000e+00 +7.0000e+00
190 +1.082889082e+02 +1.082889082e+02 +2.030689082e+02 +2.030689082e+02 +0.0000e+00 +0.0000e+00 +7.0000e+00 +0.0000e+00 +0.0000e+00 +0.0000e+00 +0.0000e+00 +2.0000e+00 +1.0000e+01 +0.0000e+00
413 +8.575450816e+01 +8.575450816e+01 +1.805345082e+02 +1.805345082e+02 +0.0000e+00 +3.0000e+00 +3.0000e+00 +0.0000e+00 +3.0000e+00 +3.0000e+00 +0.0000e+00 +3.0000e+00 +0.0000e+00 +3.0000e+00
% function evaluation | noise-free fitness - Fopt (2.339200000000e+02) | best noise-free fitness - Fopt | measured fitness | best measured fitness | x1 | x2...
1 +1.967395248e+03 +1.967395248e+03 +2.201315248e+03 +2.201315248e+03 +2.0000e+01 +3.0000e+00 +2.4000e+01 +1.5000e+01 +1.0000e+01 +1.9000e+01 +0.0000e+00 +3.0000e+00 +3.0000e+00 +3.0000e+00
10 +1.118353648e+03 +1.118353648e+03 +1.352273648e+03 +1.352273648e+03 +1.0000e+01 +2.0000e+00 +1.2000e+01 +8.0000e+00 +6.0000e+00 +1.9000e+01 +2.0000e+00 +1.1000e+01 +1.1000e+01 +1.1000e+01
22 +8.117472480e+02 +8.117472480e+02 +1.045667248e+03 +1.045667248e+03 +1.0000e+01 +1.3000e+01 +0.0000e+00 +2.0000e+00 +1.5000e+01 +1.0000e+01 +1.4000e+01 +0.0000e+00 +0.0000e+00 +0.0000e+00
96 +3.155264480e+02 +3.155264480e+02 +5.494464480e+02 +5.494464480e+02 +1.0000e+01 +3.0000e+00 +5.0000e+00 +0.0000e+00 +2.0000e+00 +8.0000e+00 +2.0000e+00 +4.0000e+00 +4.0000e+00 +4.0000e+00
196 +2.508576480e+02 +2.508576480e+02 +4.847776480e+02 +4.847776480e+02 +9.0000e+00 +1.0000e+00 +3.0000e+00 +2.0000e+00 +0.0000e+00 +3.0000e+00 +1.0000e+00 +1.0000e+00 +3.0000e+00 +7.0000e+00
296 +7.543364800e+01 +7.543364800e+01 +3.093536480e+02 +3.093536480e+02 +1.0000e+00 +1.0000e+00 +0.0000e+00 +2.0000e+00 +0.0000e+00 +2.0000e+00 +0.0000e+00 +0.0000e+00 +0.0000e+00 +6.0000e+00
396 +5.241124800e+01 +5.241124800e+01 +2.863312480e+02 +2.863312480e+02 +0.0000e+00 +0.0000e+00 +1.0000e+00 +0.0000e+00 +0.0000e+00 +0.0000e+00 +1.0000e+00 +0.0000e+00 +0.0000e+00 +0.0000e+00
% function evaluation | noise-free fitness - Fopt (-6.092000000000e+01) | best noise-free fitness - Fopt | measured fitness | best measured fitness | x1 | x2...
1 +4.007936268e+03 +4.007936268e+03 +3.947016268e+03 +3.947016268e+03 +2.6000e+01 +3.0000e+01 +8.0000e+00 +1.1000e+01 +2.0000e+01 +1.1000e+01 +3.0000e+01 +0.0000e+00 +2.0000e+01 +2.0000e+01
2 +1.689046668e+03 +1.689046668e+03 +1.628126668e+03 +1.628126668e+03 +1.5000e+01 +1.9000e+01 +1.1000e+01 +0.0000e+00 +1.0000e+01 +0.0000e+00 +1.1000e+01 +2.5000e+01 +1.0000e+01 +1.0000e+01
6 +9.749346682e+02 +9.749346682e+02 +9.140146682e+02 +9.140146682e+02 +1.0000e+01 +1.7000e+01 +1.7000e+01 +7.0000e+00 +5.0000e+00 +7.0000e+00 +9.0000e+00 +1.4000e+01 +5.0000e+00 +5.0000e+00
63 +3.553090682e+02 +3.553090682e+02 +2.943890682e+02 +2.943890682e+02 +9.0000e+00 +8.0000e+00 +1.5000e+01 +4.0000e+00 +0.0000e+00 +4.0000e+00 +8.0000e+00 +6.0000e+00 +0.0000e+00 +0.0000e+00
138 +1.598658682e+02 +1.598658682e+02 +9.894586816e+01 +9.894586816e+01 +0.0000e+00 +9.0000e+00 +1.0000e+00 +1.0000e+00 +0.0000e+00 +1.1000e+01 +1.0000e+00 +0.0000e+00 +0.0000e+00 +1.0000e+00
163 +1.004162682e+02 +1.004162682e+02 +3.949626816e+01 +3.949626816e+01 +3.0000e+00 +7.0000e+00 +3.0000e+00 +3.0000e+00 +0.0000e+00 +5.0000e+00 +3.0000e+00 +0.0000e+00 +0.0000e+00 +3.0000e+00
220 +4.416026816e+01 +4.416026816e+01 -1.675973184e+01 -1.675973184e+01 +0.0000e+00 +0.0000e+00 +0.0000e+00 +0.0000e+00 +0.0000e+00 +3.0000e+00 +0.0000e+00 +0.0000e+00 +0.0000e+00 +0.0000e+00
% function evaluation | noise-free fitness - Fopt (-1.948000000000e+01) | best noise-free fitness - Fopt | measured fitness | best measured fitness | x1 | x2...
1 +1.562944750e+03 +1.562944750e+03 +1.543464750e+03 +1.543464750e+03 +1.0000e+00 +1.0000e+00 +3.0000e+00 +3.0000e+00 +2.5000e+01 +2.5000e+01 +1.0000e+00 +3.0000e+00 +6.0000e+00 +2.0000e+01
16 +1.877607501e+02 +1.877607501e+02 +1.682807501e+02 +1.682807501e+02 +8.0000e+00 +8.0000e+00 +3.0000e+00 +3.0000e+00 +2.0000e+00 +1.0000e+00 +2.0000e+00 +3.0000e+00 +3.0000e+00 +2.0000e+00
116 +9.666475008e+01 +9.666475008e+01 +7.718475008e+01 +7.718475008e+01 +3.0000e+00 +5.0000e+00 +7.0000e+00 +2.0000e+00 +2.0000e+00 +2.0000e+00 +1.0000e+00 +0.0000e+00 +1.0000e+00 +2.0000e+00
474 +3.801995008e+01 +3.801995008e+01 +1.853995008e+01 +1.853995008e+01 +0.0000e+00 +1.0000e+00 +0.0000e+00 +0.0000e+00 +0.0000e+00 +1.0000e+00 +0.0000e+00 +0.0000e+00 +1.0000e+00 +1.0000e+00
% function evaluation | noise-free fitness - Fopt (1.344700000000e+02) | best noise-free fitness - Fopt | measured fitness | best measured fitness | x1 | x2...
1 +7.239693260e+03 +7.239693260e+03 +7.374163260e+03 +7.374163260e+03 +3.1000e+01 +1.4000e+01 +2.9000e+01 +3.0000e+01 +3.0000e+01 +3.0000e+01 +2.9000e+01 +1.3000e+01 +2.7000e+01 +1.3000e+01
2 +2.714597260e+03 +2.714597260e+03 +2.849067260e+03 +2.849067260e+03 +2.0000e+00 +5.0000e+00 +1.7000e+01 +1.0000e+00 +1.0000e+00 +1.0000e+00 +1.7000e+01 +3.0000e+01 +8.0000e+00 +3.0000e+01
5 +1.504546060e+03 +1.504546060e+03 +1.639016060e+03 +1.639016060e+03 +4.0000e+00 +2.4000e+01 +2.1000e+01 +4.0000e+00 +4.0000e+00 +4.0000e+00 +2.1000e+01 +5.0000e+00 +3.0000e+00 +5.0000e+00
14 +1.119508595e+02 +1.119508595e+02 +2.464208595e+02 +2.464208595e+02 +0.0000e+00 +8.0000e+00 +1.0000e+00 +0.0000e+00 +0.0000e+00 +0.0000e+00 +1.0000e+00 +1.0000e+00 +3.0000e+00 +1.0000e+00
314 +8.686925952e+01 +8.686925952e+01 +2.213392595e+02 +2.213392595e+02 +0.0000e+00 +0.0000e+00 +0.0000e+00 +0.0000e+00 +0.0000e+00 +5.0000e+00 +0.0000e+00 +0.0000e+00 +0.0000e+00 +0.0000e+00
% function evaluation | noise-free fitness - Fopt (4.453500000000e+02) | best noise-free fitness - Fopt | measured fitness | best measured fitness | x1 | x2...
1 +4.792124705e+03 +4.792124705e+03 +5.237474705e+03 +5.237474705e+03 +2.8000e+01 +1.3000e+01 +2.9000e+01 +2.3000e+01 +1.6000e+01 +9.0000e+00 +2.9000e+01 +1.2000e+01 +2.9000e+01 +1.2000e+01
2 +2.416835105e+03 +2.416835105e+03 +2.862185105e+03 +2.862185105e+03 +0.0000e+00 +2.2000e+01 +6.0000e+00 +2.3000e+01 +2.0000e+01 +8.0000e+00 +6.0000e+00 +2.3000e+01 +6.0000e+00 +2.3000e+01
7 +6.233231053e+02 +6.233231053e+02 +1.068673105e+03 +1.068673105e+03 +3.0000e+00 +1.6000e+01 +0.0000e+00 +0.0000e+00 +2.3000e+01 +0.0000e+00 +0.0000e+00 +0.0000e+00 +0.0000e+00 +0.0000e+00
12 +3.066287053e+02 +3.066287053e+02 +7.519787053e+02 +7.519787053e+02 +1.0000e+00 +9.0000e+00 +1.0000e+00 +1.1000e+01 +9.0000e+00 +4.0000e+00 +1.0000e+00 +6.0000e+00 +1.0000e+00 +6.0000e+00
118 +1.011727053e+02 +1.011727053e+02 +5.465227053e+02 +5.465227053e+02 +0.0000e+00 +1.0000e+01 +0.0000e+00 +0.0000e+00 +0.0000e+00 +0.0000e+00 +0.0000e+00 +0.0000e+00 +0.0000e+00 +0.0000e+00
234 +8.856310528e+01 +8.856310528e+01 +5.339131053e+02 +5.339131053e+02 +2.0000e+00 +7.0000e+00 +0.0000e+00 +0.0000e+00 +0.0000e+00 +7.0000e+00 +0.0000e+00 +0.0000e+00 +0.0000e+00 +0.0000e+00
