% function evaluation | noise-free fitness - Fopt (7.948000000000e+01) | best noise-free fitness - Fopt | measured fitness | best measured fitness | x1 | x2...
1 +1.579604776e+03 +1.579604776e+03 +1.659084776e+03 +1.659084776e+03 +2.6000e+01 +1.5000e+01 +1.8000e+01 +1.9000e+01 +1.0000e+00
6 +1.662623757e+02 +1.662623757e+02 +2.457423757e+02 +2.457423757e+02 +7.0000e+00 +4.0000e+00 +6.0000e+00 +4.0000e+00 +4.0000e+00
106 +1.249551757e+02 +1.249551757e+02 +2.044351757e+02 +2.044351757e+02 +3.0000e+00 +6.0000e+00 +5.0000e+00 +3.0000e+00 +3.0000e+00
206 +7.673277568e+01 +7.673277568e+01 +1.562127757e+02 +1.562127757e+02 +5.0000e+00 +2.0000e+00 +4.0000e+00 +2.0000e+00 +2.0000e+00
306 +4.696797568e+01 +4.696797568e+01 +1.264479757e+02 +1.264479757e+02 +4.0000e+00 +1.0000e+00 +3.0000e+00 +1.0000e+00 +1.0000e+00
406 +3.566077568e+01 +3.566077568e+01 +1.151407757e+02 +1.151407757e+02 +0.0000e+00 +3.0000e+00 +2.0000e+00 +0.0000e+00 +0.0000e+00
% function evaluation | noise-free fitness - Fopt (3.944800000000e+02) | best noise-free fitness - Fopt | measured fitness | best measured fitness | x1 | x2...
1 +1.045445316e+03 +1.045445316e+03 +1.439925316e+03 +1.439925316e+03 +1.3000e+01 +1.1000e+01 +5.0000e+00 +2.6000e+01 +2.0000e+00
4 +5.675013165e+02 +5.675013165e+02 +9.619813165e+02 +9.619813165e+02 +1.0000e+01 +1.1000e+01 +8.0000e+00 +6.0000e+00 +7.0000e+00
155 +3.625221165e+02 +3.625221165e+02 +7.570021165e+02 +7.570021165e+02 +9.0000e+00 +6.0000e+00 +2.0000e+00 +1.3000e+01 +0.0000e+00
355 +2.417957165e+02 +2.417957165e+02 +6.362757165e+02 +6.362757165e+02 +8.0000e+00 +3.0000e+00 +0.0000e+00 +1.1000e+01 +0.0000e+00
% function evaluation | noise-free fitness - Fopt (-2.471100000000e+02) | best noise-free fitness - Fopt | measured fitness | best measured fitness | x1 | x2...
1 +1.763367288e+03 +1.763367288e+03 +1.516257288e+03 +1.516257288e+03 +2.1000e+01 +2.4000e+01 +1.6000e+01 +5.0000e+00 +1.2000e+01
5 +1.048277688e+03 +1.048277688e+03 +8.011676883e+02 +8.011676883e+02 +1.3000e+01 +2.0000e+01 +1.0000e+01 +8.0000e+00 +8.0000e+00
12 +6.983288883e+02 +6.983288883e+02 +4.512188883e+02 +4.512188883e+02 +1.0000e+01 +1.5000e+01 +8.0000e+00 +1.0000e+01 +2.0000e+00
23 +3.859656883e+02 +3.859656883e+02 +1.388556883e+02 +1.388556883e+02 +5.0000e+00 +1.3000e+01 +0.0000e+00 +6.0000e+00 +4.0000e+00
223 +2.484232883e+02 +2.484232883e+02 +1.313288320e+00 +1.313288320e+00 +3.0000e+00 +1.1000e+01 +0.0000e+00 +4.0000e+00 +2.0000e+00
423 +1.428808883e+02 +1.428808883e+02 -1.042291117e+02 -1.042291117e+02 +1.0000e+00 +9.0000e+00 +0.0000e+00 +2.0000e+00 +0.0000e+00
% function evaluation | noise-free fitness - Fopt (-1.520400000000e+02) | best noise-free fitness - Fopt | measured fitness | best measured fitness | x1 | x2...
1 +1.131035846e+03 +1.131035846e+03 +9.789958458e+02 +9.789958458e+02 +2.0000e+00 +2.4000e+01 +0.0000e+00 +2.3000e+01 +1.7000e+01
3 +9.140278458e+02 +9.140278458e+02 +7.619878458e+02 +7.619878458e+02 +1.8000e+01 +1.9000e+01 +3.0000e+00 +0.0000e+00 +1.7000e+01
16 +4.347606458e+02 +4.347606458e+02 +2.827206458e+02 +2.827206458e+02 +0.0000e+00 +3.0000e+00 +5.0000e+00 +6.0000e+00 +2.1000e+01
31 +1.123062458e+02 +1.123062458e+02 -3.973375424e+01 -3.973375424e+01 +0.0000e+00 +1.0000e+00 +0.0000e+00 +1.3000e+01 +4.0000e+00
131 +9.358624576e+01 +9.358624576e+01 -5.845375424e+01 -5.845375424e+01 +0.0000e+00 +0.0000e+00 +0.0000e+00 +1.2000e+01 +3.0000e+00
431 +5.588224576e+01 +5.588224576e+01 -9.615775424e+01 -9.615775424e+01 +0.0000e+00 +0.0000e+00 +0.0000e+00 +9.0000e+00 +0.0000e+00
% function evaluation | noise-free fitness - Fopt (-2.525000000000e+01) | best noise-free fitness - Fopt | measured fitness | best measured fitness | x1 | x2...
1 +1.822026951e+03 +1.822026951e+03 +1.796776951e+03 +1.796776951e+03 +2.3000e+01 +1.8000e+01 +8.0000e+00 +3.0000e+01 +8.0000e+00
2 +1.077682951e+03 +1.077682951e+03 +1.052432951e+03 +1.052432951e+03 +1.9000e+01 +2.5000e+01 +4.0000e+00 +1.1000e+01 +1.0000e+01
8 +9.640557510e+02 +9.640557510e+02 +9.388057510e+02 +9.388057510e+02 +1.3000e+01 +1.8000e+01 +1.8000e+01 +8.0000e+00 +1.3000e+01
15 +5.904861510e+02 +5.904861510e+02 +5.652361510e+02 +5.652361510e+02 +1.5000e+01 +9.0000e+00 +0.0000e+00 +1.6000e+01 +1.1000e+01
69 +3.407245510e+02 +3.407245510e+02 +3.154745510e+02 +3.154745510e+02 +3.0000e+00 +1.6000e+01 +8.0000e+00 +0.0000e+00 +0.0000e+00
169 +1.855885510e+02 +1.855885510e+02 +1.603385510e+02 +1.603385510e+02 +7.0000e+00 +1.0000e+01 +7.0000e+00 +0.0000e+00 +0.0000e+00
269 +1.283693510e+02 +1.283693510e+02 +1.031193510e+02 +1.031193510e+02 +9.0000e+00 +6.0000e+00 +6.0000e+00 +0.0000e+00 +0.0000e+00
% function evaluation | noise-free fitness - Fopt (2.230000000000e+00) | best noise-free fitness - Fopt | measured fitness | best measured fitness | x1 | x2...
1 +1.542637402e+03 +1.542637402e+03 +1.544867402e+03 +1.544867402e+03 +2.7000e+01 +7.0000e+00 +2.0000e+00 +2.7000e+01 +1.3000e+01
5 +4.409190016e+02 +4.409190016e+02 +4.431490016e+02 +4.431490016e+02 +1.2000e+01 +1.2000e+01 +4.0000e+00 +1.0000e+01 +0.0000e+00
15 +1.004598016e+02 +1.004598016e+02 +1.026898016e+02 +1.026898016e+02 +9.0000e+00 +6.0000e+00 +1.0000e+00 +0.0000e+00 +3.0000e+00
115 +7.234140160e+01 +7.234140160e+01 +7.457140160e+01 +7.457140160e+01 +9.0000e+00 +4.0000e+00 +0.0000e+00 +0.0000e+00 +2.0000e+00
315 +5.933180160e+01 +5.933180160e+01 +6.156180160e+01 +6.156180160e+01 +1.0000e+01 +0.0000e+00 +0.0000e+00 +0.0000e+00 +0.0000e+00
% function evaluation | noise-free fitness - Fopt (-1.308000000000e+01) | best noise-free fitness - Fopt | measured fitness | best measured fitness | x1 | x2...
1 +1.659472152e+03 +1.659472152e+03 +1.646392152e+03 +1.646392152e+03 +2.2000e+01 +1.6000e+01 +1.4000e+01 +2.2000e+01 +1.8000e+01
2 +1.118808152e+03 +1.118808152e+03 +1.105728152e+03 +1.105728152e+03 +1.9000e+01 +6.0000e+00 +8.0000e+00 +2.8000e+01 +7.0000e+00
3 +3.880017523e+02 +3.880017523e+02 +3.749217523e+02 +3.749217523e+02 +7.0000e+00 +3.0000e+00 +1.8000e+01 +4.0000e+00 +8.0000e+00
37 +2.103489523e+02 +2.103489523e+02 +1.972689523e+02 +1.972689523e+02 +9.0000e+00 +0.0000e+00 +9.0000e+00 +7.0000e+00 +7.0000e+00
82 +9.816815232e+01 +9.816815232e+01 +8.508815232e+01 +8.508815232e+01 +0.0000e+00 +7.0000e+00 +0.0000e+00 +3.0000e+00 +0.0000e+00
182 +5.892175232e+01 +5.892175232e+01 +4.584175232e+01 +4.584175232e+01 +2.0000e+00 +4.0000e+00 +0.0000e+00 +2.0000e+00 +0.0000e+00
482 +3.530255232e+01 +3.530255232e+01 +2.222255232e+01 +2.222255232e+01 +1.0000e+00 +0.0000e+00 +0.0000e+00 +0.0000e+00 +0.0000e+00
% function evaluation | noise-free fitness - Fopt (2.671600000000e+02) | best noise-free fitness - Fopt | measured fitness | best measured fitness | x1 | x2...
1 +1.367213668e+03 +1.367213668e+03 +1.634373668e+03 +1.634373668e+03 +1.6000e+01 +1.1000e+01 +0.0000e+00 +1.7000e+01 +2.4000e+01
4 +8.890744685e+02 +8.890744685e+02 +1.156234468e+03 +1.156234468e+03 +1.7000e+01 +1.0000e+00 +1.6000e+01 +5.0000e+00 +1.0000e+01
23 +4.905528685e+02 +4.905528685e+02 +7.577128685e+02 +7.577128685e+02 +4.0000e+00 +5.0000e+00 +5.0000e+00 +1.4000e+01 +1.0000e+01
26 +3.934072685e+02 +3.934072685e+02 +6.605672685e+02 +6.605672685e+02 +1.0000e+00 +1.1000e+01 +1.0000e+00 +1.0000e+01 +5.0000e+00
42 +1.521832685e+02 +1.521832685e+02 +4.193432685e+02 +4.193432685e+02 +3.0000e+00 +0.0000e+00 +3.0000e+00 +0.0000e+00 +1.1000e+01
242 +8.401686848e+01 +8.401686848e+01 +3.511768685e+02 +3.511768685e+02 +1.0000e+00 +0.0000e+00 +1.0000e+00 +0.0000e+00 +9.0000e+00
342 +5.893366848e+01 +5.893366848e+01 +3.260936685e+02 +3.260936685e+02 +0.0000e+00 +0.0000e+00 +0.0000e+00 +0.0000e+00 +8.0000e+00
% function evaluation | noise-free fitness - Fopt (3.710000000000e+00) | best noise-free fitness - Fopt | measured fitness | best measured fitness | x1 | x2...
1 +1.075384255e+03 +1.075384255e+03 +1.079094255e+03 +1.079094255e+03 +2.5000e+01 +0.0000e+00 +1.8000e+01 +9.0000e+00 +1.5000e+01
14 +7.911282547e+02 +7.911282547e+02 +7.948382547e+02 +7.948382547e+02 +1.0000e+01 +9.0000e+00 +3.0000e+00 +1.3000e+01 +2.0000e+01
35 +5.203705472e+01 +5.203705472e+01 +5.574705472e+01 +5.574705472e+01 +1.0000e+00 +0.0000e+00 +6.0000e+00 +0.0000e+00 +2.0000e+00
335 +3.546105472e+01 +3.546105472e+01 +3.917105472e+01 +3.917105472e+01 +0.0000e+00 +0.0000e+00 +3.0000e+00 +0.0000e+00 +0.0000e+00
% function evaluation | noise-free fitness - Fopt (9.478000000000e+01) | best noise-free fitness - Fopt | measured fitness | best measured fitness | x1 | x2...
1 +1.276820299e+03 +1.276820299e+03 +1.371600299e+03 +1.371600299e+03 +1.0000e+00 +1.6000e+01 +2.2000e+01 +2.0000e+01 +8.0000e+00
3 +7.113066989e+02 +7.113066989e+02 +8.060866989e+02 +8.060866989e+02 +0.0000e+00 +5.0000e+00 +1.0000e+01 +2.1000e+01 +0.0000e+00
19 +4.101034989e+02 +4.101034989e+02 +5.048834989e+02 +5.048834989e+02 +1.1000e+01 +6.0000e+00 +1.0000e+00 +1.1000e+01 +5.0000e+00
40 +6.217389888e+01 +6.217389888e+01 +1.569538989e+02 +1.569538989e+02 +3.0000e+00 +2.0000e+00 +8.0000e+00 +0.0000e+00 +1.0000e+00
340 +3.062509888e+01 +3.062509888e+01 +1.254050989e+02 +1.254050989e+02 +0.0000e+00 +0.0000e+00 +5.0000e+00 +0.0000e+00 +0.0000e+00
% function evaluation | noise-free fitness - Fopt (2.339200000000e+02) | best noise-free fitness - Fopt | measured fitness | best measured fitness | x1 | x2...
1 +1.072557909e+03 +1.072557909e+03 +1.306477909e+03 +1.306477909e+03 +5.0000e+00 +4.0000e+00 +5.0000e+00 +2.2000e+01 +1.7000e+01
8 +7.314203091e+02 +7.314203091e+02 +9.653403091e+02 +9.653403091e+02 +5.0000e+00 +0.0000e+00 +7.0000e+00 +1.5000e+01 +1.5000e+01
17 +5.164347091e+02 +5.164347091e+02 +7.503547091e+02 +7.503547091e+02 +9.0000e+00 +1.6000e+01 +4.0000e+00 +4.0000e+00 +5.0000e+00
61 +3.804363091e+02 +3.804363091e+02 +6.143563091e+02 +6.143563091e+02 +3.0000e+00 +1.0000e+01 +1.0000e+00 +1.1000e+01 +6.0000e+00
261 +2.447515091e+02 +2.447515091e+02 +4.786715091e+02 +4.786715091e+02 +1.0000e+00 +8.0000e+00 +0.0000e+00 +9.0000e+00 +4.0000e+00
% function evaluation | noise-free fitness - Fopt (-6.092000000000e+01) | best noise-free fitness - Fopt | measured fitness | best measured fitness | x1 | x2...
1 +1.048469524e+03 +1.048469524e+03 +9.875495245e+02 +9.875495245e+02 +1.1000e+01 +3.0000e+01 +0.0000e+00 +1.1000e+01 +3.0000e+00
3 +7.890487245e+02 +7.890487245e+02 +7.281287245e+02 +7.281287245e+02 +1.0000e+00 +0.0000e+00 +1.0000e+00 +1.1000e+01 +2.2000e+01
19 +2.654535245e+02 +2.654535245e+02 +2.045335245e+02 +2.045335245e+02 +1.0000e+01 +1.0000e+00 +9.0000e+00 +8.0000e+00 +5.0000e+00
119 +1.789799245e+02 +1.789799245e+02 +1.180599245e+02 +1.180599245e+02 +0.0000e+00 +9.0000e+00 +8.0000e+00 +7.0000e+00 +4.0000e+00
219 +1.305879245e+02 +1.305879245e+02 +6.966792448e+01 +6.966792448e+01 +0.0000e+00 +8.0000e+00 +7.0000e+00 +6.0000e+00 +3.0000e+00
419 +5.551912448e+01 +5.551912448e+01 -5.400875520e+00 -5.400875520e+00 +4.0000e+00 +2.0000e+00 +5.0000e+00 +4.0000e+00 +1.0000e+00
% function evaluation | noise-free fitness - Fopt (-1.948000000000e+01) | best noise-free fitness - Fopt | measured fitness | best measured fitness | x1 | x2...
1 +1.120651122e+03 +1.120651122e+03 +1.101171122e+03 +1.101171122e+03 +2.2000e+01 +1.0000e+01 +1.0000e+00 +2.4000e+01 +8.0000e+00
2 +6.293887219e+02 +6.293887219e+02 +6.099087219e+02 +6.099087219e+02 +9.0000e+00 +0.0000e+00 +1.1000e+01 +2.2000e+01 +1.0000e+00
16 +3.254895219e+02 +3.254895219e+02 +3.060095219e+02 +3.060095219e+02 +9.0000e+00 +2.0000e+00 +8.0000e+00 +5.0000e+00 +1.6000e+01
32 +2.320319219e+02 +2.320319219e+02 +2.125519219e+02 +2.125519219e+02 +1.0000e+00 +8.0000e+00 +3.0000e+00 +1.2000e+01 +1.2000e+01
35 +1.300559219e+02 +1.300559219e+02 +1.105759219e+02 +1.105759219e+02 +0.0000e+00 +2.0000e+00 +1.2000e+01 +4.0000e+00 +2.0000e+00
90 +8.975032192e+01 +8.975032192e+01 +7.027032192e+01 +7.027032192e+01 +5.0000e+00 +4.0000e+00 +5.0000e+00 +2.0000e+00 +9.0000e+00
190 +5.818712192e+01 +5.818712192e+01 +3.870712192e+01 +3.870712192e+01 +4.0000e+00 +3.0000e+00 +4.0000e+00 +1.0000e+00 +8.0000e+00
290 +3.662392192e+01 +3.662392192e+01 +1.714392192e+01 +1.714392192e+01 +3.0000e+00 +2.0000e+00 +3.0000e+00 +0.0000e+00 +7.0000e+00
390 +1.509432192e+01 +1.509432192e+01 -4.385678080e+00 -4.385678080e+00 +1.0000e+00 +2.0000e+00 +2.0000e+00 +0.0000e+00 +6.0000e+00
490 +7.567921920e+00 +7.567921920e+00 -1.191207808e+01 -1.191207808e+01 +0.0000e+00 +1.0000e+00 +1.0000e+00 +0.0000e+00 +5.0000e+00
% function evaluation | noise-free fitness - Fopt (1.344700000000e+02) | best noise-free fitness - Fopt | measured fitness | best measured fitness | x1 | x2...
1 +8.616041670e+02 +8.616041670e+02 +9.960741670e+02 +9.960741670e+02 +4.0000e+00 +1.1000e+01 +2.6000e+01 +6.0000e+00 +0.0000e+00
8 +5.611673670e+02 +5.611673670e+02 +6.956373670e+02 +6.956373670e+02 +3.0000e+00 +1.4000e+01 +0.0000e+00 +1.7000e+01 +0.0000e+00
71 +3.300457670e+02 +3.300457670e+02 +4.645157670e+02 +4.645157670e+02 +1.0000e+01 +5.0000e+00 +0.0000e+00 +9.0000e+00 +0.0000e+00
356 +1.664041670e+02 +1.664041670e+02 +3.008741670e+02 +3.008741670e+02 +3.0000e+00 +7.0000e+00 +0.0000e+00 +0.0000e+00 +7.0000e+00
471 +1.049369670e+02 +1.049369670e+02 +2.394069670e+02 +2.394069670e+02 +1.0000e+00 +7.0000e+00 +0.0000e+00 +5.0000e+00 +0.0000e+00
% function evaluation | noise-free fitness - Fopt (4.453500000000e+02) | best noise-free fitness - Fopt | measured fitness | best measured fitness | x1 | x2...
1 +1.454265932e+03 +1.454265932e+03 +1.899615932e+03 +1.899615932e+03 +1.4000e+01 +1.1000e+01 +1.0000e+01 +2.2000e+01 +2.6000e+01
6 +4.111043315e+02 +4.111043315e+02 +8.564543315e+02 +8.564543315e+02 +1.2000e+01 +9.0000e+00 +5.0000e+00 +5.0000e+00 +1.3000e+01
20 +2.024803315e+02 +2.024803315e+02 +6.478303315e+02 +6.478303315e+02 +0.0000e+00 +8.0000e+00 +0.0000e+00 +1.0000e+01 +1.2000e+01
40 +1.346147315e+02 +1.346147315e+02 +5.799647315e+02 +5.799647315e+02 +4.0000e+00 +8.0000e+00 +7.0000e+00 +2.0000e+00 +3.0000e+00
193 +5.949633152e+01 +5.949633152e+01 +5.048463315e+02 +5.048463315e+02 +0.0000e+00 +7.0000e+00 +0.0000e+00 +6.0000e+00 +5.0000e+00
393 +3.220193152e+01 +3.220193152e+01 +4.775519315e+02 +4.775519315e+02 +1.0000e+00 +4.0000e+00 +0.0000e+00 +4.0000e+00 +3.0000e+00
