% function evaluation | noise-free fitness - Fopt (7.948000000000e+01) | best noise-free fitness - Fopt | measured fitness | best measured fitness | x1 | x2...
1 +5.534558417e+03 +5.534558417e+03 +5.614038417e+03 +5.614038417e+03 +1.7000e+01 +4.0000e+00 +5.0000e+00 +7.0000e+00 +9.0000e+00 +1.4000e+01 +0.0000e+00 +4.0000e+00 +8.0000e+00 +2.9000e+01 +3.0000e+01 +3.0000e+00 +1.3000e+01 +2.7000e+01 +2.4000e+01 +6.0000e+00 +3.0000e+01 +2.0000e+00 +2.0000e+01 +5.0000e+00
4 +3.567998417e+03 +3.567998417e+03 +3.647478417e+03 +3.647478417e+03 +1.4000e+01 +9.0000e+00 +2.2000e+01 +9.0000e+00 +1.2000e+01 +1.7000e+01 +2.1000e+01 +2.0000e+01 +1.9000e+01 +7.0000e+00 +2.0000e+00 +2.0000e+01 +1.1000e+01 +1.6000e+01 +0.0000e+00 +4.0000e+00 +6.0000e+00 +2.0000e+00 +0.0000e+00 +8.0000e+00
16 +2.483422417e+03 +2.483422417e+03 +2.562902417e+03 +2.562902417e+03 +2.0000e+00 +1.5000e+01 +1.9000e+01 +6.0000e+00 +9.0000e+00 +1.4000e+01 +1.8000e+01 +1.7000e+01 +1.6000e+01 +4.0000e+00 +0.0000e+00 +1.7000e+01 +8.0000e+00 +1.3000e+01 +0.0000e+00 +1.0000e+00 +3.0000e+00 +0.0000e+00 +0.0000e+00 +5.0000e+00
28 +1.577628817e+03 +1.577628817e+03 +1.657108817e+03 +1.657108817e+03 +1.2000e+01 +0.0000e+00 +1.6000e+01 +3.0000e+00 +6.0000e+00 +1.1000e+01 +1.5000e+01 +1.4000e+01 +1.3000e+01 +1.0000e+00 +0.0000e+00 +1.4000e+01 +5.0000e+00 +1.0000e+01 +0.0000e+00 +0.0000e+00 +0.0000e+00 +0.0000e+00 +0.0000e+00 +2.0000e+00
40 +9.203616173e+02 +9.203616173e+02 +9.998416173e+02 +9.998416173e+02 +6.0000e+00 +1.0000e+00 +1.3000e+01 +0.0000e+00 +3.0000e+00 +8.0000e+00 +1.2000e+01 +1.1000e+01 +1.0000e+01 +0.0000e+00 +0.0000e+00 +1.1000e+01 +2.0000e+00 +7.0000e+00 +0.0000e+00 +0.0000e+00 +0.0000e+00 +0.0000e+00 +0.0000e+00 +0.0000e+00
48 +6.216864173e+02 +6.216864173e+02 +7.011664173e+02 +7.011664173e+02 +0.0000e+00 +3.0000e+00 +1.1000e+01 +0.0000e+00 +1.0000e+00 +6.0000e+00 +1.0000e+01 +9.0000e+00 +8.0000e+00 +0.0000e+00 +0.0000e+00 +9.0000e+00 +0.0000e+00 +5.0000e+00 +0.0000e+00 +0.0000e+00 +0.0000e+00 +0.0000e+00 +0.0000e+00 +0.0000e+00
60 +3.144464173e+02 +3.144464173e+02 +3.939264173e+02 +3.939264173e+02 +0.0000e+00 +0.0000e+00 +8.0000e+00 +0.0000e+00 +0.0000e+00 +3.0000e+00 +7.0000e+00 +6.0000e+00 +5.0000e+00 +0.0000e+00 +0.0000e+00 +6.0000e+00 +0.0000e+00 +2.0000e+00 +0.0000e+00 +0.0000e+00 +0.0000e+00 +0.0000e+00 +0.0000e+00 +0.0000e+00
64 +2.474672173e+02 +2.474672173e+02 +3.269472173e+02 +3.269472173e+02 +0.0000e+00 +0.0000e+00 +7.0000e+00 +0.0000e+00 +0.0000e+00 +2.0000e+00 +6.0000e+00 +5.0000e+00 +4.0000e+00 +0.0000e+00 +0.0000e+00 +5.0000e+00 +0.0000e+00 +1.0000e+00 +0.0000e+00 +0.0000e+00 +0.0000e+00 +0.0000e+00 +0.0000e+00 +0.0000e+00
72 +1.546816173e+02 +1.546816173e+02 +2.341616173e+02 +2.341616173e+02 +0.0000e+00 +0.0000e+00 +5.0000e+00 +0.0000e+00 +0.0000e+00 +0.0000e+00 +4.0000e+00 +3.0000e+00 +2.0000e+00 +0.0000e+00 +0.0000e+00 +3.0000e+00 +0.0000e+00 +0.0000e+00 +0.0000e+00 +0.0000e+00 +0.0000e+00 +0.0000e+00 +0.0000e+00 +0.0000e+00
84 +9.790241728e+01 +9.790241728e+01 +1.773824173e+02 +1.773824173e+02 +0.0000e+00 +0.0000e+00 +2.0000e+00 +0.0000e+00 +0.0000e+00 +0.0000e+00 +1.0000e+00 +0.0000e+00 +0.0000e+00 +0.0000e+00 +0.0000e+00 +0.0000e+00 +0.0000e+00 +0.0000e+00 +0.0000e+00 +0.0000e+00 +0.0000e+00 +0.0000e+00 +0.0000e+00 +0.0000e+00
% function evaluation | noise-free fitness - Fopt (3.944800000000e+02) | best noise-free fitness - Fopt | measured fitness | best measured fitness | x1 | x2...
1 +5.301174882e+03 +5.301174882e+03 +5.695654882e+03 +5.695654882e+03 +2.1000e+01 +0.0000e+00 +1.7000e+01 +9.0000e+00 +5.0000e+00 +1.5000e+01 +7.0000e+00 +2.9000e+01 +2.4000e+01 +2.0000e+01 +1.0000e+01 +1.6000e+01 +2.8000e+01 +4.0000e+00 +1.1000e+01 +2.0000e+01 +2.0000e+00 +6.0000e+00 +1.5000e+01 +5.0000e+00
13 +3.732237282e+03 +3.732237282e+03 +4.126717282e+03 +4.126717282e+03 +1.4000e+01 +2.0000e+00 +1.4000e+01 +6.0000e+00 +2.0000e+00 +1.2000e+01 +4.0000e+00 +2.6000e+01 +2.1000e+01 +1.7000e+01 +7.0000e+00 +1.3000e+01 +2.5000e+01 +1.0000e+00 +8.0000e+00 +1.7000e+01 +0.0000e+00 +3.0000e+00 +1.2000e+01 +2.0000e+00
29 +2.306478882e+03 +2.306478882e+03 +2.700958882e+03 +2.700958882e+03 +0.0000e+00 +1.0000e+01 +1.0000e+01 +2.0000e+00 +0.0000e+00 +8.0000e+00 +0.0000e+00 +2.2000e+01 +1.7000e+01 +1.3000e+01 +3.0000e+00 +9.0000e+00 +2.1000e+01 +0.0000e+00 +4.0000e+00 +1.3000e+01 +0.0000e+00 +0.0000e+00 +8.0000e+00 +0.0000e+00
41 +1.514424482e+03 +1.514424482e+03 +1.908904482e+03 +1.908904482e+03 +0.0000e+00 +6.0000e+00 +7.0000e+00 +0.0000e+00 +0.0000e+00 +5.0000e+00 +0.0000e+00 +1.9000e+01 +1.4000e+01 +1.0000e+01 +0.0000e+00 +6.0000e+00 +1.8000e+01 +0.0000e+00 +1.0000e+00 +1.0000e+01 +0.0000e+00 +0.0000e+00 +5.0000e+00 +0.0000e+00
53 +9.315540819e+02 +9.315540819e+02 +1.326034082e+03 +1.326034082e+03 +0.0000e+00 +2.0000e+00 +4.0000e+00 +0.0000e+00 +0.0000e+00 +2.0000e+00 +0.0000e+00 +1.6000e+01 +1.1000e+01 +7.0000e+00 +0.0000e+00 +3.0000e+00 +1.5000e+01 +0.0000e+00 +0.0000e+00 +7.0000e+00 +0.0000e+00 +0.0000e+00 +2.0000e+00 +0.0000e+00
65 +5.624788819e+02 +5.624788819e+02 +9.569588819e+02 +9.569588819e+02 +0.0000e+00 +0.0000e+00 +1.0000e+00 +0.0000e+00 +0.0000e+00 +0.0000e+00 +0.0000e+00 +1.3000e+01 +8.0000e+00 +4.0000e+00 +0.0000e+00 +0.0000e+00 +1.2000e+01 +0.0000e+00 +0.0000e+00 +4.0000e+00 +0.0000e+00 +0.0000e+00 +0.0000e+00 +0.0000e+00
77 +3.487556819e+02 +3.487556819e+02 +7.432356819e+02 +7.432356819e+02 +0.0000e+00 +0.0000e+00 +0.0000e+00 +0.0000e+00 +0.0000e+00 +0.0000e+00 +0.0000e+00 +1.0000e+01 +5.0000e+00 +1.0000e+00 +0.0000e+00 +0.0000e+00 +9.0000e+00 +0.0000e+00 +0.0000e+00 +1.0000e+00 +0.0000e+00 +0.0000e+00 +0.0000e+00 +0.0000e+00
89 +2.287380819e+02 +2.287380819e+02 +6.232180819e+02 +6.232180819e+02 +0.0000e+00 +0.0000e+00 +0.0000e+00 +0.0000e+00 +0.0000e+00 +0.0000e+00 +0.0000e+00 +7.0000e+00 +2.0000e+00 +0.0000e+00 +0.0000e+00 +0.0000e+00 +6.0000e+00 +0.0000e+00 +0.0000e+00 +0.0000e+00 +0.0000e+00 +0.0000e+00 +0.0000e+00 +0.0000e+00
193 +1.529044819e+02 +1.529044819e+02 +5.473844819e+02 +5.473844819e+02 +0.0000e+00 +0.0000e+00 +0.0000e+00 +0.0000e+00 +4.0000e+00 +0.0000e+00 +0.0000e+00 +0.0000e+00 +0.0000e+00 +0.0000e+00 +3.0000e+00 +0.0000e+00 +3.0000e+00 +0.0000e+00 +0.0000e+00 +0.0000e+00 +0.0000e+00 +0.0000e+00 +0.0000e+00 +0.0000e+00
% function evaluation | noise-free fitness - Fopt (-2.471100000000e+02) | best noise-free fitness - Fopt | measured fitness | best measured fitness | x1 | x2...
1 +6.959539796e+03 +6.959539796e+03 +6.712429796e+03 +6.712429796e+03 +1.1000e+01 +1.6000e+01 +1.8000e+01 +7.0000e+00 +1.5000e+01 +2.1000e+01 +2.6000e+01 +1.2000e+01 +3.0000e+01 +7.0000e+00 +3.0000e+01 +2.5000e+01 +2.6000e+01 +2.2000e+01 +2.6000e+01 +0.0000e+00 +1.0000e+00 +2.1000e+01 +2.2000e+01 +5.0000e+00
2 +5.824770196e+03 +5.824770196e+03 +5.577660196e+03 +5.577660196e+03 +1.0000e+01 +2.5000e+01 +3.0000e+00 +2.3000e+01 +1.2000e+01 +1.7000e+01 +1.1000e+01 +3.0000e+01 +1.0000e+01 +1.8000e+01 +2.5000e+01 +2.1000e+01 +1.4000e+01 +2.0000e+00 +2.3000e+01 +0.0000e+00 +6.0000e+00 +2.9000e+01 +1.0000e+01 +0.0000e+00
18 +3.843848596e+03 +3.843848596e+03 +3.596738596e+03 +3.596738596e+03 +1.3000e+01 +1.5000e+01 +0.0000e+00 +1.9000e+01 +8.0000e+00 +1.3000e+01 +7.0000e+00 +2.6000e+01 +6.0000e+00 +1.4000e+01 +2.1000e+01 +1.7000e+01 +1.0000e+01 +0.0000e+00 +1.9000e+01 +0.0000e+00 +2.0000e+00 +2.5000e+01 +6.0000e+00 +0.0000e+00
34 +2.408171796e+03 +2.408171796e+03 +2.161061796e+03 +2.161061796e+03 +1.1000e+01 +9.0000e+00 +0.0000e+00 +1.5000e+01 +4.0000e+00 +9.0000e+00 +3.0000e+00 +2.2000e+01 +2.0000e+00 +1.0000e+01 +1.7000e+01 +1.3000e+01 +6.0000e+00 +0.0000e+00 +1.5000e+01 +0.0000e+00 +0.0000e+00 +2.1000e+01 +2.0000e+00 +0.0000e+00
49 +1.495669396e+03 +1.495669396e+03 +1.248559396e+03 +1.248559396e+03 +3.0000e+00 +1.0000e+00 +6.0000e+00 +0.0000e+00 +3.0000e+00 +9.0000e+00 +1.4000e+01 +0.0000e+00 +1.8000e+01 +0.0000e+00 +1.8000e+01 +1.3000e+01 +1.4000e+01 +1.0000e+01 +1.4000e+01 +0.0000e+00 +0.0000e+00 +9.0000e+00 +1.0000e+01 +0.0000e+00
61 +8.340917958e+02 +8.340917958e+02 +5.869817958e+02 +5.869817958e+02 +0.0000e+00 +0.0000e+00 +3.0000e+00 +0.0000e+00 +0.0000e+00 +6.0000e+00 +1.1000e+01 +0.0000e+00 +1.5000e+01 +0.0000e+00 +1.5000e+01 +1.0000e+01 +1.1000e+01 +7.0000e+00 +1.1000e+01 +0.0000e+00 +0.0000e+00 +6.0000e+00 +7.0000e+00 +0.0000e+00
69 +5.430261958e+02 +5.430261958e+02 +2.959161958e+02 +2.959161958e+02 +0.0000e+00 +0.0000e+00 +1.0000e+00 +0.0000e+00 +0.0000e+00 +4.0000e+00 +9.0000e+00 +0.0000e+00 +1.3000e+01 +0.0000e+00 +1.3000e+01 +8.0000e+00 +9.0000e+00 +5.0000e+00 +9.0000e+00 +0.0000e+00 +0.0000e+00 +4.0000e+00 +5.0000e+00 +0.0000e+00
77 +3.403429958e+02 +3.403429958e+02 +9.323299584e+01 +9.323299584e+01 +0.0000e+00 +0.0000e+00 +0.0000e+00 +0.0000e+00 +0.0000e+00 +2.0000e+00 +7.0000e+00 +0.0000e+00 +1.1000e+01 +0.0000e+00 +1.1000e+01 +6.0000e+00 +7.0000e+00 +3.0000e+00 +7.0000e+00 +0.0000e+00 +0.0000e+00 +2.0000e+00 +3.0000e+00 +0.0000e+00
85 +2.200421958e+02 +2.200421958e+02 -2.706780416e+01 -2.706780416e+01 +0.0000e+00 +0.0000e+00 +0.0000e+00 +0.0000e+00 +0.0000e+00 +0.0000e+00 +5.0000e+00 +0.0000e+00 +9.0000e+00 +0.0000e+00 +9.0000e+00 +4.0000e+00 +5.0000e+00 +1.0000e+00 +5.0000e+00 +0.0000e+00 +0.0000e+00 +0.0000e+00 +1.0000e+00 +0.0000e+00
93 +1.548981958e+02 +1.548981958e+02 -9.221180416e+01 -9.221180416e+01 +0.0000e+00 +0.0000e+00 +0.0000e+00 +0.0000e+00 +0.0000e+00 +0.0000e+00 +3.0000e+00 +0.0000e+00 +7.0000e+00 +0.0000e+00 +7.0000e+00 +2.0000e+00 +3.0000e+00 +0.0000e+00 +3.0000e+00 +0.0000e+00 +0.0000e+00 +0.0000e+00 +0.0000e+00 +0.0000e+00
% function evaluation | noise-free fitness - Fopt (-1.520400000000e+02) | best noise-free fitness - Fopt | measured fitness | best measured fitness | x1 | x2...
1 +5.863476035e+03 +5.863476035e+03 +5.711436035e+03 +5.711436035e+03 +2.9000e+01 +2.9000e+01 +3.0000e+00 +2.4000e+01 +0.0000e+00 +2.9000e+01 +0.0000e+00 +1.0000e+01 +2.7000e+01 +3.0000e+00 +8.0000e+00 +1.8000e+01 +1.3000e+01 +5.0000e+00 +1.6000e+01 +1.2000e+01 +1.6000e+01 +2.8000e+01 +6.0000e+00 +7.0000e+00
15 +3.636524035e+03 +3.636524035e+03 +3.484484035e+03 +3.484484035e+03 +2.2000e+01 +0.0000e+00 +0.0000e+00 +1.5000e+01 +2.0000e+00 +2.0000e+01 +8.0000e+00 +1.8000e+01 +1.9000e+01 +1.2000e+01 +4.0000e+00 +1.7000e+01 +9.0000e+00 +1.2000e+01 +1.4000e+01 +1.9000e+01 +1.0000e+01 +7.0000e+00 +0.0000e+00 +2.7000e+01
27 +2.211340035e+03 +2.211340035e+03 +2.059300035e+03 +2.059300035e+03 +6.0000e+00 +1.1000e+01 +0.0000e+00 +1.2000e+01 +0.0000e+00 +1.7000e+01 +5.0000e+00 +1.5000e+01 +1.6000e+01 +9.0000e+00 +1.0000e+00 +1.4000e+01 +6.0000e+00 +9.0000e+00 +1.1000e+01 +1.6000e+01 +7.0000e+00 +4.0000e+00 +0.0000e+00 +2.4000e+01
39 +1.356586435e+03 +1.356586435e+03 +1.204546435e+03 +1.204546435e+03 +8.0000e+00 +3.0000e+00 +0.0000e+00 +9.0000e+00 +0.0000e+00 +1.4000e+01 +2.0000e+00 +1.2000e+01 +1.3000e+01 +6.0000e+00 +0.0000e+00 +1.1000e+01 +3.0000e+00 +6.0000e+00 +8.0000e+00 +1.3000e+01 +4.0000e+00 +1.0000e+00 +0.0000e+00 +2.1000e+01
47 +9.356696352e+02 +9.356696352e+02 +7.836296352e+02 +7.836296352e+02 +6.0000e+00 +1.0000e+00 +0.0000e+00 +7.0000e+00 +0.0000e+00 +1.2000e+01 +0.0000e+00 +1.0000e+01 +1.1000e+01 +4.0000e+00 +0.0000e+00 +9.0000e+00 +1.0000e+00 +4.0000e+00 +6.0000e+00 +1.1000e+01 +2.0000e+00 +0.0000e+00 +0.0000e+00 +1.9000e+01
55 +6.301032352e+02 +6.301032352e+02 +4.780632352e+02 +4.780632352e+02 +3.0000e+00 +0.0000e+00 +0.0000e+00 +5.0000e+00 +0.0000e+00 +1.0000e+01 +0.0000e+00 +8.0000e+00 +9.0000e+00 +2.0000e+00 +0.0000e+00 +7.0000e+00 +0.0000e+00 +2.0000e+00 +4.0000e+00 +9.0000e+00 +0.0000e+00 +0.0000e+00 +0.0000e+00 +1.7000e+01
67 +3.414584352e+02 +3.414584352e+02 +1.894184352e+02 +1.894184352e+02 +0.0000e+00 +0.0000e+00 +0.0000e+00 +2.0000e+00 +0.0000e+00 +7.0000e+00 +0.0000e+00 +5.0000e+00 +6.0000e+00 +0.0000e+00 +0.0000e+00 +4.0000e+00 +0.0000e+00 +0.0000e+00 +1.0000e+00 +6.0000e+00 +0.0000e+00 +0.0000e+00 +0.0000e+00 +1.4000e+01
75 +2.201976352e+02 +2.201976352e+02 +6.815763520e+01 +6.815763520e+01 +0.0000e+00 +0.0000e+00 +0.0000e+00 +0.0000e+00 +0.0000e+00 +5.0000e+00 +0.0000e+00 +3.0000e+00 +4.0000e+00 +0.0000e+00 +0.0000e+00 +2.0000e+00 +0.0000e+00 +0.0000e+00 +0.0000e+00 +4.0000e+00 +0.0000e+00 +0.0000e+00 +0.0000e+00 +1.2000e+01
83 +1.381816352e+02 +1.381816352e+02 -1.385836480e+01 -1.385836480e+01 +0.0000e+00 +0.0000e+00 +0.0000e+00 +0.0000e+00 +0.0000e+00 +3.0000e+00 +0.0000e+00 +1.0000e+00 +2.0000e+00 +0.0000e+00 +0.0000e+00 +0.0000e+00 +0.0000e+00 +0.0000e+00 +0.0000e+00 +2.0000e+00 +0.0000e+00 +0.0000e+00 +0.0000e+00 +1.0000e+01
99 +9.823923520e+01 +9.823923520e+01 -5.380076480e+01 -5.380076480e+01 +0.0000e+00 +0.0000e+00 +0.0000e+00 +0.0000e+00 +0.0000e+00 +0.0000e+00 +0.0000e+00 +0.0000e+00 +0.0000e+00 +0.0000e+00 +0.0000e+00 +0.0000e+00 +0.0000e+00 +0.0000e+00 +0.0000e+00 +0.0000e+00 +0.0000e+00 +0.0000e+00 +0.0000e+00 +6.0000e+00
% function evaluation | noise-free fitness - Fopt (-2.525000000000e+01) | best noise-free fitness - Fopt | measured fitness | best measured fitness | x1 | x2...
1 +4.176342028e+03 +4.176342028e+03 +4.151092028e+03 +4.151092028e+03 +1.3000e+01 +2.8000e+01 +3.0000e+00 +2.0000e+00 +4.0000e+00 +2.1000e+01 +1.1000e+01 +1.2000e+01 +0.0000e+00 +1.6000e+01 +5.0000e+00 +0.0000e+00 +3.0000e+01 +2.0000e+00 +4.0000e+00 +0.0000e+00 +0.0000e+00 +2.6000e+01 +1.8000e+01 +0.0000e+00
5 +3.835530828e+03 +3.835530828e+03 +3.810280828e+03 +3.810280828e+03 +1.1000e+01 +2.8000e+01 +2.0000e+00 +1.0000e+00 +3.0000e+00 +2.0000e+01 +1.0000e+01 +1.1000e+01 +0.0000e+00 +1.5000e+01 +4.0000e+00 +0.0000e+00 +2.9000e+01 +1.0000e+00 +3.0000e+00 +0.0000e+00 +0.0000e+00 +2.5000e+01 +1.7000e+01 +0.0000e+00
26 +2.312121228e+03 +2.312121228e+03 +2.286871228e+03 +2.286871228e+03 +1.9000e+01 +4.0000e+00 +1.6000e+01 +0.0000e+00 +2.1000e+01 +2.1000e+01 +2.0000e+00 +1.0000e+01 +3.0000e+00 +2.0000e+00 +2.4000e+01 +1.7000e+01 +0.0000e+00 +0.0000e+00 +7.0000e+00 +0.0000e+00 +0.0000e+00 +5.0000e+00 +6.0000e+00 +0.0000e+00
37 +1.529630028e+03 +1.529630028e+03 +1.504380028e+03 +1.504380028e+03 +7.0000e+00 +1.6000e+01 +0.0000e+00 +0.0000e+00 +0.0000e+00 +1.2000e+01 +2.0000e+00 +3.0000e+00 +0.0000e+00 +7.0000e+00 +0.0000e+00 +0.0000e+00 +2.1000e+01 +0.0000e+00 +0.0000e+00 +0.0000e+00 +0.0000e+00 +1.7000e+01 +9.0000e+00 +0.0000e+00
49 +9.906252282e+02 +9.906252282e+02 +9.653752282e+02 +9.653752282e+02 +5.0000e+00 +1.2000e+01 +0.0000e+00 +0.0000e+00 +0.0000e+00 +9.0000e+00 +0.0000e+00 +0.0000e+00 +0.0000e+00 +4.0000e+00 +0.0000e+00 +0.0000e+00 +1.8000e+01 +0.0000e+00 +0.0000e+00 +0.0000e+00 +0.0000e+00 +1.4000e+01 +6.0000e+00 +0.0000e+00
62 +5.409868282e+02 +5.409868282e+02 +5.157368282e+02 +5.157368282e+02 +6.0000e+00 +1.0000e+00 +7.0000e+00 +0.0000e+00 +1.2000e+01 +1.2000e+01 +0.0000e+00 +1.0000e+00 +0.0000e+00 +0.0000e+00 +1.5000e+01 +8.0000e+00 +0.0000e+00 +0.0000e+00 +0.0000e+00 +0.0000e+00 +0.0000e+00 +0.0000e+00 +0.0000e+00 +0.0000e+00
70 +3.810620282e+02 +3.810620282e+02 +3.558120282e+02 +3.558120282e+02 +0.0000e+00 +4.0000e+00 +5.0000e+00 +0.0000e+00 +1.0000e+01 +1.0000e+01 +0.0000e+00 +0.0000e+00 +0.0000e+00 +0.0000e+00 +1.3000e+01 +6.0000e+00 +0.0000e+00 +0.0000e+00 +0.0000e+00 +0.0000e+00 +0.0000e+00 +0.0000e+00 +0.0000e+00 +0.0000e+00
78 +2.377468282e+02 +2.377468282e+02 +2.124968282e+02 +2.124968282e+02 +0.0000e+00 +2.0000e+00 +3.0000e+00 +0.0000e+00 +8.0000e+00 +8.0000e+00 +0.0000e+00 +0.0000e+00 +0.0000e+00 +0.0000e+00 +1.1000e+01 +4.0000e+00 +0.0000e+00 +0.0000e+00 +0.0000e+00 +0.0000e+00 +0.0000e+00 +0.0000e+00 +0.0000e+00 +0.0000e+00
86 +1.424316282e+02 +1.424316282e+02 +1.171816282e+02 +1.171816282e+02 +0.0000e+00 +0.0000e+00 +1.0000e+00 +0.0000e+00 +6.0000e+00 +6.0000e+00 +0.0000e+00 +0.0000e+00 +0.0000e+00 +0.0000e+00 +9.0000e+00 +2.0000e+00 +0.0000e+00 +0.0000e+00 +0.0000e+00 +0.0000e+00 +0.0000e+00 +0.0000e+00 +0.0000e+00 +0.0000e+00
94 +9.041882816e+01 +9.041882816e+01 +6.516882816e+01 +6.516882816e+01 +0.0000e+00 +0.0000e+00 +0.0000e+00 +0.0000e+00 +4.0000e+00 +4.0000e+00 +0.0000e+00 +0.0000e+00 +0.0000e+00 +0.0000e+00 +7.0000e+00 +0.0000e+00 +0.0000e+00 +0.0000e+00 +0.0000e+00 +0.0000e+00 +0.0000e+00 +0.0000e+00 +0.0000e+00 +0.0000e+00
% function evaluation | noise-free fitness - Fopt (2.230000000000e+00) | best noise-free fitness - Fopt | measured fitness | best measured fitness | x1 | x2...
1 +7.213452983e+03 +7.213452983e+03 +7.215682983e+03 +7.215682983e+03 +8.0000e+00 +2.0000e+00 +2.3000e+01 +1.6000e+01 +2.5000e+01 +2.5000e+01 +2.1000e+01 +2.3000e+01 +2.8000e+01 +1.0000e+00 +1.1000e+01 +1.4000e+01 +1.5000e+01 +1.5000e+01 +2.1000e+01 +1.5000e+01 +1.5000e+01 +2.1000e+01 +2.3000e+01 +2.1000e+01
6 +5.954400183e+03 +5.954400183e+03 +5.956630183e+03 +5.956630183e+03 +3.0000e+00 +8.0000e+00 +2.4000e+01 +1.0000e+00 +2.2000e+01 +3.0000e+00 +8.0000e+00 +1.3000e+01 +2.5000e+01 +2.2000e+01 +2.3000e+01 +8.0000e+00 +5.0000e+00 +2.7000e+01 +2.2000e+01 +5.0000e+00 +1.9000e+01 +2.0000e+01 +1.0000e+00 +2.9000e+01
22 +3.870054583e+03 +3.870054583e+03 +3.872284583e+03 +3.872284583e+03 +4.0000e+00 +0.0000e+00 +2.0000e+01 +0.0000e+00 +1.8000e+01 +0.0000e+00 +4.0000e+00 +9.0000e+00 +2.1000e+01 +1.8000e+01 +1.9000e+01 +4.0000e+00 +1.0000e+00 +2.3000e+01 +1.8000e+01 +1.0000e+00 +1.5000e+01 +1.6000e+01 +0.0000e+00 +2.5000e+01
37 +2.477849783e+03 +2.477849783e+03 +2.480079783e+03 +2.480079783e+03 +0.0000e+00 +0.0000e+00 +1.4000e+01 +7.0000e+00 +1.6000e+01 +1.6000e+01 +1.2000e+01 +1.4000e+01 +1.9000e+01 +0.0000e+00 +2.0000e+00 +5.0000e+00 +6.0000e+00 +6.0000e+00 +1.2000e+01 +6.0000e+00 +6.0000e+00 +1.2000e+01 +1.4000e+01 +1.2000e+01
49 +1.516633783e+03 +1.516633783e+03 +1.518863783e+03 +1.518863783e+03 +0.0000e+00 +0.0000e+00 +1.1000e+01 +4.0000e+00 +1.3000e+01 +1.3000e+01 +9.0000e+00 +1.1000e+01 +1.6000e+01 +0.0000e+00 +0.0000e+00 +2.0000e+00 +3.0000e+00 +3.0000e+00 +9.0000e+00 +3.0000e+00 +3.0000e+00 +9.0000e+00 +1.1000e+01 +9.0000e+00
61 +8.512689830e+02 +8.512689830e+02 +8.534989830e+02 +8.534989830e+02 +0.0000e+00 +0.0000e+00 +8.0000e+00 +1.0000e+00 +1.0000e+01 +1.0000e+01 +6.0000e+00 +8.0000e+00 +1.3000e+01 +0.0000e+00 +0.0000e+00 +0.0000e+00 +0.0000e+00 +0.0000e+00 +6.0000e+00 +0.0000e+00 +0.0000e+00 +6.0000e+00 +8.0000e+00 +6.0000e+00
69 +5.540577830e+02 +5.540577830e+02 +5.562877830e+02 +5.562877830e+02 +0.0000e+00 +0.0000e+00 +6.0000e+00 +0.0000e+00 +8.0000e+00 +8.0000e+00 +4.0000e+00 +6.0000e+00 +1.1000e+01 +0.0000e+00 +0.0000e+00 +0.0000e+00 +0.0000e+00 +0.0000e+00 +4.0000e+00 +0.0000e+00 +0.0000e+00 +4.0000e+00 +6.0000e+00 +4.0000e+00
77 +3.415073830e+02 +3.415073830e+02 +3.437373830e+02 +3.437373830e+02 +0.0000e+00 +0.0000e+00 +4.0000e+00 +0.0000e+00 +6.0000e+00 +6.0000e+00 +2.0000e+00 +4.0000e+00 +9.0000e+00 +0.0000e+00 +0.0000e+00 +0.0000e+00 +0.0000e+00 +0.0000e+00 +2.0000e+00 +0.0000e+00 +0.0000e+00 +2.0000e+00 +4.0000e+00 +2.0000e+00
85 +2.089569830e+02 +2.089569830e+02 +2.111869830e+02 +2.111869830e+02 +0.0000e+00 +0.0000e+00 +2.0000e+00 +0.0000e+00 +4.0000e+00 +4.0000e+00 +0.0000e+00 +2.0000e+00 +7.0000e+00 +0.0000e+00 +0.0000e+00 +0.0000e+00 +0.0000e+00 +0.0000e+00 +0.0000e+00 +0.0000e+00 +0.0000e+00 +0.0000e+00 +2.0000e+00 +0.0000e+00
91 +1.564561830e+02 +1.564561830e+02 +1.586861830e+02 +1.586861830e+02 +0.0000e+00 +0.0000e+00 +0.0000e+00 +5.0000e+00 +2.0000e+00 +0.0000e+00 +1.0000e+00 +0.0000e+00 +0.0000e+00 +0.0000e+00 +0.0000e+00 +0.0000e+00 +3.0000e+00 +2.0000e+00 +0.0000e+00 +0.0000e+00 +0.0000e+00 +0.0000e+00 +2.0000e+00 +0.0000e+00
% function evaluation | noise-free fitness - Fopt (-1.308000000000e+01) | best noise-free fitness - Fopt | measured fitness | best measured fitness | x1 | x2...
1 +5.319265747e+03 +5.319265747e+03 +5.306185747e+03 +5.306185747e+03 +1.9000e+01 +1.5000e+01 +1.0000e+00 +2.7000e+01 +5.0000e+00 +2.6000e+01 +1.2000e+01 +9.0000e+00 +2.2000e+01 +3.0000e+00 +1.7000e+01 +1.0000e+00 +3.0000e+01 +1.0000e+01 +2.4000e+01 +2.0000e+00 +1.0000e+00 +1.8000e+01 +1.9000e+01 +1.8000e+01
11 +3.529017747e+03 +3.529017747e+03 +3.515937747e+03 +3.515937747e+03 +1.5000e+01 +0.0000e+00 +0.0000e+00 +1.7000e+01 +8.0000e+00 +4.0000e+00 +9.0000e+00 +1.0000e+00 +2.4000e+01 +0.0000e+00 +7.0000e+00 +1.9000e+01 +1.6000e+01 +0.0000e+00 +2.1000e+01 +0.0000e+00 +2.2000e+01 +1.5000e+01 +2.5000e+01 +1.0000e+00
23 +2.394996947e+03 +2.394996947e+03 +2.381916947e+03 +2.381916947e+03 +6.0000e+00 +4.0000e+00 +0.0000e+00 +1.4000e+01 +5.0000e+00 +1.0000e+00 +6.0000e+00 +0.0000e+00 +2.1000e+01 +0.0000e+00 +4.0000e+00 +1.6000e+01 +1.3000e+01 +0.0000e+00 +1.8000e+01 +0.0000e+00 +1.9000e+01 +1.2000e+01 +2.2000e+01 +0.0000e+00
39 +1.400112147e+03 +1.400112147e+03 +1.387032147e+03 +1.387032147e+03 +0.0000e+00 +4.0000e+00 +0.0000e+00 +1.0000e+01 +1.0000e+00 +0.0000e+00 +2.0000e+00 +0.0000e+00 +1.7000e+01 +0.0000e+00 +0.0000e+00 +1.2000e+01 +9.0000e+00 +0.0000e+00 +1.4000e+01 +0.0000e+00 +1.5000e+01 +8.0000e+00 +1.8000e+01 +0.0000e+00
51 +8.647793466e+02 +8.647793466e+02 +8.516993466e+02 +8.516993466e+02 +0.0000e+00 +1.0000e+00 +0.0000e+00 +7.0000e+00 +0.0000e+00 +0.0000e+00 +0.0000e+00 +0.0000e+00 +1.4000e+01 +0.0000e+00 +0.0000e+00 +9.0000e+00 +6.0000e+00 +0.0000e+00 +1.1000e+01 +0.0000e+00 +1.2000e+01 +5.0000e+00 +1.5000e+01 +0.0000e+00
59 +6.029153466e+02 +6.029153466e+02 +5.898353466e+02 +5.898353466e+02 +0.0000e+00 +0.0000e+00 +0.0000e+00 +5.0000e+00 +0.0000e+00 +0.0000e+00 +0.0000e+00 +0.0000e+00 +1.2000e+01 +0.0000e+00 +0.0000e+00 +7.0000e+00 +4.0000e+00 +0.0000e+00 +9.0000e+00 +0.0000e+00 +1.0000e+01 +3.0000e+00 +1.3000e+01 +0.0000e+00
71 +3.374225466e+02 +3.374225466e+02 +3.243425466e+02 +3.243425466e+02 +0.0000e+00 +0.0000e+00 +0.0000e+00 +2.0000e+00 +0.0000e+00 +0.0000e+00 +0.0000e+00 +0.0000e+00 +9.0000e+00 +0.0000e+00 +0.0000e+00 +4.0000e+00 +1.0000e+00 +0.0000e+00 +6.0000e+00 +0.0000e+00 +7.0000e+00 +0.0000e+00 +1.0000e+01 +0.0000e+00
79 +2.277825466e+02 +2.277825466e+02 +2.147025466e+02 +2.147025466e+02 +0.0000e+00 +0.0000e+00 +0.0000e+00 +0.0000e+00 +0.0000e+00 +0.0000e+00 +0.0000e+00 +0.0000e+00 +7.0000e+00 +0.0000e+00 +0.0000e+00 +2.0000e+00 +0.0000e+00 +0.0000e+00 +4.0000e+00 +0.0000e+00 +5.0000e+00 +0.0000e+00 +8.0000e+00 +0.0000e+00
87 +1.447009466e+02 +1.447009466e+02 +1.316209466e+02 +1.316209466e+02 +0.0000e+00 +0.0000e+00 +0.0000e+00 +0.0000e+00 +0.0000e+00 +0.0000e+00 +0.0000e+00 +0.0000e+00 +5.0000e+00 +0.0000e+00 +0.0000e+00 +0.0000e+00 +0.0000e+00 +0.0000e+00 +2.0000e+00 +0.0000e+00 +3.0000e+00 +0.0000e+00 +6.0000e+00 +0.0000e+00
99 +9.241294656e+01 +9.241294656e+01 +7.933294656e+01 +7.933294656e+01 +0.0000e+00 +0.0000e+00 +0.0000e+00 +0.0000e+00 +0.0000e+00 +0.0000e+00 +0.0000e+00 +0.0000e+00 +2.0000e+00 +0.0000e+00 +0.0000e+00 +0.0000e+00 +0.0000e+00 +0.0000e+00 +0.0000e+00 +0.0000e+00 +0.0000e+00 +0.0000e+00 +3.0000e+00 +0.0000e+00
% function evaluation | noise-free fitness - Fopt (2.671600000000e+02) | best noise-free fitness - Fopt | measured fitness | best measured fitness | x1 | x2...
1 +5.608990584e+03 +5.608990584e+03 +5.876150584e+03 +5.876150584e+03 +2.0000e+00 +1.0000e+01 +0.0000e+00 +0.0000e+00 +6.0000e+00 +6.0000e+00 +1.6000e+01 +2.1000e+01 +2.4000e+01 +1.0000e+00 +2.8000e+01 +2.9000e+01 +2.6000e+01 +5.0000e+00 +1.6000e+01 +1.9000e+01 +5.0000e+00 +9.0000e+00 +2.1000e+01 +1.1000e+01
17 +3.735768184e+03 +3.735768184e+03 +4.002928184e+03 +4.002928184e+03 +0.0000e+00 +6.0000e+00 +0.0000e+00 +0.0000e+00 +2.0000e+00 +2.0000e+00 +1.2000e+01 +1.7000e+01 +2.0000e+01 +0.0000e+00 +2.4000e+01 +2.5000e+01 +2.2000e+01 +1.0000e+00 +1.2000e+01 +1.5000e+01 +1.0000e+00 +5.0000e+00 +1.7000e+01 +7.0000e+00
33 +2.370771384e+03 +2.370771384e+03 +2.637931384e+03 +2.637931384e+03 +2.0000e+00 +0.0000e+00 +0.0000e+00 +0.0000e+00 +0.0000e+00 +0.0000e+00 +8.0000e+00 +1.3000e+01 +1.6000e+01 +0.0000e+00 +2.0000e+01 +2.1000e+01 +1.8000e+01 +0.0000e+00 +8.0000e+00 +1.1000e+01 +0.0000e+00 +1.0000e+00 +1.3000e+01 +3.0000e+00
49 +1.395387384e+03 +1.395387384e+03 +1.662547384e+03 +1.662547384e+03 +0.0000e+00 +0.0000e+00 +0.0000e+00 +0.0000e+00 +0.0000e+00 +0.0000e+00 +4.0000e+00 +9.0000e+00 +1.2000e+01 +0.0000e+00 +1.6000e+01 +1.7000e+01 +1.4000e+01 +0.0000e+00 +4.0000e+00 +7.0000e+00 +0.0000e+00 +0.0000e+00 +9.0000e+00 +0.0000e+00
61 +8.786625843e+02 +8.786625843e+02 +1.145822584e+03 +1.145822584e+03 +0.0000e+00 +0.0000e+00 +0.0000e+00 +0.0000e+00 +0.0000e+00 +0.0000e+00 +1.0000e+00 +6.0000e+00 +9.0000e+00 +0.0000e+00 +1.3000e+01 +1.4000e+01 +1.1000e+01 +0.0000e+00 +1.0000e+00 +4.0000e+00 +0.0000e+00 +0.0000e+00 +6.0000e+00 +0.0000e+00
69 +6.257761843e+02 +6.257761843e+02 +8.929361843e+02 +8.929361843e+02 +0.0000e+00 +0.0000e+00 +0.0000e+00 +0.0000e+00 +0.0000e+00 +0.0000e+00 +0.0000e+00 +4.0000e+00 +7.0000e+00 +0.0000e+00 +1.1000e+01 +1.2000e+01 +9.0000e+00 +0.0000e+00 +0.0000e+00 +2.0000e+00 +0.0000e+00 +0.0000e+00 +4.0000e+00 +0.0000e+00
81 +3.571521843e+02 +3.571521843e+02 +6.243121843e+02 +6.243121843e+02 +0.0000e+00 +0.0000e+00 +0.0000e+00 +0.0000e+00 +0.0000e+00 +0.0000e+00 +0.0000e+00 +1.0000e+00 +4.0000e+00 +0.0000e+00 +8.0000e+00 +9.0000e+00 +6.0000e+00 +0.0000e+00 +0.0000e+00 +0.0000e+00 +0.0000e+00 +0.0000e+00 +1.0000e+00 +0.0000e+00
89 +2.399169843e+02 +2.399169843e+02 +5.070769843e+02 +5.070769843e+02 +0.0000e+00 +0.0000e+00 +0.0000e+00 +0.0000e+00 +0.0000e+00 +0.0000e+00 +0.0000e+00 +0.0000e+00 +2.0000e+00 +0.0000e+00 +6.0000e+00 +7.0000e+00 +4.0000e+00 +0.0000e+00 +0.0000e+00 +0.0000e+00 +0.0000e+00 +0.0000e+00 +0.0000e+00 +0.0000e+00
194 +1.553377843e+02 +1.553377843e+02 +4.224977843e+02 +4.224977843e+02 +1.0000e+00 +0.0000e+00 +0.0000e+00 +0.0000e+00 +0.0000e+00 +0.0000e+00 +0.0000e+00 +0.0000e+00 +0.0000e+00 +1.0000e+00 +5.0000e+00 +0.0000e+00 +0.0000e+00 +0.0000e+00 +0.0000e+00 +0.0000e+00 +0.0000e+00 +0.0000e+00 +0.0000e+00 +0.0000e+00
% function evaluation | noise-free fitness - Fopt (3.710000000000e+00) | best noise-free fitness - Fopt | measured fitness | best measured fitness | x1 | x2...
1 +8.416558109e+03 +8.416558109e+03 +8.420268109e+03 +8.420268109e+03 +1.9000e+01 +2.4000e+01 +1.8000e+01 +2.1000e+01 +1.9000e+01 +3.0000e+01 +2.6000e+01 +3.0000e+01 +2.0000e+01 +0.0000e+00 +3.0000e+01 +8.0000e+00 +1.9000e+01 +2.9000e+01 +1.5000e+01 +4.0000e+00 +1.6000e+01 +5.0000e+00 +2.0000e+01 +8.0000e+00
3 +5.953396509e+03 +5.953396509e+03 +5.957106509e+03 +5.957106509e+03 +1.1000e+01 +2.0000e+01 +3.0000e+01 +1.3000e+01 +2.0000e+00 +2.0000e+01 +2.7000e+01 +1.4000e+01 +3.0000e+00 +1.9000e+01 +4.0000e+00 +1.4000e+01 +2.1000e+01 +1.3000e+01 +9.0000e+00 +0.0000e+00 +1.5000e+01 +2.4000e+01 +2.0000e+01 +5.0000e+00
12 +3.956198109e+03 +3.956198109e+03 +3.959908109e+03 +3.959908109e+03 +1.9000e+01 +1.5000e+01 +2.8000e+01 +7.0000e+00 +0.0000e+00 +3.0000e+00 +1.5000e+01 +1.8000e+01 +2.6000e+01 +1.6000e+01 +0.0000e+00 +1.0000e+00 +0.0000e+00 +1.6000e+01 +9.0000e+00 +2.0000e+00 +0.0000e+00 +1.7000e+01 +1.0000e+00 +1.9000e+01
28 +2.450678109e+03 +2.450678109e+03 +2.454388109e+03 +2.454388109e+03 +1.5000e+01 +1.1000e+01 +2.4000e+01 +3.0000e+00 +0.0000e+00 +0.0000e+00 +1.1000e+01 +1.4000e+01 +2.2000e+01 +1.2000e+01 +0.0000e+00 +0.0000e+00 +0.0000e+00 +1.2000e+01 +5.0000e+00 +0.0000e+00 +0.0000e+00 +1.3000e+01 +0.0000e+00 +1.5000e+01
44 +1.424119709e+03 +1.424119709e+03 +1.427829709e+03 +1.427829709e+03 +7.0000e+00 +1.1000e+01 +2.0000e+01 +0.0000e+00 +0.0000e+00 +0.0000e+00 +7.0000e+00 +1.0000e+01 +1.8000e+01 +8.0000e+00 +0.0000e+00 +0.0000e+00 +0.0000e+00 +8.0000e+00 +1.0000e+00 +0.0000e+00 +0.0000e+00 +9.0000e+00 +0.0000e+00 +1.1000e+01
56 +9.825869094e+02 +9.825869094e+02 +9.862969094e+02 +9.862969094e+02 +0.0000e+00 +1.2000e+01 +1.7000e+01 +0.0000e+00 +0.0000e+00 +0.0000e+00 +4.0000e+00 +7.0000e+00 +1.5000e+01 +5.0000e+00 +0.0000e+00 +0.0000e+00 +0.0000e+00 +5.0000e+00 +0.0000e+00 +0.0000e+00 +0.0000e+00 +6.0000e+00 +0.0000e+00 +8.0000e+00
64 +6.295245094e+02 +6.295245094e+02 +6.332345094e+02 +6.332345094e+02 +2.0000e+00 +8.0000e+00 +1.5000e+01 +0.0000e+00 +0.0000e+00 +0.0000e+00 +2.0000e+00 +5.0000e+00 +1.3000e+01 +3.0000e+00 +0.0000e+00 +0.0000e+00 +0.0000e+00 +3.0000e+00 +0.0000e+00 +0.0000e+00 +0.0000e+00 +4.0000e+00 +0.0000e+00 +6.0000e+00
72 +3.555917094e+02 +3.555917094e+02 +3.593017094e+02 +3.593017094e+02 +4.0000e+00 +2.0000e+00 +1.3000e+01 +0.0000e+00 +0.0000e+00 +0.0000e+00 +0.0000e+00 +3.0000e+00 +1.1000e+01 +1.0000e+00 +0.0000e+00 +0.0000e+00 +0.0000e+00 +1.0000e+00 +0.0000e+00 +0.0000e+00 +0.0000e+00 +2.0000e+00 +0.0000e+00 +4.0000e+00
80 +2.386957094e+02 +2.386957094e+02 +2.424057094e+02 +2.424057094e+02 +2.0000e+00 +0.0000e+00 +1.1000e+01 +0.0000e+00 +0.0000e+00 +0.0000e+00 +0.0000e+00 +1.0000e+00 +9.0000e+00 +0.0000e+00 +0.0000e+00 +0.0000e+00 +0.0000e+00 +0.0000e+00 +0.0000e+00 +0.0000e+00 +0.0000e+00 +0.0000e+00 +0.0000e+00 +2.0000e+00
96 +1.406877094e+02 +1.406877094e+02 +1.443977094e+02 +1.443977094e+02 +0.0000e+00 +0.0000e+00 +7.0000e+00 +0.0000e+00 +0.0000e+00 +0.0000e+00 +0.0000e+00 +0.0000e+00 +5.0000e+00 +0.0000e+00 +0.0000e+00 +0.0000e+00 +0.0000e+00 +0.0000e+00 +0.0000e+00 +0.0000e+00 +0.0000e+00 +0.0000e+00 +0.0000e+00 +0.0000e+00
% function evaluation | noise-free fitness - Fopt (9.478000000000e+01) | best noise-free fitness - Fopt | measured fitness | best measured fitness | x1 | x2...
1 +5.965885433e+03 +5.965885433e+03 +6.060665433e+03 +6.060665433e+03 +1.2000e+01 +2.1000e+01 +4.0000e+00 +1.0000e+01 +2.3000e+01 +0.0000e+00 +3.0000e+00 +7.0000e+00 +2.0000e+00 +8.0000e+00 +2.4000e+01 +1.4000e+01 +2.5000e+01 +2.0000e+01 +1.8000e+01 +2.5000e+01 +2.1000e+01 +1.7000e+01 +0.0000e+00 +2.8000e+01
4 +3.969323833e+03 +3.969323833e+03 +4.064103833e+03 +4.064103833e+03 +2.0000e+00 +1.2000e+01 +6.0000e+00 +1.2000e+01 +5.0000e+00 +9.0000e+00 +1.9000e+01 +1.3000e+01 +2.0000e+01 +1.1000e+01 +1.2000e+01 +8.0000e+00 +5.0000e+00 +1.6000e+01 +2.9000e+01 +1.1000e+01 +1.4000e+01 +6.0000e+00 +5.0000e+00 +2.7000e+01
20 +2.370827833e+03 +2.370827833e+03 +2.465607833e+03 +2.465607833e+03 +0.0000e+00 +6.0000e+00 +2.0000e+00 +8.0000e+00 +1.0000e+00 +5.0000e+00 +1.5000e+01 +9.0000e+00 +1.6000e+01 +7.0000e+00 +8.0000e+00 +4.0000e+00 +1.0000e+00 +1.2000e+01 +2.5000e+01 +7.0000e+00 +1.0000e+01 +2.0000e+00 +1.0000e+00 +2.3000e+01
32 +1.565085433e+03 +1.565085433e+03 +1.659865433e+03 +1.659865433e+03 +0.0000e+00 +2.0000e+00 +0.0000e+00 +5.0000e+00 +0.0000e+00 +2.0000e+00 +1.2000e+01 +6.0000e+00 +1.3000e+01 +4.0000e+00 +5.0000e+00 +1.0000e+00 +0.0000e+00 +9.0000e+00 +2.2000e+01 +4.0000e+00 +7.0000e+00 +0.0000e+00 +0.0000e+00 +2.0000e+01
48 +8.817190330e+02 +8.817190330e+02 +9.764990330e+02 +9.764990330e+02 +0.0000e+00 +0.0000e+00 +0.0000e+00 +1.0000e+00 +0.0000e+00 +0.0000e+00 +8.0000e+00 +2.0000e+00 +9.0000e+00 +0.0000e+00 +1.0000e+00 +0.0000e+00 +0.0000e+00 +5.0000e+00 +1.8000e+01 +0.0000e+00 +3.0000e+00 +0.0000e+00 +0.0000e+00 +1.6000e+01
60 +5.982630330e+02 +5.982630330e+02 +6.930430330e+02 +6.930430330e+02 +0.0000e+00 +0.0000e+00 +0.0000e+00 +0.0000e+00 +0.0000e+00 +0.0000e+00 +5.0000e+00 +0.0000e+00 +6.0000e+00 +0.0000e+00 +0.0000e+00 +0.0000e+00 +0.0000e+00 +2.0000e+00 +1.5000e+01 +0.0000e+00 +0.0000e+00 +0.0000e+00 +0.0000e+00 +1.3000e+01
70 +3.925414330e+02 +3.925414330e+02 +4.873214330e+02 +4.873214330e+02 +0.0000e+00 +0.0000e+00 +6.0000e+00 +0.0000e+00 +0.0000e+00 +0.0000e+00 +1.3000e+01 +1.0000e+00 +1.2000e+01 +0.0000e+00 +9.0000e+00 +0.0000e+00 +0.0000e+00 +2.0000e+00 +0.0000e+00 +0.0000e+00 +0.0000e+00 +9.0000e+00 +0.0000e+00 +3.0000e+00
78 +2.446582330e+02 +2.446582330e+02 +3.394382330e+02 +3.394382330e+02 +0.0000e+00 +0.0000e+00 +4.0000e+00 +0.0000e+00 +0.0000e+00 +0.0000e+00 +1.1000e+01 +0.0000e+00 +1.0000e+01 +0.0000e+00 +7.0000e+00 +0.0000e+00 +0.0000e+00 +0.0000e+00 +0.0000e+00 +0.0000e+00 +0.0000e+00 +7.0000e+00 +0.0000e+00 +1.0000e+00
86 +1.562566330e+02 +1.562566330e+02 +2.510366330e+02 +2.510366330e+02 +0.0000e+00 +0.0000e+00 +2.0000e+00 +0.0000e+00 +0.0000e+00 +0.0000e+00 +9.0000e+00 +0.0000e+00 +8.0000e+00 +0.0000e+00 +5.0000e+00 +0.0000e+00 +0.0000e+00 +0.0000e+00 +0.0000e+00 +0.0000e+00 +0.0000e+00 +5.0000e+00 +0.0000e+00 +0.0000e+00
98 +9.790623296e+01 +9.790623296e+01 +1.926862330e+02 +1.926862330e+02 +0.0000e+00 +0.0000e+00 +0.0000e+00 +0.0000e+00 +0.0000e+00 +0.0000e+00 +6.0000e+00 +0.0000e+00 +5.0000e+00 +0.0000e+00 +2.0000e+00 +0.0000e+00 +0.0000e+00 +0.0000e+00 +0.0000e+00 +0.0000e+00 +0.0000e+00 +2.0000e+00 +0.0000e+00 +0.0000e+00
% function evaluation | noise-free fitness - Fopt (2.339200000000e+02) | best noise-free fitness - Fopt | measured fitness | best measured fitness | x1 | x2...
1 +5.888996620e+03 +5.888996620e+03 +6.122916620e+03 +6.122916620e+03 +2.3000e+01 +8.0000e+00 +2.0000e+01 +0.0000e+00 +6.0000e+00 +1.4000e+01 +8.0000e+00 +1.7000e+01 +1.1000e+01 +4.0000e+00 +0.0000e+00 +2.8000e+01 +1.4000e+01 +8.0000e+00 +2.8000e+01 +2.7000e+01 +8.0000e+00 +2.9000e+01 +2.4000e+01 +7.0000e+00
17 +3.933662220e+03 +3.933662220e+03 +4.167582220e+03 +4.167582220e+03 +1.9000e+01 +4.0000e+00 +1.6000e+01 +0.0000e+00 +2.0000e+00 +1.0000e+01 +4.0000e+00 +1.3000e+01 +7.0000e+00 +0.0000e+00 +0.0000e+00 +2.4000e+01 +1.0000e+01 +4.0000e+00 +2.4000e+01 +2.3000e+01 +4.0000e+00 +2.5000e+01 +2.0000e+01 +3.0000e+00
31 +2.445111820e+03 +2.445111820e+03 +2.679031820e+03 +2.679031820e+03 +1.0000e+00 +5.0000e+00 +0.0000e+00 +1.1000e+01 +2.1000e+01 +0.0000e+00 +1.4000e+01 +9.0000e+00 +0.0000e+00 +9.0000e+00 +0.0000e+00 +6.0000e+00 +2.0000e+01 +1.0000e+01 +1.0000e+01 +8.0000e+00 +2.2000e+01 +3.0000e+00 +1.5000e+01 +0.0000e+00
47 +1.383132620e+03 +1.383132620e+03 +1.617052620e+03 +1.617052620e+03 +1.0000e+00 +0.0000e+00 +0.0000e+00 +7.0000e+00 +1.7000e+01 +0.0000e+00 +1.0000e+01 +5.0000e+00 +0.0000e+00 +5.0000e+00 +0.0000e+00 +2.0000e+00 +1.6000e+01 +6.0000e+00 +6.0000e+00 +4.0000e+00 +1.8000e+01 +0.0000e+00 +1.1000e+01 +0.0000e+00
59 +8.528334195e+02 +8.528334195e+02 +1.086753420e+03 +1.086753420e+03 +0.0000e+00 +0.0000e+00 +0.0000e+00 +4.0000e+00 +1.4000e+01 +0.0000e+00 +7.0000e+00 +2.0000e+00 +0.0000e+00 +2.0000e+00 +0.0000e+00 +0.0000e+00 +1.3000e+01 +3.0000e+00 +3.0000e+00 +1.0000e+00 +1.5000e+01 +0.0000e+00 +8.0000e+00 +0.0000e+00
67 +6.108174195e+02 +6.108174195e+02 +8.447374195e+02 +8.447374195e+02 +0.0000e+00 +0.0000e+00 +0.0000e+00 +2.0000e+00 +1.2000e+01 +0.0000e+00 +5.0000e+00 +0.0000e+00 +0.0000e+00 +0.0000e+00 +0.0000e+00 +0.0000e+00 +1.1000e+01 +1.0000e+00 +1.0000e+00 +0.0000e+00 +1.3000e+01 +0.0000e+00 +6.0000e+00 +0.0000e+00
77 +3.953566195e+02 +3.953566195e+02 +6.292766195e+02 +6.292766195e+02 +0.0000e+00 +0.0000e+00 +1.0000e+00 +0.0000e+00 +0.0000e+00 +0.0000e+00 +0.0000e+00 +0.0000e+00 +0.0000e+00 +0.0000e+00 +0.0000e+00 +9.0000e+00 +0.0000e+00 +0.0000e+00 +9.0000e+00 +8.0000e+00 +0.0000e+00 +1.0000e+01 +5.0000e+00 +0.0000e+00
84 +2.452286195e+02 +2.452286195e+02 +4.791486195e+02 +4.791486195e+02 +0.0000e+00 +0.0000e+00 +0.0000e+00 +5.0000e+00 +0.0000e+00 +0.0000e+00 +0.0000e+00 +0.0000e+00 +0.0000e+00 +0.0000e+00 +0.0000e+00 +0.0000e+00 +1.0000e+00 +9.0000e+00 +1.0000e+00 +7.0000e+00 +4.0000e+00 +1.0000e+00 +3.0000e+00 +2.0000e+00
92 +1.479518195e+02 +1.479518195e+02 +3.818718195e+02 +3.818718195e+02 +0.0000e+00 +0.0000e+00 +0.0000e+00 +3.0000e+00 +0.0000e+00 +0.0000e+00 +0.0000e+00 +0.0000e+00 +0.0000e+00 +0.0000e+00 +0.0000e+00 +0.0000e+00 +0.0000e+00 +7.0000e+00 +0.0000e+00 +5.0000e+00 +2.0000e+00 +0.0000e+00 +1.0000e+00 +0.0000e+00
100 +9.668141952e+01 +9.668141952e+01 +3.306014195e+02 +3.306014195e+02 +0.0000e+00 +0.0000e+00 +0.0000e+00 +1.0000e+00 +0.0000e+00 +0.0000e+00 +0.0000e+00 +0.0000e+00 +0.0000e+00 +0.0000e+00 +0.0000e+00 +0.0000e+00 +0.0000e+00 +5.0000e+00 +0.0000e+00 +3.0000e+00 +0.0000e+00 +0.0000e+00 +0.0000e+00 +0.0000e+00
% function evaluation | noise-free fitness - Fopt (-6.092000000000e+01) | best noise-free fitness - Fopt | measured fitness | best measured fitness | x1 | x2...
1 +4.106182836e+03 +4.106182836e+03 +4.045262836e+03 +4.045262836e+03 +0.0000e+00 +8.0000e+00 +1.0000e+00 +2.0000e+01 +1.3000e+01 +1.9000e+01 +2.5000e+01 +1.2000e+01 +2.4000e+01 +1.6000e+01 +1.7000e+01 +7.0000e+00 +1.6000e+01 +1.4000e+01 +1.4000e+01 +3.0000e+00 +1.1000e+01 +9.0000e+00 +4.0000e+00 +0.0000e+00
5 +3.646387636e+03 +3.646387636e+03 +3.585467636e+03 +3.585467636e+03 +3.0000e+00 +4.0000e+00 +0.0000e+00 +1.9000e+01 +1.2000e+01 +1.8000e+01 +2.4000e+01 +1.1000e+01 +2.3000e+01 +1.5000e+01 +1.6000e+01 +6.0000e+00 +1.5000e+01 +1.3000e+01 +1.3000e+01 +2.0000e+00 +1.0000e+01 +8.0000e+00 +3.0000e+00 +0.0000e+00
21 +2.201339636e+03 +2.201339636e+03 +2.140419636e+03 +2.140419636e+03 +0.0000e+00 +0.0000e+00 +0.0000e+00 +1.5000e+01 +8.0000e+00 +1.4000e+01 +2.0000e+01 +7.0000e+00 +1.9000e+01 +1.1000e+01 +1.2000e+01 +2.0000e+00 +1.1000e+01 +9.0000e+00 +9.0000e+00 +0.0000e+00 +6.0000e+00 +4.0000e+00 +0.0000e+00 +0.0000e+00
33 +1.410955636e+03 +1.410955636e+03 +1.350035636e+03 +1.350035636e+03 +0.0000e+00 +0.0000e+00 +0.0000e+00 +1.2000e+01 +5.0000e+00 +1.1000e+01 +1.7000e+01 +4.0000e+00 +1.6000e+01 +8.0000e+00 +9.0000e+00 +0.0000e+00 +8.0000e+00 +6.0000e+00 +6.0000e+00 +0.0000e+00 +3.0000e+00 +1.0000e+00 +0.0000e+00 +0.0000e+00
45 +8.374132365e+02 +8.374132365e+02 +7.764932365e+02 +7.764932365e+02 +0.0000e+00 +0.0000e+00 +0.0000e+00 +9.0000e+00 +2.0000e+00 +8.0000e+00 +1.4000e+01 +1.0000e+00 +1.3000e+01 +5.0000e+00 +6.0000e+00 +0.0000e+00 +5.0000e+00 +3.0000e+00 +3.0000e+00 +0.0000e+00 +0.0000e+00 +0.0000e+00 +0.0000e+00 +0.0000e+00
53 +5.603812365e+02 +5.603812365e+02 +4.994612365e+02 +4.994612365e+02 +0.0000e+00 +0.0000e+00 +0.0000e+00 +7.0000e+00 +0.0000e+00 +6.0000e+00 +1.2000e+01 +0.0000e+00 +1.1000e+01 +3.0000e+00 +4.0000e+00 +0.0000e+00 +3.0000e+00 +1.0000e+00 +1.0000e+00 +0.0000e+00 +0.0000e+00 +0.0000e+00 +0.0000e+00 +0.0000e+00
61 +3.678196365e+02 +3.678196365e+02 +3.068996365e+02 +3.068996365e+02 +0.0000e+00 +0.0000e+00 +0.0000e+00 +5.0000e+00 +0.0000e+00 +4.0000e+00 +1.0000e+01 +0.0000e+00 +9.0000e+00 +1.0000e+00 +2.0000e+00 +0.0000e+00 +1.0000e+00 +0.0000e+00 +0.0000e+00 +0.0000e+00 +0.0000e+00 +0.0000e+00 +0.0000e+00 +0.0000e+00
69 +2.431780365e+02 +2.431780365e+02 +1.822580365e+02 +1.822580365e+02 +0.0000e+00 +0.0000e+00 +0.0000e+00 +3.0000e+00 +0.0000e+00 +2.0000e+00 +8.0000e+00 +0.0000e+00 +7.0000e+00 +0.0000e+00 +0.0000e+00 +0.0000e+00 +0.0000e+00 +0.0000e+00 +0.0000e+00 +0.0000e+00 +0.0000e+00 +0.0000e+00 +0.0000e+00 +0.0000e+00
81 +1.528260365e+02 +1.528260365e+02 +9.190603648e+01 +9.190603648e+01 +0.0000e+00 +0.0000e+00 +0.0000e+00 +0.0000e+00 +0.0000e+00 +0.0000e+00 +5.0000e+00 +0.0000e+00 +4.0000e+00 +0.0000e+00 +0.0000e+00 +0.0000e+00 +0.0000e+00 +0.0000e+00 +0.0000e+00 +0.0000e+00 +0.0000e+00 +0.0000e+00 +0.0000e+00 +0.0000e+00
% function evaluation | noise-free fitness - Fopt (-1.948000000000e+01) | best noise-free fitness - Fopt | measured fitness | best measured fitness | x1 | x2...
1 +6.308400972e+03 +6.308400972e+03 +6.288920972e+03 +6.288920972e+03 +3.0000e+00 +1.6000e+01 +2.5000e+01 +1.6000e+01 +2.9000e+01 +1.5000e+01 +1.0000e+00 +1.2000e+01 +1.0000e+00 +1.9000e+01 +2.0000e+01 +2.8000e+01 +1.8000e+01 +5.0000e+00 +3.0000e+00 +1.6000e+01 +2.6000e+01 +2.8000e+01 +1.3000e+01 +1.8000e+01
7 +3.726034572e+03 +3.726034572e+03 +3.706554572e+03 +3.706554572e+03 +3.0000e+01 +1.6000e+01 +2.0000e+00 +5.0000e+00 +6.0000e+00 +1.2000e+01 +4.0000e+00 +4.0000e+00 +2.4000e+01 +8.0000e+00 +5.0000e+00 +1.4000e+01 +2.2000e+01 +6.0000e+00 +2.7000e+01 +4.0000e+00 +5.0000e+00 +1.9000e+01 +5.0000e+00 +3.0000e+00
23 +2.394952972e+03 +2.394952972e+03 +2.375472972e+03 +2.375472972e+03 +2.8000e+01 +1.0000e+01 +0.0000e+00 +1.0000e+00 +2.0000e+00 +8.0000e+00 +0.0000e+00 +0.0000e+00 +2.0000e+01 +4.0000e+00 +1.0000e+00 +1.0000e+01 +1.8000e+01 +2.0000e+00 +2.3000e+01 +0.0000e+00 +1.0000e+00 +1.5000e+01 +1.0000e+00 +0.0000e+00
36 +1.380744972e+03 +1.380744972e+03 +1.361264972e+03 +1.361264972e+03 +2.0000e+00 +0.0000e+00 +1.0000e+01 +2.0000e+00 +1.3000e+01 +9.0000e+00 +1.2000e+01 +0.0000e+00 +4.0000e+00 +3.0000e+00 +0.0000e+00 +1.1000e+01 +1.3000e+01 +0.0000e+00 +1.2000e+01 +1.1000e+01 +9.0000e+00 +1.3000e+01 +7.0000e+00 +2.0000e+00
44 +9.402393722e+02 +9.402393722e+02 +9.207593722e+02 +9.207593722e+02 +0.0000e+00 +0.0000e+00 +8.0000e+00 +0.0000e+00 +1.1000e+01 +7.0000e+00 +1.0000e+01 +0.0000e+00 +2.0000e+00 +1.0000e+00 +0.0000e+00 +9.0000e+00 +1.1000e+01 +0.0000e+00 +1.0000e+01 +9.0000e+00 +7.0000e+00 +1.1000e+01 +5.0000e+00 +0.0000e+00
52 +6.052617722e+02 +6.052617722e+02 +5.857817722e+02 +5.857817722e+02 +0.0000e+00 +0.0000e+00 +6.0000e+00 +0.0000e+00 +9.0000e+00 +5.0000e+00 +8.0000e+00 +0.0000e+00 +0.0000e+00 +0.0000e+00 +0.0000e+00 +7.0000e+00 +9.0000e+00 +0.0000e+00 +8.0000e+00 +7.0000e+00 +5.0000e+00 +9.0000e+00 +3.0000e+00 +0.0000e+00
60 +3.516297722e+02 +3.516297722e+02 +3.321497722e+02 +3.321497722e+02 +0.0000e+00 +0.0000e+00 +4.0000e+00 +0.0000e+00 +7.0000e+00 +3.0000e+00 +6.0000e+00 +0.0000e+00 +0.0000e+00 +0.0000e+00 +0.0000e+00 +5.0000e+00 +7.0000e+00 +0.0000e+00 +6.0000e+00 +5.0000e+00 +3.0000e+00 +7.0000e+00 +1.0000e+00 +0.0000e+00
68 +1.842089722e+02 +1.842089722e+02 +1.647289722e+02 +1.647289722e+02 +0.0000e+00 +0.0000e+00 +2.0000e+00 +0.0000e+00 +5.0000e+00 +1.0000e+00 +4.0000e+00 +0.0000e+00 +0.0000e+00 +0.0000e+00 +0.0000e+00 +3.0000e+00 +5.0000e+00 +0.0000e+00 +4.0000e+00 +3.0000e+00 +1.0000e+00 +5.0000e+00 +0.0000e+00 +0.0000e+00
72 +1.306041722e+02 +1.306041722e+02 +1.111241722e+02 +1.111241722e+02 +0.0000e+00 +0.0000e+00 +1.0000e+00 +0.0000e+00 +4.0000e+00 +0.0000e+00 +3.0000e+00 +0.0000e+00 +0.0000e+00 +0.0000e+00 +0.0000e+00 +2.0000e+00 +4.0000e+00 +0.0000e+00 +3.0000e+00 +2.0000e+00 +0.0000e+00 +4.0000e+00 +0.0000e+00 +0.0000e+00
80 +8.285697216e+01 +8.285697216e+01 +6.337697216e+01 +6.337697216e+01 +0.0000e+00 +0.0000e+00 +0.0000e+00 +0.0000e+00 +2.0000e+00 +0.0000e+00 +1.0000e+00 +0.0000e+00 +0.0000e+00 +0.0000e+00 +0.0000e+00 +0.0000e+00 +2.0000e+00 +0.0000e+00 +1.0000e+00 +0.0000e+00 +0.0000e+00 +2.0000e+00 +0.0000e+00 +0.0000e+00
% function evaluation | noise-free fitness - Fopt (1.344700000000e+02) | best noise-free fitness - Fopt | measured fitness | best measured fitness | x1 | x2...
1 +7.278730266e+03 +7.278730266e+03 +7.413200266e+03 +7.413200266e+03 +2.0000e+01 +3.0000e+00 +1.1000e+01 +3.0000e+01 +9.0000e+00 +6.0000e+00 +5.0000e+00 +3.0000e+01 +1.9000e+01 +1.0000e+01 +1.5000e+01 +1.3000e+01 +2.0000e+01 +2.0000e+00 +7.0000e+00 +5.0000e+00 +1.9000e+01 +3.0000e+01 +2.7000e+01 +2.3000e+01
3 +6.143927066e+03 +6.143927066e+03 +6.278397066e+03 +6.278397066e+03 +1.2000e+01 +0.0000e+00 +2.1000e+01 +1.8000e+01 +2.1000e+01 +1.5000e+01 +2.7000e+01 +2.2000e+01 +3.0000e+00 +1.8000e+01 +1.1000e+01 +3.0000e+00 +2.7000e+01 +4.0000e+00 +1.3000e+01 +1.1000e+01 +1.4000e+01 +6.0000e+00 +2.7000e+01 +1.4000e+01
19 +3.843997466e+03 +3.843997466e+03 +3.978467466e+03 +3.978467466e+03 +0.0000e+00 +6.0000e+00 +1.7000e+01 +1.4000e+01 +1.7000e+01 +1.1000e+01 +2.3000e+01 +1.8000e+01 +0.0000e+00 +1.4000e+01 +7.0000e+00 +0.0000e+00 +2.3000e+01 +0.0000e+00 +9.0000e+00 +7.0000e+00 +1.0000e+01 +2.0000e+00 +2.3000e+01 +1.0000e+01
35 +2.321693466e+03 +2.321693466e+03 +2.456163466e+03 +2.456163466e+03 +0.0000e+00 +2.0000e+00 +1.3000e+01 +1.0000e+01 +1.3000e+01 +7.0000e+00 +1.9000e+01 +1.4000e+01 +0.0000e+00 +1.0000e+01 +3.0000e+00 +0.0000e+00 +1.9000e+01 +0.0000e+00 +5.0000e+00 +3.0000e+00 +6.0000e+00 +0.0000e+00 +1.9000e+01 +6.0000e+00
47 +1.499840666e+03 +1.499840666e+03 +1.634310666e+03 +1.634310666e+03 +0.0000e+00 +0.0000e+00 +1.0000e+01 +7.0000e+00 +1.0000e+01 +4.0000e+00 +1.6000e+01 +1.1000e+01 +0.0000e+00 +7.0000e+00 +0.0000e+00 +0.0000e+00 +1.6000e+01 +0.0000e+00 +2.0000e+00 +0.0000e+00 +3.0000e+00 +0.0000e+00 +1.6000e+01 +3.0000e+00
59 +9.067462662e+02 +9.067462662e+02 +1.041216266e+03 +1.041216266e+03 +0.0000e+00 +0.0000e+00 +7.0000e+00 +4.0000e+00 +7.0000e+00 +1.0000e+00 +1.3000e+01 +8.0000e+00 +0.0000e+00 +4.0000e+00 +0.0000e+00 +0.0000e+00 +1.3000e+01 +0.0000e+00 +0.0000e+00 +0.0000e+00 +0.0000e+00 +0.0000e+00 +1.3000e+01 +0.0000e+00
67 +6.259334662e+02 +6.259334662e+02 +7.604034662e+02 +7.604034662e+02 +0.0000e+00 +0.0000e+00 +5.0000e+00 +2.0000e+00 +5.0000e+00 +0.0000e+00 +1.1000e+01 +6.0000e+00 +0.0000e+00 +2.0000e+00 +0.0000e+00 +0.0000e+00 +1.1000e+01 +0.0000e+00 +0.0000e+00 +0.0000e+00 +0.0000e+00 +0.0000e+00 +1.1000e+01 +0.0000e+00
79 +3.346854662e+02 +3.346854662e+02 +4.691554662e+02 +4.691554662e+02 +0.0000e+00 +0.0000e+00 +2.0000e+00 +0.0000e+00 +2.0000e+00 +0.0000e+00 +8.0000e+00 +3.0000e+00 +0.0000e+00 +0.0000e+00 +0.0000e+00 +0.0000e+00 +8.0000e+00 +0.0000e+00 +0.0000e+00 +0.0000e+00 +0.0000e+00 +0.0000e+00 +8.0000e+00 +0.0000e+00
87 +2.208038662e+02 +2.208038662e+02 +3.552738662e+02 +3.552738662e+02 +0.0000e+00 +0.0000e+00 +0.0000e+00 +0.0000e+00 +0.0000e+00 +0.0000e+00 +6.0000e+00 +1.0000e+00 +0.0000e+00 +0.0000e+00 +0.0000e+00 +0.0000e+00 +6.0000e+00 +0.0000e+00 +0.0000e+00 +0.0000e+00 +0.0000e+00 +0.0000e+00 +6.0000e+00 +0.0000e+00
99 +1.394294662e+02 +1.394294662e+02 +2.738994662e+02 +2.738994662e+02 +0.0000e+00 +0.0000e+00 +0.0000e+00 +0.0000e+00 +0.0000e+00 +0.0000e+00 +3.0000e+00 +0.0000e+00 +0.0000e+00 +0.0000e+00 +0.0000e+00 +0.0000e+00 +3.0000e+00 +0.0000e+00 +0.0000e+00 +0.0000e+00 +0.0000e+00 +0.0000e+00 +3.0000e+00 +0.0000e+00
% function evaluation | noise-free fitness - Fopt (4.453500000000e+02) | best noise-free fitness - Fopt | measured fitness | best measured fitness | x1 | x2...
1 +6.385690745e+03 +6.385690745e+03 +6.831040745e+03 +6.831040745e+03 +2.8000e+01 +1.0000e+01 +1.8000e+01 +0.0000e+00 +0.0000e+00 +2.2000e+01 +1.0000e+01 +1.4000e+01 +2.7000e+01 +2.9000e+01 +8.0000e+00 +0.0000e+00 +8.0000e+00 +3.0000e+01 +1.0000e+00 +1.5000e+01 +1.8000e+01 +2.3000e+01 +2.0000e+01 +6.0000e+00
3 +3.725244345e+03 +3.725244345e+03 +4.170594345e+03 +4.170594345e+03 +2.3000e+01 +1.2000e+01 +1.9000e+01 +1.0000e+01 +3.0000e+00 +2.1000e+01 +4.0000e+00 +3.0000e+00 +1.4000e+01 +2.2000e+01 +8.0000e+00 +1.0000e+01 +1.8000e+01 +1.6000e+01 +6.0000e+00 +0.0000e+00 +1.9000e+01 +1.0000e+01 +0.0000e+00 +9.0000e+00
15 +2.485889145e+03 +2.485889145e+03 +2.931239145e+03 +2.931239145e+03 +1.7000e+01 +1.2000e+01 +1.6000e+01 +7.0000e+00 +0.0000e+00 +1.8000e+01 +1.0000e+00 +0.0000e+00 +1.1000e+01 +1.9000e+01 +5.0000e+00 +7.0000e+00 +1.5000e+01 +1.3000e+01 +3.0000e+00 +0.0000e+00 +1.6000e+01 +7.0000e+00 +0.0000e+00 +6.0000e+00
27 +1.578983545e+03 +1.578983545e+03 +2.024333545e+03 +2.024333545e+03 +9.0000e+00 +1.5000e+01 +1.3000e+01 +4.0000e+00 +0.0000e+00 +1.5000e+01 +0.0000e+00 +0.0000e+00 +8.0000e+00 +1.6000e+01 +2.0000e+00 +4.0000e+00 +1.2000e+01 +1.0000e+01 +0.0000e+00 +0.0000e+00 +1.3000e+01 +4.0000e+00 +0.0000e+00 +3.0000e+00
39 +9.647019450e+02 +9.647019450e+02 +1.410051945e+03 +1.410051945e+03 +6.0000e+00 +1.2000e+01 +1.0000e+01 +1.0000e+00 +0.0000e+00 +1.2000e+01 +0.0000e+00 +0.0000e+00 +5.0000e+00 +1.3000e+01 +0.0000e+00 +1.0000e+00 +9.0000e+00 +7.0000e+00 +0.0000e+00 +0.0000e+00 +1.0000e+01 +1.0000e+00 +0.0000e+00 +0.0000e+00
55 +5.025899450e+02 +5.025899450e+02 +9.479399450e+02 +9.479399450e+02 +8.0000e+00 +2.0000e+00 +6.0000e+00 +0.0000e+00 +0.0000e+00 +8.0000e+00 +0.0000e+00 +0.0000e+00 +1.0000e+00 +9.0000e+00 +0.0000e+00 +0.0000e+00 +5.0000e+00 +3.0000e+00 +0.0000e+00 +0.0000e+00 +6.0000e+00 +0.0000e+00 +0.0000e+00 +0.0000e+00
59 +3.701979450e+02 +3.701979450e+02 +8.155479450e+02 +8.155479450e+02 +5.0000e+00 +3.0000e+00 +5.0000e+00 +0.0000e+00 +0.0000e+00 +7.0000e+00 +0.0000e+00 +0.0000e+00 +0.0000e+00 +8.0000e+00 +0.0000e+00 +0.0000e+00 +4.0000e+00 +2.0000e+00 +0.0000e+00 +0.0000e+00 +5.0000e+00 +0.0000e+00 +0.0000e+00 +0.0000e+00
67 +2.074427450e+02 +2.074427450e+02 +6.527927450e+02 +6.527927450e+02 +1.0000e+00 +3.0000e+00 +3.0000e+00 +0.0000e+00 +0.0000e+00 +5.0000e+00 +0.0000e+00 +0.0000e+00 +0.0000e+00 +6.0000e+00 +0.0000e+00 +0.0000e+00 +2.0000e+00 +0.0000e+00 +0.0000e+00 +0.0000e+00 +3.0000e+00 +0.0000e+00 +0.0000e+00 +0.0000e+00
75 +1.464875450e+02 +1.464875450e+02 +5.918375450e+02 +5.918375450e+02 +0.0000e+00 +1.0000e+00 +1.0000e+00 +0.0000e+00 +0.0000e+00 +3.0000e+00 +0.0000e+00 +0.0000e+00 +0.0000e+00 +4.0000e+00 +0.0000e+00 +0.0000e+00 +0.0000e+00 +0.0000e+00 +0.0000e+00 +0.0000e+00 +1.0000e+00 +0.0000e+00 +0.0000e+00 +0.0000e+00
