% function evaluation | noise-free fitness - Fopt (7.948000000000e+01) | best noise-free fitness - Fopt | measured fitness | best measured fitness | x1 | x2...
1 +5.743248017e+03 +5.743248017e+03 +5.822728017e+03 +5.822728017e+03 +7.0000e+00 +0.0000e+00 +2.5000e+01 +3.0000e+01 +0.0000e+00 +1.3000e+01 +0.0000e+00 +2.4000e+01 +2.1000e+01 +1.1000e+01 +1.4000e+01 +1.4000e+01 +3.0000e+01 +9.0000e+00 +1.1000e+01 +1.6000e+01 +2.0000e+01 +7.0000e+00 +1.8000e+01 +2.2000e+01
18 +3.559910417e+03 +3.559910417e+03 +3.639390417e+03 +3.639390417e+03 +2.3000e+01 +0.0000e+00 +4.0000e+00 +9.0000e+00 +1.1000e+01 +2.1000e+01 +2.0000e+01 +0.0000e+00 +0.0000e+00 +1.1000e+01 +1.3000e+01 +0.0000e+00 +1.7000e+01 +1.5000e+01 +7.0000e+00 +2.3000e+01 +2.1000e+01 +5.0000e+00 +2.0000e+00 +8.0000e+00
48 +2.249523217e+03 +2.249523217e+03 +2.329003217e+03 +2.329003217e+03 +6.0000e+00 +1.2000e+01 +1.0000e+00 +6.0000e+00 +8.0000e+00 +1.8000e+01 +1.7000e+01 +0.0000e+00 +0.0000e+00 +8.0000e+00 +1.0000e+01 +0.0000e+00 +1.4000e+01 +1.2000e+01 +4.0000e+00 +2.0000e+01 +1.8000e+01 +2.0000e+00 +0.0000e+00 +5.0000e+00
78 +1.446294417e+03 +1.446294417e+03 +1.525774417e+03 +1.525774417e+03 +1.0000e+00 +1.1000e+01 +0.0000e+00 +3.0000e+00 +5.0000e+00 +1.5000e+01 +1.4000e+01 +0.0000e+00 +0.0000e+00 +5.0000e+00 +7.0000e+00 +0.0000e+00 +1.1000e+01 +9.0000e+00 +1.0000e+00 +1.7000e+01 +1.5000e+01 +0.0000e+00 +0.0000e+00 +2.0000e+00
108 +8.349568173e+02 +8.349568173e+02 +9.144368173e+02 +9.144368173e+02 +0.0000e+00 +7.0000e+00 +0.0000e+00 +0.0000e+00 +2.0000e+00 +1.2000e+01 +1.1000e+01 +0.0000e+00 +0.0000e+00 +2.0000e+00 +4.0000e+00 +0.0000e+00 +8.0000e+00 +6.0000e+00 +0.0000e+00 +1.4000e+01 +1.2000e+01 +0.0000e+00 +0.0000e+00 +0.0000e+00
128 +5.364128173e+02 +5.364128173e+02 +6.158928173e+02 +6.158928173e+02 +0.0000e+00 +5.0000e+00 +0.0000e+00 +0.0000e+00 +0.0000e+00 +1.0000e+01 +9.0000e+00 +0.0000e+00 +0.0000e+00 +0.0000e+00 +2.0000e+00 +0.0000e+00 +6.0000e+00 +4.0000e+00 +0.0000e+00 +1.2000e+01 +1.0000e+01 +0.0000e+00 +0.0000e+00 +0.0000e+00
148 +3.243392173e+02 +3.243392173e+02 +4.038192173e+02 +4.038192173e+02 +3.0000e+00 +0.0000e+00 +0.0000e+00 +0.0000e+00 +0.0000e+00 +8.0000e+00 +7.0000e+00 +0.0000e+00 +0.0000e+00 +0.0000e+00 +0.0000e+00 +0.0000e+00 +4.0000e+00 +2.0000e+00 +0.0000e+00 +1.0000e+01 +8.0000e+00 +0.0000e+00 +0.0000e+00 +0.0000e+00
168 +2.017760173e+02 +2.017760173e+02 +2.812560173e+02 +2.812560173e+02 +1.0000e+00 +0.0000e+00 +0.0000e+00 +0.0000e+00 +0.0000e+00 +6.0000e+00 +5.0000e+00 +0.0000e+00 +0.0000e+00 +0.0000e+00 +0.0000e+00 +0.0000e+00 +2.0000e+00 +0.0000e+00 +0.0000e+00 +8.0000e+00 +6.0000e+00 +0.0000e+00 +0.0000e+00 +0.0000e+00
188 +1.300528173e+02 +1.300528173e+02 +2.095328173e+02 +2.095328173e+02 +0.0000e+00 +0.0000e+00 +0.0000e+00 +0.0000e+00 +0.0000e+00 +4.0000e+00 +3.0000e+00 +0.0000e+00 +0.0000e+00 +0.0000e+00 +0.0000e+00 +0.0000e+00 +0.0000e+00 +0.0000e+00 +0.0000e+00 +6.0000e+00 +4.0000e+00 +0.0000e+00 +0.0000e+00 +0.0000e+00
208 +9.047841728e+01 +9.047841728e+01 +1.699584173e+02 +1.699584173e+02 +0.0000e+00 +0.0000e+00 +0.0000e+00 +0.0000e+00 +0.0000e+00 +2.0000e+00 +1.0000e+00 +0.0000e+00 +0.0000e+00 +0.0000e+00 +0.0000e+00 +0.0000e+00 +0.0000e+00 +0.0000e+00 +0.0000e+00 +4.0000e+00 +2.0000e+00 +0.0000e+00 +0.0000e+00 +0.0000e+00
% function evaluation | noise-free fitness - Fopt (3.944800000000e+02) | best noise-free fitness - Fopt | measured fitness | best measured fitness | x1 | x2...
1 +5.839234082e+03 +5.839234082e+03 +6.233714082e+03 +6.233714082e+03 +1.4000e+01 +0.0000e+00 +2.1000e+01 +2.6000e+01 +1.7000e+01 +1.2000e+01 +5.0000e+00 +1.7000e+01 +9.0000e+00 +2.2000e+01 +1.4000e+01 +2.0000e+00 +1.7000e+01 +2.4000e+01 +2.5000e+01 +1.5000e+01 +2.6000e+01 +1.0000e+00 +1.3000e+01 +1.0000e+01
7 +3.954440482e+03 +3.954440482e+03 +4.348920482e+03 +4.348920482e+03 +1.4000e+01 +2.0000e+00 +2.6000e+01 +1.6000e+01 +1.0000e+00 +2.3000e+01 +9.0000e+00 +1.3000e+01 +0.0000e+00 +7.0000e+00 +2.0000e+00 +1.0000e+01 +1.0000e+01 +0.0000e+00 +2.7000e+01 +1.7000e+01 +1.0000e+00 +6.0000e+00 +1.1000e+01 +1.0000e+01
47 +2.435861282e+03 +2.435861282e+03 +2.830341282e+03 +2.830341282e+03 +2.0000e+00 +6.0000e+00 +2.2000e+01 +1.2000e+01 +0.0000e+00 +1.9000e+01 +5.0000e+00 +9.0000e+00 +0.0000e+00 +3.0000e+00 +0.0000e+00 +6.0000e+00 +6.0000e+00 +0.0000e+00 +2.3000e+01 +1.3000e+01 +0.0000e+00 +2.0000e+00 +7.0000e+00 +6.0000e+00
87 +1.499483682e+03 +1.499483682e+03 +1.893963682e+03 +1.893963682e+03 +0.0000e+00 +2.0000e+00 +1.8000e+01 +8.0000e+00 +0.0000e+00 +1.5000e+01 +1.0000e+00 +5.0000e+00 +0.0000e+00 +0.0000e+00 +0.0000e+00 +2.0000e+00 +2.0000e+00 +0.0000e+00 +1.9000e+01 +9.0000e+00 +0.0000e+00 +0.0000e+00 +3.0000e+00 +2.0000e+00
127 +9.558708819e+02 +9.558708819e+02 +1.350350882e+03 +1.350350882e+03 +0.0000e+00 +0.0000e+00 +1.4000e+01 +4.0000e+00 +0.0000e+00 +1.1000e+01 +0.0000e+00 +1.0000e+00 +0.0000e+00 +0.0000e+00 +0.0000e+00 +0.0000e+00 +0.0000e+00 +0.0000e+00 +1.5000e+01 +5.0000e+00 +0.0000e+00 +0.0000e+00 +0.0000e+00 +0.0000e+00
161 +6.230372819e+02 +6.230372819e+02 +1.017517282e+03 +1.017517282e+03 +0.0000e+00 +0.0000e+00 +5.0000e+00 +1.0000e+01 +1.0000e+00 +0.0000e+00 +0.0000e+00 +1.0000e+00 +0.0000e+00 +6.0000e+00 +0.0000e+00 +0.0000e+00 +1.0000e+00 +8.0000e+00 +9.0000e+00 +0.0000e+00 +1.0000e+01 +0.0000e+00 +0.0000e+00 +0.0000e+00
191 +3.502516819e+02 +3.502516819e+02 +7.447316819e+02 +7.447316819e+02 +0.0000e+00 +0.0000e+00 +2.0000e+00 +7.0000e+00 +0.0000e+00 +0.0000e+00 +0.0000e+00 +0.0000e+00 +0.0000e+00 +3.0000e+00 +0.0000e+00 +0.0000e+00 +0.0000e+00 +5.0000e+00 +6.0000e+00 +0.0000e+00 +7.0000e+00 +0.0000e+00 +0.0000e+00 +0.0000e+00
211 +2.279540819e+02 +2.279540819e+02 +6.224340819e+02 +6.224340819e+02 +0.0000e+00 +0.0000e+00 +0.0000e+00 +5.0000e+00 +0.0000e+00 +0.0000e+00 +0.0000e+00 +0.0000e+00 +0.0000e+00 +1.0000e+00 +0.0000e+00 +0.0000e+00 +0.0000e+00 +3.0000e+00 +4.0000e+00 +0.0000e+00 +5.0000e+00 +0.0000e+00 +0.0000e+00 +0.0000e+00
251 +1.466468819e+02 +1.466468819e+02 +5.411268819e+02 +5.411268819e+02 +0.0000e+00 +0.0000e+00 +0.0000e+00 +1.0000e+00 +0.0000e+00 +0.0000e+00 +0.0000e+00 +0.0000e+00 +0.0000e+00 +0.0000e+00 +0.0000e+00 +0.0000e+00 +0.0000e+00 +0.0000e+00 +0.0000e+00 +0.0000e+00 +1.0000e+00 +0.0000e+00 +0.0000e+00 +0.0000e+00
% function evaluation | noise-free fitness - Fopt (-2.471100000000e+02) | best noise-free fitness - Fopt | measured fitness | best measured fitness | x1 | x2...
1 +3.716451796e+03 +3.716451796e+03 +3.469341796e+03 +3.469341796e+03 +8.0000e+00 +1.3000e+01 +3.0000e+01 +1.4000e+01 +6.0000e+00 +1.3000e+01 +3.0000e+00 +1.9000e+01 +2.0000e+01 +0.0000e+00 +1.1000e+01 +2.2000e+01 +7.0000e+00 +7.0000e+00 +3.0000e+00 +1.2000e+01 +1.5000e+01 +3.0000e+00 +1.4000e+01 +7.0000e+00
41 +2.273251796e+03 +2.273251796e+03 +2.026141796e+03 +2.026141796e+03 +8.0000e+00 +5.0000e+00 +2.6000e+01 +1.0000e+01 +2.0000e+00 +9.0000e+00 +0.0000e+00 +1.5000e+01 +1.6000e+01 +0.0000e+00 +7.0000e+00 +1.8000e+01 +3.0000e+00 +3.0000e+00 +0.0000e+00 +8.0000e+00 +1.1000e+01 +0.0000e+00 +1.0000e+01 +3.0000e+00
71 +1.478626196e+03 +1.478626196e+03 +1.231516196e+03 +1.231516196e+03 +2.0000e+00 +5.0000e+00 +2.3000e+01 +7.0000e+00 +0.0000e+00 +6.0000e+00 +0.0000e+00 +1.2000e+01 +1.3000e+01 +0.0000e+00 +4.0000e+00 +1.5000e+01 +0.0000e+00 +0.0000e+00 +0.0000e+00 +5.0000e+00 +8.0000e+00 +0.0000e+00 +7.0000e+00 +0.0000e+00
101 +9.660965958e+02 +9.660965958e+02 +7.189865958e+02 +7.189865958e+02 +2.0000e+00 +0.0000e+00 +2.0000e+01 +4.0000e+00 +0.0000e+00 +3.0000e+00 +0.0000e+00 +9.0000e+00 +1.0000e+01 +0.0000e+00 +1.0000e+00 +1.2000e+01 +0.0000e+00 +0.0000e+00 +0.0000e+00 +2.0000e+00 +5.0000e+00 +0.0000e+00 +4.0000e+00 +0.0000e+00
131 +6.218773958e+02 +6.218773958e+02 +3.747673958e+02 +3.747673958e+02 +0.0000e+00 +0.0000e+00 +1.7000e+01 +1.0000e+00 +0.0000e+00 +0.0000e+00 +0.0000e+00 +6.0000e+00 +7.0000e+00 +0.0000e+00 +0.0000e+00 +9.0000e+00 +0.0000e+00 +0.0000e+00 +0.0000e+00 +0.0000e+00 +2.0000e+00 +0.0000e+00 +1.0000e+00 +0.0000e+00
156 +3.922133958e+02 +3.922133958e+02 +1.451033958e+02 +1.451033958e+02 +0.0000e+00 +0.0000e+00 +0.0000e+00 +0.0000e+00 +1.0000e+00 +6.0000e+00 +9.0000e+00 +0.0000e+00 +6.0000e+00 +0.0000e+00 +0.0000e+00 +0.0000e+00 +0.0000e+00 +0.0000e+00 +9.0000e+00 +1.3000e+01 +2.0000e+00 +6.0000e+00 +0.0000e+00 +0.0000e+00
180 +2.111349958e+02 +2.111349958e+02 -3.597500416e+01 -3.597500416e+01 +0.0000e+00 +0.0000e+00 +0.0000e+00 +0.0000e+00 +0.0000e+00 +0.0000e+00 +6.0000e+00 +0.0000e+00 +1.0000e+00 +7.0000e+00 +4.0000e+00 +0.0000e+00 +8.0000e+00 +3.0000e+00 +1.2000e+01 +4.0000e+00 +0.0000e+00 +0.0000e+00 +0.0000e+00 +0.0000e+00
200 +1.284693958e+02 +1.284693958e+02 -1.186406042e+02 -1.186406042e+02 +0.0000e+00 +0.0000e+00 +0.0000e+00 +0.0000e+00 +0.0000e+00 +0.0000e+00 +4.0000e+00 +0.0000e+00 +0.0000e+00 +5.0000e+00 +2.0000e+00 +0.0000e+00 +6.0000e+00 +1.0000e+00 +1.0000e+01 +2.0000e+00 +0.0000e+00 +0.0000e+00 +0.0000e+00 +0.0000e+00
230 +9.586779584e+01 +9.586779584e+01 -1.512422042e+02 -1.512422042e+02 +0.0000e+00 +0.0000e+00 +0.0000e+00 +0.0000e+00 +0.0000e+00 +0.0000e+00 +1.0000e+00 +0.0000e+00 +0.0000e+00 +2.0000e+00 +0.0000e+00 +0.0000e+00 +3.0000e+00 +0.0000e+00 +7.0000e+00 +0.0000e+00 +0.0000e+00 +0.0000e+00 +0.0000e+00 +0.0000e+00
% function evaluation | noise-free fitness - Fopt (-1.520400000000e+02) | best noise-free fitness - Fopt | measured fitness | best measured fitness | x1 | x2...
1 +4.404954435e+03 +4.404954435e+03 +4.252914435e+03 +4.252914435e+03 +1.0000e+00 +0.0000e+00 +2.0000e+00 +2.9000e+01 +4.0000e+00 +9.0000e+00 +5.0000e+00 +2.7000e+01 +2.5000e+01 +3.0000e+01 +4.0000e+00 +1.0000e+00 +9.0000e+00 +3.0000e+01 +1.2000e+01 +5.0000e+00 +0.0000e+00 +0.0000e+00 +1.5000e+01 +2.1000e+01
11 +3.977320835e+03 +3.977320835e+03 +3.825280835e+03 +3.825280835e+03 +0.0000e+00 +0.0000e+00 +1.0000e+00 +2.8000e+01 +3.0000e+00 +8.0000e+00 +4.0000e+00 +2.6000e+01 +2.4000e+01 +2.9000e+01 +3.0000e+00 +0.0000e+00 +8.0000e+00 +2.9000e+01 +1.1000e+01 +4.0000e+00 +0.0000e+00 +0.0000e+00 +1.4000e+01 +2.0000e+01
43 +2.476234435e+03 +2.476234435e+03 +2.324194435e+03 +2.324194435e+03 +2.0000e+00 +1.0000e+00 +2.0000e+01 +9.0000e+00 +0.0000e+00 +0.0000e+00 +1.1000e+01 +2.0000e+00 +7.0000e+00 +8.0000e+00 +1.3000e+01 +1.5000e+01 +7.0000e+00 +0.0000e+00 +1.8000e+01 +1.0000e+01 +0.0000e+00 +1.7000e+01 +1.2000e+01 +1.8000e+01
83 +1.366108035e+03 +1.366108035e+03 +1.214068035e+03 +1.214068035e+03 +0.0000e+00 +0.0000e+00 +1.6000e+01 +5.0000e+00 +0.0000e+00 +0.0000e+00 +7.0000e+00 +0.0000e+00 +3.0000e+00 +4.0000e+00 +9.0000e+00 +1.1000e+01 +3.0000e+00 +0.0000e+00 +1.4000e+01 +6.0000e+00 +0.0000e+00 +1.3000e+01 +8.0000e+00 +1.4000e+01
103 +9.720568352e+02 +9.720568352e+02 +8.200168352e+02 +8.200168352e+02 +0.0000e+00 +0.0000e+00 +1.4000e+01 +3.0000e+00 +0.0000e+00 +0.0000e+00 +5.0000e+00 +0.0000e+00 +1.0000e+00 +2.0000e+00 +7.0000e+00 +9.0000e+00 +1.0000e+00 +0.0000e+00 +1.2000e+01 +4.0000e+00 +0.0000e+00 +1.1000e+01 +6.0000e+00 +1.2000e+01
132 +5.969464352e+02 +5.969464352e+02 +4.449064352e+02 +4.449064352e+02 +0.0000e+00 +4.0000e+00 +0.0000e+00 +1.4000e+01 +0.0000e+00 +7.0000e+00 +0.0000e+00 +0.0000e+00 +9.0000e+00 +8.0000e+00 +0.0000e+00 +0.0000e+00 +0.0000e+00 +1.5000e+01 +0.0000e+00 +5.0000e+00 +8.0000e+00 +6.0000e+00 +0.0000e+00 +1.4000e+01
152 +3.620792352e+02 +3.620792352e+02 +2.100392352e+02 +2.100392352e+02 +0.0000e+00 +2.0000e+00 +0.0000e+00 +1.2000e+01 +0.0000e+00 +5.0000e+00 +0.0000e+00 +0.0000e+00 +7.0000e+00 +6.0000e+00 +0.0000e+00 +0.0000e+00 +0.0000e+00 +1.3000e+01 +0.0000e+00 +3.0000e+00 +6.0000e+00 +4.0000e+00 +0.0000e+00 +1.2000e+01
172 +2.072120352e+02 +2.072120352e+02 +5.517203520e+01 +5.517203520e+01 +0.0000e+00 +0.0000e+00 +0.0000e+00 +1.0000e+01 +0.0000e+00 +3.0000e+00 +0.0000e+00 +0.0000e+00 +5.0000e+00 +4.0000e+00 +0.0000e+00 +0.0000e+00 +0.0000e+00 +1.1000e+01 +0.0000e+00 +1.0000e+00 +4.0000e+00 +2.0000e+00 +0.0000e+00 +1.0000e+01
182 +1.559304352e+02 +1.559304352e+02 +3.890435200e+00 +3.890435200e+00 +0.0000e+00 +0.0000e+00 +0.0000e+00 +9.0000e+00 +0.0000e+00 +2.0000e+00 +0.0000e+00 +0.0000e+00 +4.0000e+00 +3.0000e+00 +0.0000e+00 +0.0000e+00 +0.0000e+00 +1.0000e+01 +0.0000e+00 +0.0000e+00 +3.0000e+00 +1.0000e+00 +0.0000e+00 +9.0000e+00
202 +9.682163520e+01 +9.682163520e+01 -5.521836480e+01 -5.521836480e+01 +0.0000e+00 +0.0000e+00 +0.0000e+00 +7.0000e+00 +0.0000e+00 +0.0000e+00 +0.0000e+00 +0.0000e+00 +2.0000e+00 +1.0000e+00 +0.0000e+00 +0.0000e+00 +0.0000e+00 +8.0000e+00 +0.0000e+00 +0.0000e+00 +1.0000e+00 +0.0000e+00 +0.0000e+00 +7.0000e+00
% function evaluation | noise-free fitness - Fopt (-2.525000000000e+01) | best noise-free fitness - Fopt | measured fitness | best measured fitness | x1 | x2...
1 +5.251574028e+03 +5.251574028e+03 +5.226324028e+03 +5.226324028e+03 +1.0000e+01 +1.5000e+01 +1.8000e+01 +2.0000e+00 +1.2000e+01 +2.1000e+01 +9.0000e+00 +2.0000e+01 +1.6000e+01 +2.0000e+01 +1.2000e+01 +1.0000e+01 +1.0000e+00 +0.0000e+00 +2.5000e+01 +1.3000e+01 +2.0000e+00 +8.0000e+00 +2.9000e+01 +3.0000e+01
31 +3.788958028e+03 +3.788958028e+03 +3.763708028e+03 +3.763708028e+03 +1.5000e+01 +4.0000e+00 +1.5000e+01 +0.0000e+00 +9.0000e+00 +1.8000e+01 +6.0000e+00 +1.7000e+01 +1.3000e+01 +1.7000e+01 +9.0000e+00 +7.0000e+00 +0.0000e+00 +0.0000e+00 +2.2000e+01 +1.0000e+01 +0.0000e+00 +5.0000e+00 +2.6000e+01 +2.7000e+01
71 +2.320062028e+03 +2.320062028e+03 +2.294812028e+03 +2.294812028e+03 +1.1000e+01 +0.0000e+00 +1.1000e+01 +0.0000e+00 +5.0000e+00 +1.4000e+01 +2.0000e+00 +1.3000e+01 +9.0000e+00 +1.3000e+01 +5.0000e+00 +3.0000e+00 +0.0000e+00 +0.0000e+00 +1.8000e+01 +6.0000e+00 +0.0000e+00 +1.0000e+00 +2.2000e+01 +2.3000e+01
101 +1.533218828e+03 +1.533218828e+03 +1.507968828e+03 +1.507968828e+03 +6.0000e+00 +0.0000e+00 +8.0000e+00 +0.0000e+00 +2.0000e+00 +1.1000e+01 +0.0000e+00 +1.0000e+01 +6.0000e+00 +1.0000e+01 +2.0000e+00 +0.0000e+00 +0.0000e+00 +0.0000e+00 +1.5000e+01 +3.0000e+00 +0.0000e+00 +0.0000e+00 +1.9000e+01 +2.0000e+01
131 +9.938364282e+02 +9.938364282e+02 +9.685864282e+02 +9.685864282e+02 +3.0000e+00 +0.0000e+00 +5.0000e+00 +0.0000e+00 +0.0000e+00 +8.0000e+00 +0.0000e+00 +7.0000e+00 +3.0000e+00 +7.0000e+00 +0.0000e+00 +0.0000e+00 +0.0000e+00 +0.0000e+00 +1.2000e+01 +0.0000e+00 +0.0000e+00 +0.0000e+00 +1.6000e+01 +1.7000e+01
161 +6.078108282e+02 +6.078108282e+02 +5.825608282e+02 +5.825608282e+02 +0.0000e+00 +0.0000e+00 +2.0000e+00 +0.0000e+00 +0.0000e+00 +5.0000e+00 +0.0000e+00 +4.0000e+00 +0.0000e+00 +4.0000e+00 +0.0000e+00 +0.0000e+00 +0.0000e+00 +0.0000e+00 +9.0000e+00 +0.0000e+00 +0.0000e+00 +0.0000e+00 +1.3000e+01 +1.4000e+01
187 +3.798156282e+02 +3.798156282e+02 +3.545656282e+02 +3.545656282e+02 +0.0000e+00 +0.0000e+00 +5.0000e+00 +0.0000e+00 +8.0000e+00 +0.0000e+00 +4.0000e+00 +3.0000e+00 +2.0000e+00 +0.0000e+00 +3.0000e+00 +0.0000e+00 +0.0000e+00 +0.0000e+00 +0.0000e+00 +8.0000e+00 +1.1000e+01 +0.0000e+00 +0.0000e+00 +3.0000e+00
207 +2.280876282e+02 +2.280876282e+02 +2.028376282e+02 +2.028376282e+02 +0.0000e+00 +0.0000e+00 +3.0000e+00 +0.0000e+00 +6.0000e+00 +0.0000e+00 +2.0000e+00 +1.0000e+00 +0.0000e+00 +0.0000e+00 +1.0000e+00 +0.0000e+00 +0.0000e+00 +0.0000e+00 +0.0000e+00 +6.0000e+00 +9.0000e+00 +0.0000e+00 +0.0000e+00 +1.0000e+00
227 +1.367644282e+02 +1.367644282e+02 +1.115144282e+02 +1.115144282e+02 +0.0000e+00 +0.0000e+00 +1.0000e+00 +0.0000e+00 +4.0000e+00 +0.0000e+00 +0.0000e+00 +0.0000e+00 +0.0000e+00 +0.0000e+00 +0.0000e+00 +0.0000e+00 +0.0000e+00 +0.0000e+00 +0.0000e+00 +4.0000e+00 +7.0000e+00 +0.0000e+00 +0.0000e+00 +0.0000e+00
247 +9.684122816e+01 +9.684122816e+01 +7.159122816e+01 +7.159122816e+01 +0.0000e+00 +0.0000e+00 +0.0000e+00 +0.0000e+00 +2.0000e+00 +0.0000e+00 +0.0000e+00 +0.0000e+00 +0.0000e+00 +0.0000e+00 +0.0000e+00 +0.0000e+00 +0.0000e+00 +0.0000e+00 +0.0000e+00 +2.0000e+00 +5.0000e+00 +0.0000e+00 +0.0000e+00 +0.0000e+00
% function evaluation | noise-free fitness - Fopt (2.230000000000e+00) | best noise-free fitness - Fopt | measured fitness | best measured fitness | x1 | x2...
1 +5.908017783e+03 +5.908017783e+03 +5.910247783e+03 +5.910247783e+03 +2.0000e+01 +0.0000e+00 +5.0000e+00 +1.0000e+01 +1.8000e+01 +2.7000e+01 +1.0000e+00 +2.3000e+01 +2.1000e+01 +0.0000e+00 +2.4000e+01 +1.0000e+01 +1.7000e+01 +1.8000e+01 +1.3000e+01 +2.2000e+01 +1.5000e+01 +9.0000e+00 +1.5000e+01 +2.6000e+01
17 +3.739425783e+03 +3.739425783e+03 +3.741655783e+03 +3.741655783e+03 +3.0000e+00 +6.0000e+00 +1.6000e+01 +6.0000e+00 +3.0000e+00 +2.1000e+01 +2.5000e+01 +0.0000e+00 +1.2000e+01 +7.0000e+00 +2.0000e+00 +2.1000e+01 +7.0000e+00 +1.2000e+01 +2.4000e+01 +1.1000e+01 +1.1000e+01 +1.1000e+01 +8.0000e+00 +0.0000e+00
57 +2.304552183e+03 +2.304552183e+03 +2.306782183e+03 +2.306782183e+03 +2.0000e+00 +0.0000e+00 +1.2000e+01 +2.0000e+00 +0.0000e+00 +1.7000e+01 +2.1000e+01 +0.0000e+00 +8.0000e+00 +3.0000e+00 +0.0000e+00 +1.7000e+01 +3.0000e+00 +8.0000e+00 +2.0000e+01 +7.0000e+00 +7.0000e+00 +7.0000e+00 +4.0000e+00 +0.0000e+00
87 +1.578827383e+03 +1.578827383e+03 +1.581057383e+03 +1.581057383e+03 +0.0000e+00 +0.0000e+00 +9.0000e+00 +0.0000e+00 +0.0000e+00 +1.4000e+01 +1.8000e+01 +0.0000e+00 +5.0000e+00 +0.0000e+00 +0.0000e+00 +1.4000e+01 +0.0000e+00 +5.0000e+00 +1.7000e+01 +4.0000e+00 +4.0000e+00 +4.0000e+00 +1.0000e+00 +0.0000e+00
127 +9.037761830e+02 +9.037761830e+02 +9.060061830e+02 +9.060061830e+02 +0.0000e+00 +0.0000e+00 +5.0000e+00 +0.0000e+00 +0.0000e+00 +1.0000e+01 +1.4000e+01 +0.0000e+00 +1.0000e+00 +0.0000e+00 +0.0000e+00 +1.0000e+01 +0.0000e+00 +1.0000e+00 +1.3000e+01 +0.0000e+00 +0.0000e+00 +0.0000e+00 +0.0000e+00 +0.0000e+00
157 +5.797089830e+02 +5.797089830e+02 +5.819389830e+02 +5.819389830e+02 +0.0000e+00 +0.0000e+00 +2.0000e+00 +0.0000e+00 +0.0000e+00 +7.0000e+00 +1.1000e+01 +0.0000e+00 +0.0000e+00 +0.0000e+00 +0.0000e+00 +7.0000e+00 +0.0000e+00 +0.0000e+00 +1.0000e+01 +0.0000e+00 +0.0000e+00 +0.0000e+00 +0.0000e+00 +0.0000e+00
185 +3.969681830e+02 +3.969681830e+02 +3.991981830e+02 +3.991981830e+02 +5.0000e+00 +1.0000e+00 +1.2000e+01 +0.0000e+00 +0.0000e+00 +0.0000e+00 +5.0000e+00 +0.0000e+00 +0.0000e+00 +2.0000e+00 +6.0000e+00 +3.0000e+00 +0.0000e+00 +0.0000e+00 +0.0000e+00 +0.0000e+00 +0.0000e+00 +3.0000e+00 +4.0000e+00 +9.0000e+00
207 +2.406689830e+02 +2.406689830e+02 +2.428989830e+02 +2.428989830e+02 +0.0000e+00 +0.0000e+00 +0.0000e+00 +0.0000e+00 +0.0000e+00 +2.0000e+00 +6.0000e+00 +0.0000e+00 +0.0000e+00 +0.0000e+00 +0.0000e+00 +2.0000e+00 +0.0000e+00 +0.0000e+00 +5.0000e+00 +0.0000e+00 +0.0000e+00 +0.0000e+00 +0.0000e+00 +0.0000e+00
231 +1.526337830e+02 +1.526337830e+02 +1.548637830e+02 +1.548637830e+02 +0.0000e+00 +0.0000e+00 +0.0000e+00 +0.0000e+00 +0.0000e+00 +4.0000e+00 +0.0000e+00 +0.0000e+00 +0.0000e+00 +0.0000e+00 +1.0000e+00 +0.0000e+00 +0.0000e+00 +0.0000e+00 +0.0000e+00 +0.0000e+00 +0.0000e+00 +0.0000e+00 +0.0000e+00 +3.0000e+00
% function evaluation | noise-free fitness - Fopt (-1.308000000000e+01) | best noise-free fitness - Fopt | measured fitness | best measured fitness | x1 | x2...
1 +3.137140947e+03 +3.137140947e+03 +3.124060947e+03 +3.124060947e+03 +7.0000e+00 +1.6000e+01 +0.0000e+00 +2.2000e+01 +1.2000e+01 +3.0000e+00 +5.0000e+00 +2.2000e+01 +0.0000e+00 +9.0000e+00 +7.0000e+00 +5.0000e+00 +1.9000e+01 +0.0000e+00 +2.3000e+01 +2.0000e+00 +1.5000e+01 +9.0000e+00 +1.3000e+01 +1.4000e+01
21 +2.338667347e+03 +2.338667347e+03 +2.325587347e+03 +2.325587347e+03 +1.3000e+01 +6.0000e+00 +0.0000e+00 +2.0000e+01 +1.0000e+01 +1.0000e+00 +3.0000e+00 +2.0000e+01 +0.0000e+00 +7.0000e+00 +5.0000e+00 +3.0000e+00 +1.7000e+01 +0.0000e+00 +2.1000e+01 +0.0000e+00 +1.3000e+01 +7.0000e+00 +1.1000e+01 +1.2000e+01
51 +1.533451347e+03 +1.533451347e+03 +1.520371347e+03 +1.520371347e+03 +2.0000e+00 +1.1000e+01 +0.0000e+00 +1.7000e+01 +7.0000e+00 +0.0000e+00 +0.0000e+00 +1.7000e+01 +0.0000e+00 +4.0000e+00 +2.0000e+00 +0.0000e+00 +1.4000e+01 +0.0000e+00 +1.8000e+01 +0.0000e+00 +1.0000e+01 +4.0000e+00 +8.0000e+00 +9.0000e+00
81 +8.933265466e+02 +8.933265466e+02 +8.802465466e+02 +8.802465466e+02 +8.0000e+00 +0.0000e+00 +0.0000e+00 +1.4000e+01 +4.0000e+00 +0.0000e+00 +0.0000e+00 +1.4000e+01 +0.0000e+00 +1.0000e+00 +0.0000e+00 +0.0000e+00 +1.1000e+01 +0.0000e+00 +1.5000e+01 +0.0000e+00 +7.0000e+00 +1.0000e+00 +5.0000e+00 +6.0000e+00
101 +6.095057466e+02 +6.095057466e+02 +5.964257466e+02 +5.964257466e+02 +2.0000e+00 +4.0000e+00 +0.0000e+00 +1.2000e+01 +2.0000e+00 +0.0000e+00 +0.0000e+00 +1.2000e+01 +0.0000e+00 +0.0000e+00 +0.0000e+00 +0.0000e+00 +9.0000e+00 +0.0000e+00 +1.3000e+01 +0.0000e+00 +5.0000e+00 +0.0000e+00 +3.0000e+00 +4.0000e+00
121 +3.907121466e+02 +3.907121466e+02 +3.776321466e+02 +3.776321466e+02 +2.0000e+00 +0.0000e+00 +0.0000e+00 +1.0000e+01 +0.0000e+00 +0.0000e+00 +0.0000e+00 +1.0000e+01 +0.0000e+00 +0.0000e+00 +0.0000e+00 +0.0000e+00 +7.0000e+00 +0.0000e+00 +1.1000e+01 +0.0000e+00 +3.0000e+00 +0.0000e+00 +1.0000e+00 +2.0000e+00
151 +2.170753466e+02 +2.170753466e+02 +2.039953466e+02 +2.039953466e+02 +0.0000e+00 +0.0000e+00 +0.0000e+00 +7.0000e+00 +0.0000e+00 +0.0000e+00 +0.0000e+00 +7.0000e+00 +0.0000e+00 +0.0000e+00 +0.0000e+00 +0.0000e+00 +4.0000e+00 +0.0000e+00 +8.0000e+00 +0.0000e+00 +0.0000e+00 +0.0000e+00 +0.0000e+00 +0.0000e+00
171 +1.459233466e+02 +1.459233466e+02 +1.328433466e+02 +1.328433466e+02 +0.0000e+00 +0.0000e+00 +0.0000e+00 +5.0000e+00 +0.0000e+00 +0.0000e+00 +0.0000e+00 +5.0000e+00 +0.0000e+00 +0.0000e+00 +0.0000e+00 +0.0000e+00 +2.0000e+00 +0.0000e+00 +6.0000e+00 +0.0000e+00 +0.0000e+00 +0.0000e+00 +0.0000e+00 +0.0000e+00
201 +9.418254656e+01 +9.418254656e+01 +8.110254656e+01 +8.110254656e+01 +0.0000e+00 +0.0000e+00 +0.0000e+00 +2.0000e+00 +0.0000e+00 +0.0000e+00 +0.0000e+00 +2.0000e+00 +0.0000e+00 +0.0000e+00 +0.0000e+00 +0.0000e+00 +0.0000e+00 +0.0000e+00 +3.0000e+00 +0.0000e+00 +0.0000e+00 +0.0000e+00 +0.0000e+00 +0.0000e+00
% function evaluation | noise-free fitness - Fopt (2.671600000000e+02) | best noise-free fitness - Fopt | measured fitness | best measured fitness | x1 | x2...
1 +7.815913784e+03 +7.815913784e+03 +8.083073784e+03 +8.083073784e+03 +1.9000e+01 +1.7000e+01 +0.0000e+00 +3.0000e+01 +3.0000e+01 +2.1000e+01 +1.3000e+01 +2.3000e+01 +2.1000e+01 +8.0000e+00 +7.0000e+00 +1.3000e+01 +2.1000e+01 +2.0000e+00 +2.9000e+01 +2.3000e+01 +2.0000e+01 +1.0000e+00 +2.1000e+01 +1.1000e+01
4 +6.068352184e+03 +6.068352184e+03 +6.335512184e+03 +6.335512184e+03 +5.0000e+00 +3.0000e+00 +2.0000e+01 +2.1000e+01 +2.6000e+01 +1.0000e+00 +1.0000e+01 +0.0000e+00 +1.4000e+01 +8.0000e+00 +1.8000e+01 +5.0000e+00 +4.0000e+00 +2.6000e+01 +2.2000e+01 +4.0000e+00 +2.3000e+01 +1.2000e+01 +2.4000e+01 +2.7000e+01
40 +3.858787384e+03 +3.858787384e+03 +4.125947384e+03 +4.125947384e+03 +9.0000e+00 +7.0000e+00 +1.7000e+01 +1.6000e+01 +1.0000e+01 +3.0000e+00 +0.0000e+00 +0.0000e+00 +0.0000e+00 +2.6000e+01 +6.0000e+00 +1.6000e+01 +7.0000e+00 +2.0000e+00 +8.0000e+00 +4.0000e+00 +1.8000e+01 +1.6000e+01 +1.9000e+01 +2.6000e+01
80 +2.363169784e+03 +2.363169784e+03 +2.630329784e+03 +2.630329784e+03 +1.0000e+00 +7.0000e+00 +1.3000e+01 +1.2000e+01 +6.0000e+00 +0.0000e+00 +0.0000e+00 +0.0000e+00 +0.0000e+00 +2.2000e+01 +2.0000e+00 +1.2000e+01 +3.0000e+00 +0.0000e+00 +4.0000e+00 +0.0000e+00 +1.4000e+01 +1.2000e+01 +1.5000e+01 +2.2000e+01
110 +1.546870584e+03 +1.546870584e+03 +1.814030584e+03 +1.814030584e+03 +0.0000e+00 +3.0000e+00 +1.0000e+01 +9.0000e+00 +3.0000e+00 +0.0000e+00 +0.0000e+00 +0.0000e+00 +0.0000e+00 +1.9000e+01 +0.0000e+00 +9.0000e+00 +0.0000e+00 +0.0000e+00 +1.0000e+00 +0.0000e+00 +1.1000e+01 +9.0000e+00 +1.2000e+01 +1.9000e+01
140 +9.828673843e+02 +9.828673843e+02 +1.250027384e+03 +1.250027384e+03 +0.0000e+00 +0.0000e+00 +7.0000e+00 +6.0000e+00 +0.0000e+00 +0.0000e+00 +0.0000e+00 +0.0000e+00 +0.0000e+00 +1.6000e+01 +0.0000e+00 +6.0000e+00 +0.0000e+00 +0.0000e+00 +0.0000e+00 +0.0000e+00 +8.0000e+00 +6.0000e+00 +9.0000e+00 +1.6000e+01
170 +5.893777843e+02 +5.893777843e+02 +8.565377843e+02 +8.565377843e+02 +0.0000e+00 +0.0000e+00 +4.0000e+00 +3.0000e+00 +0.0000e+00 +0.0000e+00 +0.0000e+00 +0.0000e+00 +0.0000e+00 +1.3000e+01 +0.0000e+00 +3.0000e+00 +0.0000e+00 +0.0000e+00 +0.0000e+00 +0.0000e+00 +5.0000e+00 +3.0000e+00 +6.0000e+00 +1.3000e+01
194 +3.734673843e+02 +3.734673843e+02 +6.406273843e+02 +6.406273843e+02 +0.0000e+00 +0.0000e+00 +1.0000e+00 +2.0000e+00 +7.0000e+00 +0.0000e+00 +0.0000e+00 +0.0000e+00 +0.0000e+00 +0.0000e+00 +0.0000e+00 +0.0000e+00 +0.0000e+00 +7.0000e+00 +3.0000e+00 +0.0000e+00 +4.0000e+00 +0.0000e+00 +5.0000e+00 +8.0000e+00
214 +2.247201843e+02 +2.247201843e+02 +4.918801843e+02 +4.918801843e+02 +0.0000e+00 +0.0000e+00 +0.0000e+00 +0.0000e+00 +5.0000e+00 +0.0000e+00 +0.0000e+00 +0.0000e+00 +0.0000e+00 +0.0000e+00 +0.0000e+00 +0.0000e+00 +0.0000e+00 +5.0000e+00 +1.0000e+00 +0.0000e+00 +2.0000e+00 +0.0000e+00 +3.0000e+00 +6.0000e+00
234 +1.482289843e+02 +1.482289843e+02 +4.153889843e+02 +4.153889843e+02 +0.0000e+00 +0.0000e+00 +0.0000e+00 +0.0000e+00 +3.0000e+00 +0.0000e+00 +0.0000e+00 +0.0000e+00 +0.0000e+00 +0.0000e+00 +0.0000e+00 +0.0000e+00 +0.0000e+00 +3.0000e+00 +0.0000e+00 +0.0000e+00 +0.0000e+00 +0.0000e+00 +1.0000e+00 +4.0000e+00
% function evaluation | noise-free fitness - Fopt (3.710000000000e+00) | best noise-free fitness - Fopt | measured fitness | best measured fitness | x1 | x2...
1 +7.920788509e+03 +7.920788509e+03 +7.924498509e+03 +7.924498509e+03 +2.4000e+01 +2.0000e+00 +1.7000e+01 +3.0000e+00 +2.3000e+01 +1.1000e+01 +2.0000e+00 +2.8000e+01 +2.1000e+01 +4.0000e+00 +9.0000e+00 +2.8000e+01 +1.8000e+01 +2.9000e+01 +2.3000e+01 +2.9000e+01 +2.8000e+01 +2.2000e+01 +2.0000e+00 +1.3000e+01
3 +5.073852509e+03 +5.073852509e+03 +5.077562509e+03 +5.077562509e+03 +2.7000e+01 +1.6000e+01 +4.0000e+00 +1.8000e+01 +5.0000e+00 +1.0000e+01 +2.3000e+01 +8.0000e+00 +1.2000e+01 +2.8000e+01 +7.0000e+00 +1.0000e+00 +2.0000e+00 +7.0000e+00 +8.0000e+00 +2.0000e+00 +1.4000e+01 +1.3000e+01 +2.5000e+01 +2.3000e+01
30 +3.727535709e+03 +3.727535709e+03 +3.731245709e+03 +3.731245709e+03 +1.7000e+01 +3.0000e+00 +0.0000e+00 +1.2000e+01 +2.0000e+00 +1.3000e+01 +0.0000e+00 +2.8000e+01 +8.0000e+00 +1.0000e+01 +5.0000e+00 +0.0000e+00 +1.6000e+01 +0.0000e+00 +1.2000e+01 +1.1000e+01 +1.6000e+01 +2.3000e+01 +3.0000e+00 +2.6000e+01
70 +2.286767709e+03 +2.286767709e+03 +2.290477709e+03 +2.290477709e+03 +6.0000e+00 +7.0000e+00 +0.0000e+00 +8.0000e+00 +0.0000e+00 +9.0000e+00 +0.0000e+00 +2.4000e+01 +4.0000e+00 +6.0000e+00 +1.0000e+00 +0.0000e+00 +1.2000e+01 +0.0000e+00 +8.0000e+00 +7.0000e+00 +1.2000e+01 +1.9000e+01 +0.0000e+00 +2.2000e+01
100 +1.501257309e+03 +1.501257309e+03 +1.504967309e+03 +1.504967309e+03 +3.0000e+00 +4.0000e+00 +0.0000e+00 +5.0000e+00 +0.0000e+00 +6.0000e+00 +0.0000e+00 +2.1000e+01 +1.0000e+00 +3.0000e+00 +0.0000e+00 +0.0000e+00 +9.0000e+00 +0.0000e+00 +5.0000e+00 +4.0000e+00 +9.0000e+00 +1.6000e+01 +0.0000e+00 +1.9000e+01
130 +9.419005094e+02 +9.419005094e+02 +9.456105094e+02 +9.456105094e+02 +0.0000e+00 +1.0000e+00 +0.0000e+00 +2.0000e+00 +0.0000e+00 +3.0000e+00 +0.0000e+00 +1.8000e+01 +0.0000e+00 +0.0000e+00 +0.0000e+00 +0.0000e+00 +6.0000e+00 +0.0000e+00 +2.0000e+00 +1.0000e+00 +6.0000e+00 +1.3000e+01 +0.0000e+00 +1.6000e+01
160 +5.847053094e+02 +5.847053094e+02 +5.884153094e+02 +5.884153094e+02 +0.0000e+00 +0.0000e+00 +0.0000e+00 +0.0000e+00 +0.0000e+00 +0.0000e+00 +0.0000e+00 +1.5000e+01 +0.0000e+00 +0.0000e+00 +0.0000e+00 +0.0000e+00 +3.0000e+00 +0.0000e+00 +0.0000e+00 +0.0000e+00 +3.0000e+00 +1.0000e+01 +0.0000e+00 +1.3000e+01
183 +3.951101094e+02 +3.951101094e+02 +3.988201094e+02 +3.988201094e+02 +8.0000e+00 +1.0000e+00 +0.0000e+00 +0.0000e+00 +0.0000e+00 +0.0000e+00 +5.0000e+00 +0.0000e+00 +0.0000e+00 +1.0000e+01 +0.0000e+00 +0.0000e+00 +0.0000e+00 +0.0000e+00 +0.0000e+00 +0.0000e+00 +0.0000e+00 +0.0000e+00 +7.0000e+00 +5.0000e+00
206 +2.381917094e+02 +2.381917094e+02 +2.419017094e+02 +2.419017094e+02 +2.0000e+00 +0.0000e+00 +0.0000e+00 +0.0000e+00 +9.0000e+00 +3.0000e+00 +4.0000e+00 +0.0000e+00 +0.0000e+00 +0.0000e+00 +0.0000e+00 +0.0000e+00 +0.0000e+00 +2.0000e+00 +0.0000e+00 +0.0000e+00 +0.0000e+00 +0.0000e+00 +0.0000e+00 +6.0000e+00
233 +1.540205094e+02 +1.540205094e+02 +1.577305094e+02 +1.577305094e+02 +0.0000e+00 +1.0000e+00 +0.0000e+00 +0.0000e+00 +0.0000e+00 +0.0000e+00 +0.0000e+00 +0.0000e+00 +0.0000e+00 +5.0000e+00 +0.0000e+00 +0.0000e+00 +0.0000e+00 +0.0000e+00 +0.0000e+00 +0.0000e+00 +0.0000e+00 +0.0000e+00 +2.0000e+00 +0.0000e+00
268 +9.861410944e+01 +9.861410944e+01 +1.023241094e+02 +1.023241094e+02 +0.0000e+00 +0.0000e+00 +0.0000e+00 +0.0000e+00 +0.0000e+00 +0.0000e+00 +0.0000e+00 +0.0000e+00 +0.0000e+00 +1.0000e+00 +0.0000e+00 +0.0000e+00 +0.0000e+00 +0.0000e+00 +0.0000e+00 +0.0000e+00 +0.0000e+00 +0.0000e+00 +0.0000e+00 +0.0000e+00
% function evaluation | noise-free fitness - Fopt (9.478000000000e+01) | best noise-free fitness - Fopt | measured fitness | best measured fitness | x1 | x2...
1 +6.990338233e+03 +6.990338233e+03 +7.085118233e+03 +7.085118233e+03 +1.0000e+00 +1.2000e+01 +3.0000e+00 +0.0000e+00 +2.2000e+01 +2.2000e+01 +3.0000e+00 +1.6000e+01 +1.4000e+01 +2.7000e+01 +1.4000e+01 +5.0000e+00 +3.0000e+01 +1.7000e+01 +2.8000e+01 +3.0000e+01 +2.0000e+01 +2.0000e+00 +3.0000e+01 +1.7000e+01
2 +5.878711033e+03 +5.878711033e+03 +5.973491033e+03 +5.973491033e+03 +1.1000e+01 +1.7000e+01 +1.4000e+01 +2.5000e+01 +3.0000e+00 +2.3000e+01 +7.0000e+00 +2.4000e+01 +2.8000e+01 +1.6000e+01 +2.0000e+01 +0.0000e+00 +1.3000e+01 +1.8000e+01 +2.5000e+01 +3.0000e+00 +1.3000e+01 +1.3000e+01 +0.0000e+00 +2.4000e+01
25 +3.924466233e+03 +3.924466233e+03 +4.019246233e+03 +4.019246233e+03 +5.0000e+00 +1.1000e+01 +1.0000e+01 +2.2000e+01 +7.0000e+00 +2.2000e+01 +7.0000e+00 +4.0000e+00 +1.5000e+01 +2.5000e+01 +0.0000e+00 +2.0000e+00 +1.4000e+01 +8.0000e+00 +2.4000e+01 +5.0000e+00 +8.0000e+00 +0.0000e+00 +1.2000e+01 +2.4000e+01
65 +2.420475833e+03 +2.420475833e+03 +2.515255833e+03 +2.515255833e+03 +8.0000e+00 +1.0000e+00 +6.0000e+00 +1.8000e+01 +3.0000e+00 +1.8000e+01 +3.0000e+00 +0.0000e+00 +1.1000e+01 +2.1000e+01 +0.0000e+00 +0.0000e+00 +1.0000e+01 +4.0000e+00 +2.0000e+01 +1.0000e+00 +4.0000e+00 +0.0000e+00 +8.0000e+00 +2.0000e+01
105 +1.468800633e+03 +1.468800633e+03 +1.563580633e+03 +1.563580633e+03 +4.0000e+00 +0.0000e+00 +2.0000e+00 +1.4000e+01 +0.0000e+00 +1.4000e+01 +0.0000e+00 +0.0000e+00 +7.0000e+00 +1.7000e+01 +0.0000e+00 +0.0000e+00 +6.0000e+00 +0.0000e+00 +1.6000e+01 +0.0000e+00 +0.0000e+00 +0.0000e+00 +4.0000e+00 +1.6000e+01
135 +9.763718330e+02 +9.763718330e+02 +1.071151833e+03 +1.071151833e+03 +1.0000e+00 +0.0000e+00 +0.0000e+00 +1.1000e+01 +0.0000e+00 +1.1000e+01 +0.0000e+00 +0.0000e+00 +4.0000e+00 +1.4000e+01 +0.0000e+00 +0.0000e+00 +3.0000e+00 +0.0000e+00 +1.3000e+01 +0.0000e+00 +0.0000e+00 +0.0000e+00 +1.0000e+00 +1.3000e+01
163 +6.273158330e+02 +6.273158330e+02 +7.220958330e+02 +7.220958330e+02 +2.0000e+00 +3.0000e+00 +0.0000e+00 +0.0000e+00 +0.0000e+00 +0.0000e+00 +0.0000e+00 +1.0000e+01 +1.0000e+01 +0.0000e+00 +7.0000e+00 +0.0000e+00 +0.0000e+00 +3.0000e+00 +1.4000e+01 +0.0000e+00 +0.0000e+00 +0.0000e+00 +1.2000e+01 +0.0000e+00
186 +3.975062330e+02 +3.975062330e+02 +4.922862330e+02 +4.922862330e+02 +0.0000e+00 +1.0000e+00 +1.2000e+01 +0.0000e+00 +0.0000e+00 +0.0000e+00 +0.0000e+00 +0.0000e+00 +0.0000e+00 +0.0000e+00 +7.0000e+00 +1.2000e+01 +0.0000e+00 +0.0000e+00 +0.0000e+00 +3.0000e+00 +0.0000e+00 +0.0000e+00 +2.0000e+00 +0.0000e+00
212 +2.123030330e+02 +2.123030330e+02 +3.070830330e+02 +3.070830330e+02 +0.0000e+00 +0.0000e+00 +0.0000e+00 +4.0000e+00 +0.0000e+00 +2.0000e+00 +0.0000e+00 +3.0000e+00 +7.0000e+00 +0.0000e+00 +0.0000e+00 +0.0000e+00 +0.0000e+00 +0.0000e+00 +4.0000e+00 +0.0000e+00 +0.0000e+00 +0.0000e+00 +0.0000e+00 +3.0000e+00
232 +1.365430330e+02 +1.365430330e+02 +2.313230330e+02 +2.313230330e+02 +0.0000e+00 +0.0000e+00 +0.0000e+00 +2.0000e+00 +0.0000e+00 +0.0000e+00 +0.0000e+00 +1.0000e+00 +5.0000e+00 +0.0000e+00 +0.0000e+00 +0.0000e+00 +0.0000e+00 +0.0000e+00 +2.0000e+00 +0.0000e+00 +0.0000e+00 +0.0000e+00 +0.0000e+00 +1.0000e+00
279 +9.912383296e+01 +9.912383296e+01 +1.939038330e+02 +1.939038330e+02 +0.0000e+00 +0.0000e+00 +0.0000e+00 +0.0000e+00 +0.0000e+00 +1.0000e+00 +2.0000e+00 +0.0000e+00 +3.0000e+00 +0.0000e+00 +0.0000e+00 +0.0000e+00 +1.0000e+00 +0.0000e+00 +0.0000e+00 +0.0000e+00 +0.0000e+00 +0.0000e+00 +0.0000e+00 +0.0000e+00
% function evaluation | noise-free fitness - Fopt (2.339200000000e+02) | best noise-free fitness - Fopt | measured fitness | best measured fitness | x1 | x2...
1 +5.495315020e+03 +5.495315020e+03 +5.729235020e+03 +5.729235020e+03 +2.9000e+01 +1.3000e+01 +0.0000e+00 +1.6000e+01 +1.4000e+01 +2.0000e+01 +1.0000e+01 +1.1000e+01 +1.2000e+01 +1.3000e+01 +1.6000e+01 +2.2000e+01 +1.1000e+01 +7.0000e+00 +2.8000e+01 +0.0000e+00 +2.7000e+01 +1.3000e+01 +1.6000e+01 +0.0000e+00
2 +3.563521420e+03 +3.563521420e+03 +3.797441420e+03 +3.797441420e+03 +1.5000e+01 +1.2000e+01 +1.0000e+00 +4.0000e+00 +2.0000e+01 +3.0000e+00 +1.9000e+01 +1.0000e+00 +7.0000e+00 +1.2000e+01 +0.0000e+00 +2.3000e+01 +2.4000e+01 +6.0000e+00 +1.7000e+01 +1.8000e+01 +1.1000e+01 +1.2000e+01 +0.0000e+00 +1.5000e+01
32 +2.438662220e+03 +2.438662220e+03 +2.672582220e+03 +2.672582220e+03 +1.3000e+01 +8.0000e+00 +0.0000e+00 +1.0000e+00 +1.7000e+01 +0.0000e+00 +1.6000e+01 +0.0000e+00 +4.0000e+00 +9.0000e+00 +0.0000e+00 +2.0000e+01 +2.1000e+01 +3.0000e+00 +1.4000e+01 +1.5000e+01 +8.0000e+00 +9.0000e+00 +0.0000e+00 +1.2000e+01
62 +1.553580620e+03 +1.553580620e+03 +1.787500620e+03 +1.787500620e+03 +9.0000e+00 +6.0000e+00 +0.0000e+00 +0.0000e+00 +1.4000e+01 +0.0000e+00 +1.3000e+01 +0.0000e+00 +1.0000e+00 +6.0000e+00 +0.0000e+00 +1.7000e+01 +1.8000e+01 +0.0000e+00 +1.1000e+01 +1.2000e+01 +5.0000e+00 +6.0000e+00 +0.0000e+00 +9.0000e+00
92 +9.730318195e+02 +9.730318195e+02 +1.206951820e+03 +1.206951820e+03 +8.0000e+00 +3.0000e+00 +0.0000e+00 +0.0000e+00 +1.1000e+01 +0.0000e+00 +1.0000e+01 +0.0000e+00 +0.0000e+00 +3.0000e+00 +0.0000e+00 +1.4000e+01 +1.5000e+01 +0.0000e+00 +8.0000e+00 +9.0000e+00 +2.0000e+00 +3.0000e+00 +0.0000e+00 +6.0000e+00
122 +5.369278195e+02 +5.369278195e+02 +7.708478195e+02 +7.708478195e+02 +4.0000e+00 +1.0000e+00 +0.0000e+00 +0.0000e+00 +8.0000e+00 +0.0000e+00 +7.0000e+00 +0.0000e+00 +0.0000e+00 +0.0000e+00 +0.0000e+00 +1.1000e+01 +1.2000e+01 +0.0000e+00 +5.0000e+00 +6.0000e+00 +0.0000e+00 +0.0000e+00 +0.0000e+00 +3.0000e+00
142 +3.508638195e+02 +3.508638195e+02 +5.847838195e+02 +5.847838195e+02 +2.0000e+00 +0.0000e+00 +0.0000e+00 +0.0000e+00 +6.0000e+00 +0.0000e+00 +5.0000e+00 +0.0000e+00 +0.0000e+00 +0.0000e+00 +0.0000e+00 +9.0000e+00 +1.0000e+01 +0.0000e+00 +3.0000e+00 +4.0000e+00 +0.0000e+00 +0.0000e+00 +0.0000e+00 +1.0000e+00
162 +2.252894195e+02 +2.252894195e+02 +4.592094195e+02 +4.592094195e+02 +0.0000e+00 +0.0000e+00 +0.0000e+00 +0.0000e+00 +4.0000e+00 +0.0000e+00 +3.0000e+00 +0.0000e+00 +0.0000e+00 +0.0000e+00 +0.0000e+00 +7.0000e+00 +8.0000e+00 +0.0000e+00 +1.0000e+00 +2.0000e+00 +0.0000e+00 +0.0000e+00 +0.0000e+00 +0.0000e+00
192 +1.354574195e+02 +1.354574195e+02 +3.693774195e+02 +3.693774195e+02 +0.0000e+00 +0.0000e+00 +0.0000e+00 +0.0000e+00 +1.0000e+00 +0.0000e+00 +0.0000e+00 +0.0000e+00 +0.0000e+00 +0.0000e+00 +0.0000e+00 +4.0000e+00 +5.0000e+00 +0.0000e+00 +0.0000e+00 +0.0000e+00 +0.0000e+00 +0.0000e+00 +0.0000e+00 +0.0000e+00
212 +9.839661952e+01 +9.839661952e+01 +3.323166195e+02 +3.323166195e+02 +0.0000e+00 +0.0000e+00 +0.0000e+00 +0.0000e+00 +0.0000e+00 +0.0000e+00 +0.0000e+00 +0.0000e+00 +0.0000e+00 +0.0000e+00 +0.0000e+00 +2.0000e+00 +3.0000e+00 +0.0000e+00 +0.0000e+00 +0.0000e+00 +0.0000e+00 +0.0000e+00 +0.0000e+00 +0.0000e+00
% function evaluation | noise-free fitness - Fopt (-6.092000000000e+01) | best noise-free fitness - Fopt | measured fitness | best measured fitness | x1 | x2...
1 +4.877762036e+03 +4.877762036e+03 +4.816842036e+03 +4.816842036e+03 +7.0000e+00 +1.0000e+01 +2.2000e+01 +9.0000e+00 +2.6000e+01 +1.9000e+01 +5.0000e+00 +2.0000e+01 +1.2000e+01 +1.1000e+01 +1.8000e+01 +2.6000e+01 +3.0000e+00 +7.0000e+00 +2.2000e+01 +6.0000e+00 +1.9000e+01 +2.2000e+01 +1.2000e+01 +3.0000e+00
16 +3.897574836e+03 +3.897574836e+03 +3.836654836e+03 +3.836654836e+03 +1.6000e+01 +2.5000e+01 +2.2000e+01 +0.0000e+00 +0.0000e+00 +3.0000e+00 +1.2000e+01 +2.0000e+00 +1.0000e+00 +1.1000e+01 +2.6000e+01 +2.9000e+01 +0.0000e+00 +1.4000e+01 +4.0000e+00 +1.0000e+00 +2.1000e+01 +2.0000e+01 +8.0000e+00 +2.0000e+00
56 +2.488770036e+03 +2.488770036e+03 +2.427850036e+03 +2.427850036e+03 +1.3000e+01 +2.0000e+01 +1.8000e+01 +0.0000e+00 +0.0000e+00 +0.0000e+00 +8.0000e+00 +0.0000e+00 +0.0000e+00 +7.0000e+00 +2.2000e+01 +2.5000e+01 +0.0000e+00 +1.0000e+01 +0.0000e+00 +0.0000e+00 +1.7000e+01 +1.6000e+01 +4.0000e+00 +0.0000e+00
88 +1.536258036e+03 +1.536258036e+03 +1.475338036e+03 +1.475338036e+03 +2.0000e+00 +1.9000e+01 +0.0000e+00 +0.0000e+00 +0.0000e+00 +2.0000e+00 +1.0000e+00 +0.0000e+00 +0.0000e+00 +1.7000e+01 +1.4000e+01 +8.0000e+00 +0.0000e+00 +7.0000e+00 +1.5000e+01 +1.3000e+01 +0.0000e+00 +0.0000e+00 +4.0000e+00 +0.0000e+00
121 +8.620548365e+02 +8.620548365e+02 +8.011348365e+02 +8.011348365e+02 +0.0000e+00 +1.0000e+00 +1.0000e+01 +0.0000e+00 +1.4000e+01 +7.0000e+00 +0.0000e+00 +8.0000e+00 +0.0000e+00 +0.0000e+00 +6.0000e+00 +1.4000e+01 +0.0000e+00 +0.0000e+00 +1.0000e+01 +0.0000e+00 +7.0000e+00 +1.0000e+01 +0.0000e+00 +0.0000e+00
141 +5.865076365e+02 +5.865076365e+02 +5.255876365e+02 +5.255876365e+02 +0.0000e+00 +0.0000e+00 +8.0000e+00 +0.0000e+00 +1.2000e+01 +5.0000e+00 +0.0000e+00 +6.0000e+00 +0.0000e+00 +0.0000e+00 +4.0000e+00 +1.2000e+01 +0.0000e+00 +0.0000e+00 +8.0000e+00 +0.0000e+00 +5.0000e+00 +8.0000e+00 +0.0000e+00 +0.0000e+00
161 +3.787540365e+02 +3.787540365e+02 +3.178340365e+02 +3.178340365e+02 +0.0000e+00 +0.0000e+00 +6.0000e+00 +0.0000e+00 +1.0000e+01 +3.0000e+00 +0.0000e+00 +4.0000e+00 +0.0000e+00 +0.0000e+00 +2.0000e+00 +1.0000e+01 +0.0000e+00 +0.0000e+00 +6.0000e+00 +0.0000e+00 +3.0000e+00 +6.0000e+00 +0.0000e+00 +0.0000e+00
181 +2.430004365e+02 +2.430004365e+02 +1.820804365e+02 +1.820804365e+02 +0.0000e+00 +0.0000e+00 +4.0000e+00 +0.0000e+00 +8.0000e+00 +1.0000e+00 +0.0000e+00 +2.0000e+00 +0.0000e+00 +0.0000e+00 +0.0000e+00 +8.0000e+00 +0.0000e+00 +0.0000e+00 +4.0000e+00 +0.0000e+00 +1.0000e+00 +4.0000e+00 +0.0000e+00 +0.0000e+00
211 +1.536340365e+02 +1.536340365e+02 +9.271403648e+01 +9.271403648e+01 +0.0000e+00 +0.0000e+00 +1.0000e+00 +0.0000e+00 +5.0000e+00 +0.0000e+00 +0.0000e+00 +0.0000e+00 +0.0000e+00 +0.0000e+00 +0.0000e+00 +5.0000e+00 +0.0000e+00 +0.0000e+00 +1.0000e+00 +0.0000e+00 +0.0000e+00 +1.0000e+00 +0.0000e+00 +0.0000e+00
276 +9.925643648e+01 +9.925643648e+01 +3.833643648e+01 +3.833643648e+01 +0.0000e+00 +0.0000e+00 +0.0000e+00 +0.0000e+00 +0.0000e+00 +0.0000e+00 +0.0000e+00 +0.0000e+00 +0.0000e+00 +0.0000e+00 +0.0000e+00 +3.0000e+00 +0.0000e+00 +0.0000e+00 +0.0000e+00 +0.0000e+00 +0.0000e+00 +0.0000e+00 +0.0000e+00 +0.0000e+00
% function evaluation | noise-free fitness - Fopt (-1.948000000000e+01) | best noise-free fitness - Fopt | measured fitness | best measured fitness | x1 | x2...
1 +5.247464972e+03 +5.247464972e+03 +5.227984972e+03 +5.227984972e+03 +2.1000e+01 +9.0000e+00 +1.4000e+01 +2.6000e+01 +2.5000e+01 +4.0000e+00 +1.8000e+01 +2.5000e+01 +1.4000e+01 +1.0000e+01 +2.4000e+01 +1.0000e+00 +3.0000e+00 +1.8000e+01 +3.0000e+00 +1.1000e+01 +2.8000e+01 +2.0000e+00 +1.0000e+00 +6.0000e+00
4 +3.823493772e+03 +3.823493772e+03 +3.804013772e+03 +3.804013772e+03 +2.0000e+00 +1.0000e+01 +2.6000e+01 +1.0000e+00 +1.0000e+00 +1.3000e+01 +4.0000e+00 +1.2000e+01 +2.0000e+00 +8.0000e+00 +1.1000e+01 +1.0000e+00 +1.6000e+01 +2.1000e+01 +1.0000e+01 +1.4000e+01 +2.4000e+01 +1.8000e+01 +4.0000e+00 +2.8000e+01
44 +2.377309772e+03 +2.377309772e+03 +2.357829772e+03 +2.357829772e+03 +6.0000e+00 +0.0000e+00 +2.2000e+01 +0.0000e+00 +0.0000e+00 +9.0000e+00 +0.0000e+00 +8.0000e+00 +0.0000e+00 +4.0000e+00 +7.0000e+00 +0.0000e+00 +1.2000e+01 +1.7000e+01 +6.0000e+00 +1.0000e+01 +2.0000e+01 +1.4000e+01 +0.0000e+00 +2.4000e+01
74 +1.556919372e+03 +1.556919372e+03 +1.537439372e+03 +1.537439372e+03 +2.0000e+00 +0.0000e+00 +1.9000e+01 +0.0000e+00 +0.0000e+00 +6.0000e+00 +0.0000e+00 +5.0000e+00 +0.0000e+00 +1.0000e+00 +4.0000e+00 +0.0000e+00 +9.0000e+00 +1.4000e+01 +3.0000e+00 +7.0000e+00 +1.7000e+01 +1.1000e+01 +0.0000e+00 +2.1000e+01
104 +9.734697722e+02 +9.734697722e+02 +9.539897722e+02 +9.539897722e+02 +0.0000e+00 +0.0000e+00 +1.6000e+01 +0.0000e+00 +0.0000e+00 +3.0000e+00 +0.0000e+00 +2.0000e+00 +0.0000e+00 +0.0000e+00 +1.0000e+00 +0.0000e+00 +6.0000e+00 +1.1000e+01 +0.0000e+00 +4.0000e+00 +1.4000e+01 +8.0000e+00 +0.0000e+00 +1.8000e+01
134 +5.939001722e+02 +5.939001722e+02 +5.744201722e+02 +5.744201722e+02 +0.0000e+00 +0.0000e+00 +1.3000e+01 +0.0000e+00 +0.0000e+00 +0.0000e+00 +0.0000e+00 +0.0000e+00 +0.0000e+00 +0.0000e+00 +0.0000e+00 +0.0000e+00 +3.0000e+00 +8.0000e+00 +0.0000e+00 +1.0000e+00 +1.1000e+01 +5.0000e+00 +0.0000e+00 +1.5000e+01
164 +3.772681722e+02 +3.772681722e+02 +3.577881722e+02 +3.577881722e+02 +0.0000e+00 +0.0000e+00 +1.0000e+01 +0.0000e+00 +0.0000e+00 +0.0000e+00 +0.0000e+00 +0.0000e+00 +0.0000e+00 +0.0000e+00 +0.0000e+00 +0.0000e+00 +0.0000e+00 +5.0000e+00 +0.0000e+00 +0.0000e+00 +8.0000e+00 +2.0000e+00 +0.0000e+00 +1.2000e+01
194 +2.341257722e+02 +2.341257722e+02 +2.146457722e+02 +2.146457722e+02 +0.0000e+00 +0.0000e+00 +7.0000e+00 +0.0000e+00 +0.0000e+00 +0.0000e+00 +0.0000e+00 +0.0000e+00 +0.0000e+00 +0.0000e+00 +0.0000e+00 +0.0000e+00 +0.0000e+00 +2.0000e+00 +0.0000e+00 +0.0000e+00 +5.0000e+00 +0.0000e+00 +0.0000e+00 +9.0000e+00
216 +1.471945722e+02 +1.471945722e+02 +1.277145722e+02 +1.277145722e+02 +0.0000e+00 +0.0000e+00 +0.0000e+00 +3.0000e+00 +2.0000e+00 +0.0000e+00 +0.0000e+00 +0.0000e+00 +0.0000e+00 +3.0000e+00 +0.0000e+00 +0.0000e+00 +4.0000e+00 +7.0000e+00 +0.0000e+00 +7.0000e+00 +0.0000e+00 +0.0000e+00 +0.0000e+00 +0.0000e+00
272 +9.999617216e+01 +9.999617216e+01 +8.051617216e+01 +8.051617216e+01 +0.0000e+00 +0.0000e+00 +0.0000e+00 +0.0000e+00 +0.0000e+00 +0.0000e+00 +0.0000e+00 +0.0000e+00 +1.0000e+00 +1.0000e+00 +0.0000e+00 +0.0000e+00 +0.0000e+00 +0.0000e+00 +2.0000e+00 +0.0000e+00 +0.0000e+00 +0.0000e+00 +0.0000e+00 +0.0000e+00
% function evaluation | noise-free fitness - Fopt (1.344700000000e+02) | best noise-free fitness - Fopt | measured fitness | best measured fitness | x1 | x2...
1 +6.510375066e+03 +6.510375066e+03 +6.644845066e+03 +6.644845066e+03 +2.1000e+01 +2.0000e+01 +2.8000e+01 +1.2000e+01 +1.7000e+01 +1.8000e+01 +1.0000e+00 +1.6000e+01 +6.0000e+00 +5.0000e+00 +2.0000e+00 +2.7000e+01 +8.0000e+00 +1.8000e+01 +2.5000e+01 +1.4000e+01 +3.0000e+01 +8.0000e+00 +7.0000e+00 +7.0000e+00
3 +3.435005466e+03 +3.435005466e+03 +3.569475466e+03 +3.569475466e+03 +3.0000e+00 +2.4000e+01 +2.3000e+01 +4.0000e+00 +1.0000e+00 +2.0000e+00 +0.0000e+00 +2.0000e+01 +2.6000e+01 +5.0000e+00 +7.0000e+00 +6.0000e+00 +1.0000e+01 +1.0000e+01 +1.0000e+01 +1.4000e+01 +1.1000e+01 +0.0000e+00 +3.0000e+00 +1.0000e+01
33 +2.321261466e+03 +2.321261466e+03 +2.455731466e+03 +2.455731466e+03 +1.0000e+00 +2.0000e+01 +2.0000e+01 +1.0000e+00 +0.0000e+00 +0.0000e+00 +0.0000e+00 +1.7000e+01 +2.3000e+01 +2.0000e+00 +4.0000e+00 +3.0000e+00 +7.0000e+00 +7.0000e+00 +7.0000e+00 +1.1000e+01 +8.0000e+00 +0.0000e+00 +0.0000e+00 +7.0000e+00
73 +1.422288666e+03 +1.422288666e+03 +1.556758666e+03 +1.556758666e+03 +1.2000e+01 +1.0000e+00 +1.6000e+01 +0.0000e+00 +0.0000e+00 +0.0000e+00 +0.0000e+00 +1.3000e+01 +1.9000e+01 +0.0000e+00 +0.0000e+00 +0.0000e+00 +3.0000e+00 +3.0000e+00 +3.0000e+00 +7.0000e+00 +4.0000e+00 +0.0000e+00 +0.0000e+00 +3.0000e+00
93 +9.734950662e+02 +9.734950662e+02 +1.107965066e+03 +1.107965066e+03 +6.0000e+00 +3.0000e+00 +1.4000e+01 +0.0000e+00 +0.0000e+00 +0.0000e+00 +0.0000e+00 +1.1000e+01 +1.7000e+01 +0.0000e+00 +0.0000e+00 +0.0000e+00 +1.0000e+00 +1.0000e+00 +1.0000e+00 +5.0000e+00 +2.0000e+00 +0.0000e+00 +0.0000e+00 +1.0000e+00
133 +5.195766662e+02 +5.195766662e+02 +6.540466662e+02 +6.540466662e+02 +0.0000e+00 +2.0000e+00 +1.0000e+01 +0.0000e+00 +0.0000e+00 +0.0000e+00 +0.0000e+00 +7.0000e+00 +1.3000e+01 +0.0000e+00 +0.0000e+00 +0.0000e+00 +0.0000e+00 +0.0000e+00 +0.0000e+00 +1.0000e+00 +0.0000e+00 +0.0000e+00 +0.0000e+00 +0.0000e+00
163 +3.477606662e+02 +3.477606662e+02 +4.822306662e+02 +4.822306662e+02 +0.0000e+00 +0.0000e+00 +7.0000e+00 +0.0000e+00 +0.0000e+00 +0.0000e+00 +0.0000e+00 +4.0000e+00 +1.0000e+01 +0.0000e+00 +0.0000e+00 +0.0000e+00 +0.0000e+00 +0.0000e+00 +0.0000e+00 +0.0000e+00 +0.0000e+00 +0.0000e+00 +0.0000e+00 +0.0000e+00
193 +2.252982662e+02 +2.252982662e+02 +3.597682662e+02 +3.597682662e+02 +0.0000e+00 +0.0000e+00 +4.0000e+00 +0.0000e+00 +0.0000e+00 +0.0000e+00 +0.0000e+00 +1.0000e+00 +7.0000e+00 +0.0000e+00 +0.0000e+00 +0.0000e+00 +0.0000e+00 +0.0000e+00 +0.0000e+00 +0.0000e+00 +0.0000e+00 +0.0000e+00 +0.0000e+00 +0.0000e+00
223 +1.570374662e+02 +1.570374662e+02 +2.915074662e+02 +2.915074662e+02 +0.0000e+00 +0.0000e+00 +1.0000e+00 +0.0000e+00 +0.0000e+00 +0.0000e+00 +0.0000e+00 +0.0000e+00 +4.0000e+00 +0.0000e+00 +0.0000e+00 +0.0000e+00 +0.0000e+00 +0.0000e+00 +0.0000e+00 +0.0000e+00 +0.0000e+00 +0.0000e+00 +0.0000e+00 +0.0000e+00
% function evaluation | noise-free fitness - Fopt (4.453500000000e+02) | best noise-free fitness - Fopt | measured fitness | best measured fitness | x1 | x2...
1 +4.670708345e+03 +4.670708345e+03 +5.116058345e+03 +5.116058345e+03 +1.8000e+01 +1.1000e+01 +1.2000e+01 +1.9000e+01 +1.1000e+01 +2.0000e+00 +4.0000e+00 +0.0000e+00 +1.8000e+01 +1.6000e+01 +1.5000e+01 +6.0000e+00 +6.0000e+00 +2.6000e+01 +1.8000e+01 +2.8000e+01 +2.0000e+01 +4.0000e+00 +1.8000e+01 +8.0000e+00
15 +3.954497145e+03 +3.954497145e+03 +4.399847145e+03 +4.399847145e+03 +3.0000e+00 +2.0000e+00 +5.0000e+00 +1.5000e+01 +2.2000e+01 +1.2000e+01 +2.2000e+01 +1.6000e+01 +7.0000e+00 +1.0000e+01 +3.0000e+00 +1.9000e+01 +1.5000e+01 +4.0000e+00 +2.7000e+01 +2.8000e+01 +0.0000e+00 +2.0000e+00 +0.0000e+00 +1.1000e+01
55 +2.500241145e+03 +2.500241145e+03 +2.945591145e+03 +2.945591145e+03 +0.0000e+00 +0.0000e+00 +1.0000e+00 +1.1000e+01 +1.8000e+01 +8.0000e+00 +1.8000e+01 +1.2000e+01 +3.0000e+00 +6.0000e+00 +0.0000e+00 +1.5000e+01 +1.1000e+01 +0.0000e+00 +2.3000e+01 +2.4000e+01 +0.0000e+00 +0.0000e+00 +0.0000e+00 +7.0000e+00
91 +1.474217145e+03 +1.474217145e+03 +1.919567145e+03 +1.919567145e+03 +6.0000e+00 +5.0000e+00 +3.0000e+00 +1.0000e+01 +2.0000e+00 +0.0000e+00 +0.0000e+00 +0.0000e+00 +9.0000e+00 +7.0000e+00 +6.0000e+00 +0.0000e+00 +0.0000e+00 +1.7000e+01 +9.0000e+00 +1.9000e+01 +1.1000e+01 +0.0000e+00 +9.0000e+00 +0.0000e+00
112 +9.748107450e+02 +9.748107450e+02 +1.420160745e+03 +1.420160745e+03 +1.0000e+00 +0.0000e+00 +8.0000e+00 +3.0000e+00 +0.0000e+00 +1.7000e+01 +0.0000e+00 +8.0000e+00 +0.0000e+00 +1.1000e+01 +3.0000e+00 +6.0000e+00 +0.0000e+00 +7.0000e+00 +1.6000e+01 +0.0000e+00 +0.0000e+00 +1.0000e+00 +0.0000e+00 +1.3000e+01
142 +5.606907450e+02 +5.606907450e+02 +1.006040745e+03 +1.006040745e+03 +0.0000e+00 +0.0000e+00 +5.0000e+00 +0.0000e+00 +0.0000e+00 +1.4000e+01 +0.0000e+00 +5.0000e+00 +0.0000e+00 +8.0000e+00 +0.0000e+00 +3.0000e+00 +0.0000e+00 +4.0000e+00 +1.3000e+01 +0.0000e+00 +0.0000e+00 +0.0000e+00 +0.0000e+00 +1.0000e+01
162 +3.738459450e+02 +3.738459450e+02 +8.191959450e+02 +8.191959450e+02 +0.0000e+00 +0.0000e+00 +3.0000e+00 +0.0000e+00 +0.0000e+00 +1.2000e+01 +0.0000e+00 +3.0000e+00 +0.0000e+00 +6.0000e+00 +0.0000e+00 +1.0000e+00 +0.0000e+00 +2.0000e+00 +1.1000e+01 +0.0000e+00 +0.0000e+00 +0.0000e+00 +0.0000e+00 +8.0000e+00
182 +2.440667450e+02 +2.440667450e+02 +6.894167450e+02 +6.894167450e+02 +0.0000e+00 +0.0000e+00 +1.0000e+00 +0.0000e+00 +0.0000e+00 +1.0000e+01 +0.0000e+00 +1.0000e+00 +0.0000e+00 +4.0000e+00 +0.0000e+00 +0.0000e+00 +0.0000e+00 +0.0000e+00 +9.0000e+00 +0.0000e+00 +0.0000e+00 +0.0000e+00 +0.0000e+00 +6.0000e+00
212 +1.415291450e+02 +1.415291450e+02 +5.868791450e+02 +5.868791450e+02 +0.0000e+00 +0.0000e+00 +0.0000e+00 +0.0000e+00 +0.0000e+00 +7.0000e+00 +0.0000e+00 +0.0000e+00 +0.0000e+00 +1.0000e+00 +0.0000e+00 +0.0000e+00 +0.0000e+00 +0.0000e+00 +6.0000e+00 +0.0000e+00 +0.0000e+00 +0.0000e+00 +0.0000e+00 +3.0000e+00
