% function evaluation | noise-free fitness - Fopt (7.948000000000e+01) | best noise-free fitness - Fopt | measured fitness | best measured fitness | x1 | x2...
1 +4.057625270e+03 +4.057625270e+03 +4.137105270e+03 +4.137105270e+03 +1.9000e+01 +2.5000e+01 +6.0000e+00 +3.0000e+00 +2.9000e+01 +1.5000e+01 +0.0000e+00 +1.9000e+01 +1.6000e+01 +3.0000e+01
2 +2.129908470e+03 +2.129908470e+03 +2.209388470e+03 +2.209388470e+03 +2.6000e+01 +1.3000e+01 +8.0000e+00 +1.4000e+01 +1.0000e+00 +9.0000e+00 +1.9000e+01 +8.0000e+00 +5.0000e+00 +1.9000e+01
8 +1.454858870e+03 +1.454858870e+03 +1.534338870e+03 +1.534338870e+03 +2.3000e+01 +1.0000e+01 +5.0000e+00 +1.1000e+01 +0.0000e+00 +6.0000e+00 +1.6000e+01 +5.0000e+00 +2.0000e+00 +1.6000e+01
14 +9.504460698e+02 +9.504460698e+02 +1.029926070e+03 +1.029926070e+03 +2.0000e+01 +7.0000e+00 +2.0000e+00 +8.0000e+00 +0.0000e+00 +3.0000e+00 +1.3000e+01 +2.0000e+00 +0.0000e+00 +1.3000e+01
20 +5.997916698e+02 +5.997916698e+02 +6.792716698e+02 +6.792716698e+02 +1.7000e+01 +4.0000e+00 +0.0000e+00 +5.0000e+00 +0.0000e+00 +0.0000e+00 +1.0000e+01 +0.0000e+00 +0.0000e+00 +1.0000e+01
26 +3.559180698e+02 +3.559180698e+02 +4.353980698e+02 +4.353980698e+02 +1.4000e+01 +1.0000e+00 +0.0000e+00 +2.0000e+00 +0.0000e+00 +0.0000e+00 +7.0000e+00 +0.0000e+00 +0.0000e+00 +7.0000e+00
30 +2.446492698e+02 +2.446492698e+02 +3.241292698e+02 +3.241292698e+02 +1.2000e+01 +0.0000e+00 +0.0000e+00 +0.0000e+00 +0.0000e+00 +0.0000e+00 +5.0000e+00 +0.0000e+00 +0.0000e+00 +5.0000e+00
34 +1.569884698e+02 +1.569884698e+02 +2.364684698e+02 +2.364684698e+02 +1.0000e+01 +0.0000e+00 +0.0000e+00 +0.0000e+00 +0.0000e+00 +0.0000e+00 +3.0000e+00 +0.0000e+00 +0.0000e+00 +3.0000e+00
38 +9.332766976e+01 +9.332766976e+01 +1.728076698e+02 +1.728076698e+02 +8.0000e+00 +0.0000e+00 +0.0000e+00 +0.0000e+00 +0.0000e+00 +0.0000e+00 +1.0000e+00 +0.0000e+00 +0.0000e+00 +1.0000e+00
42 +5.800286976e+01 +5.800286976e+01 +1.374828698e+02 +1.374828698e+02 +6.0000e+00 +0.0000e+00 +0.0000e+00 +0.0000e+00 +0.0000e+00 +0.0000e+00 +0.0000e+00 +0.0000e+00 +0.0000e+00 +0.0000e+00
46 +3.901406976e+01 +3.901406976e+01 +1.184940698e+02 +1.184940698e+02 +4.0000e+00 +0.0000e+00 +0.0000e+00 +0.0000e+00 +0.0000e+00 +0.0000e+00 +0.0000e+00 +0.0000e+00 +0.0000e+00 +0.0000e+00
54 +2.503646976e+01 +2.503646976e+01 +1.045164698e+02 +1.045164698e+02 +0.0000e+00 +0.0000e+00 +0.0000e+00 +0.0000e+00 +0.0000e+00 +0.0000e+00 +0.0000e+00 +0.0000e+00 +0.0000e+00 +0.0000e+00
% function evaluation | noise-free fitness - Fopt (3.944800000000e+02) | best noise-free fitness - Fopt | measured fitness | best measured fitness | x1 | x2...
1 +2.730430575e+03 +2.730430575e+03 +3.124910575e+03 +3.124910575e+03 +1.0000e+00 +5.0000e+00 +2.0000e+00 +1.7000e+01 +1.1000e+01 +1.9000e+01 +2.4000e+01 +6.0000e+00 +1.5000e+01 +3.0000e+01
3 +2.459422575e+03 +2.459422575e+03 +2.853902575e+03 +2.853902575e+03 +0.0000e+00 +4.0000e+00 +1.0000e+00 +1.6000e+01 +1.0000e+01 +1.8000e+01 +2.3000e+01 +5.0000e+00 +1.4000e+01 +2.9000e+01
13 +1.437566575e+03 +1.437566575e+03 +1.832046575e+03 +1.832046575e+03 +0.0000e+00 +0.0000e+00 +0.0000e+00 +1.1000e+01 +5.0000e+00 +1.3000e+01 +1.8000e+01 +0.0000e+00 +9.0000e+00 +2.4000e+01
21 +8.990641754e+02 +8.990641754e+02 +1.293544175e+03 +1.293544175e+03 +0.0000e+00 +0.0000e+00 +0.0000e+00 +7.0000e+00 +1.0000e+00 +9.0000e+00 +1.4000e+01 +0.0000e+00 +5.0000e+00 +2.0000e+01
27 +6.137505754e+02 +6.137505754e+02 +1.008230575e+03 +1.008230575e+03 +0.0000e+00 +0.0000e+00 +0.0000e+00 +4.0000e+00 +0.0000e+00 +6.0000e+00 +1.1000e+01 +0.0000e+00 +2.0000e+00 +1.7000e+01
34 +3.903025754e+02 +3.903025754e+02 +7.847825754e+02 +7.847825754e+02 +5.0000e+00 +0.0000e+00 +7.0000e+00 +0.0000e+00 +9.0000e+00 +0.0000e+00 +3.0000e+00 +0.0000e+00 +0.0000e+00 +6.0000e+00
40 +2.125105754e+02 +2.125105754e+02 +6.069905754e+02 +6.069905754e+02 +2.0000e+00 +0.0000e+00 +4.0000e+00 +0.0000e+00 +6.0000e+00 +0.0000e+00 +0.0000e+00 +0.0000e+00 +0.0000e+00 +3.0000e+00
44 +1.262033754e+02 +1.262033754e+02 +5.206833754e+02 +5.206833754e+02 +0.0000e+00 +0.0000e+00 +2.0000e+00 +0.0000e+00 +4.0000e+00 +0.0000e+00 +0.0000e+00 +0.0000e+00 +0.0000e+00 +1.0000e+00
48 +8.996017536e+01 +8.996017536e+01 +4.844401754e+02 +4.844401754e+02 +0.0000e+00 +0.0000e+00 +0.0000e+00 +0.0000e+00 +2.0000e+00 +0.0000e+00 +0.0000e+00 +0.0000e+00 +0.0000e+00 +0.0000e+00
% function evaluation | noise-free fitness - Fopt (-2.471100000000e+02) | best noise-free fitness - Fopt | measured fitness | best measured fitness | x1 | x2...
1 +4.434578918e+03 +4.434578918e+03 +4.187468918e+03 +4.187468918e+03 +8.0000e+00 +2.6000e+01 +2.3000e+01 +2.5000e+01 +3.0000e+00 +2.3000e+01 +1.4000e+01 +3.0000e+01 +2.2000e+01 +8.0000e+00
2 +3.712180518e+03 +3.712180518e+03 +3.465070518e+03 +3.465070518e+03 +2.9000e+01 +2.9000e+01 +3.0000e+00 +0.0000e+00 +0.0000e+00 +1.9000e+01 +1.0000e+00 +1.5000e+01 +2.1000e+01 +2.9000e+01
12 +2.410041318e+03 +2.410041318e+03 +2.162931318e+03 +2.162931318e+03 +2.4000e+01 +2.4000e+01 +0.0000e+00 +0.0000e+00 +0.0000e+00 +1.4000e+01 +0.0000e+00 +1.0000e+01 +1.6000e+01 +2.4000e+01
22 +1.415609318e+03 +1.415609318e+03 +1.168499318e+03 +1.168499318e+03 +1.9000e+01 +1.9000e+01 +0.0000e+00 +0.0000e+00 +0.0000e+00 +9.0000e+00 +0.0000e+00 +5.0000e+00 +1.1000e+01 +1.9000e+01
28 +9.629501178e+02 +9.629501178e+02 +7.158401178e+02 +7.158401178e+02 +1.6000e+01 +1.6000e+01 +0.0000e+00 +0.0000e+00 +0.0000e+00 +6.0000e+00 +0.0000e+00 +2.0000e+00 +8.0000e+00 +1.6000e+01
34 +6.251229178e+02 +6.251229178e+02 +3.780129178e+02 +3.780129178e+02 +1.3000e+01 +1.3000e+01 +0.0000e+00 +0.0000e+00 +0.0000e+00 +3.0000e+00 +0.0000e+00 +0.0000e+00 +5.0000e+00 +1.3000e+01
40 +3.969597178e+02 +3.969597178e+02 +1.498497178e+02 +1.498497178e+02 +1.0000e+01 +1.0000e+01 +0.0000e+00 +0.0000e+00 +0.0000e+00 +0.0000e+00 +0.0000e+00 +0.0000e+00 +2.0000e+00 +1.0000e+01
45 +2.481453178e+02 +2.481453178e+02 +1.035317760e+00 +1.035317760e+00 +0.0000e+00 +4.0000e+00 +1.0000e+00 +3.0000e+00 +0.0000e+00 +1.0000e+00 +0.0000e+00 +8.0000e+00 +0.0000e+00 +0.0000e+00
51 +1.419725178e+02 +1.419725178e+02 -1.051374822e+02 -1.051374822e+02 +0.0000e+00 +1.0000e+00 +0.0000e+00 +0.0000e+00 +0.0000e+00 +0.0000e+00 +0.0000e+00 +5.0000e+00 +0.0000e+00 +0.0000e+00
56 +9.231011776e+01 +9.231011776e+01 -1.547998822e+02 -1.547998822e+02 +2.0000e+00 +2.0000e+00 +0.0000e+00 +0.0000e+00 +0.0000e+00 +0.0000e+00 +0.0000e+00 +0.0000e+00 +0.0000e+00 +2.0000e+00
% function evaluation | noise-free fitness - Fopt (-1.520400000000e+02) | best noise-free fitness - Fopt | measured fitness | best measured fitness | x1 | x2...
1 +2.707143142e+03 +2.707143142e+03 +2.555103142e+03 +2.555103142e+03 +1.8000e+01 +2.5000e+01 +1.0000e+00 +1.5000e+01 +2.6000e+01 +1.6000e+01 +0.0000e+00 +2.8000e+01 +5.0000e+00 +7.0000e+00
3 +2.448899942e+03 +2.448899942e+03 +2.296859942e+03 +2.296859942e+03 +1.7000e+01 +2.4000e+01 +0.0000e+00 +1.4000e+01 +2.5000e+01 +1.5000e+01 +0.0000e+00 +2.7000e+01 +4.0000e+00 +6.0000e+00
13 +1.437931942e+03 +1.437931942e+03 +1.285891942e+03 +1.285891942e+03 +1.2000e+01 +1.9000e+01 +0.0000e+00 +9.0000e+00 +2.0000e+01 +1.0000e+01 +0.0000e+00 +2.2000e+01 +0.0000e+00 +1.0000e+00
19 +9.838279418e+02 +9.838279418e+02 +8.317879418e+02 +8.317879418e+02 +9.0000e+00 +1.6000e+01 +0.0000e+00 +6.0000e+00 +1.7000e+01 +7.0000e+00 +0.0000e+00 +1.9000e+01 +0.0000e+00 +0.0000e+00
27 +5.384071418e+02 +5.384071418e+02 +3.863671418e+02 +3.863671418e+02 +5.0000e+00 +1.2000e+01 +0.0000e+00 +2.0000e+00 +1.3000e+01 +3.0000e+00 +0.0000e+00 +1.5000e+01 +0.0000e+00 +0.0000e+00
31 +3.876967418e+02 +3.876967418e+02 +2.356567418e+02 +2.356567418e+02 +3.0000e+00 +1.0000e+01 +0.0000e+00 +0.0000e+00 +1.1000e+01 +1.0000e+00 +0.0000e+00 +1.3000e+01 +0.0000e+00 +0.0000e+00
37 +2.182487418e+02 +2.182487418e+02 +6.620874176e+01 +6.620874176e+01 +0.0000e+00 +7.0000e+00 +0.0000e+00 +0.0000e+00 +8.0000e+00 +0.0000e+00 +0.0000e+00 +1.0000e+01 +0.0000e+00 +0.0000e+00
41 +1.428183418e+02 +1.428183418e+02 -9.221658240e+00 -9.221658240e+00 +0.0000e+00 +5.0000e+00 +0.0000e+00 +0.0000e+00 +6.0000e+00 +0.0000e+00 +0.0000e+00 +8.0000e+00 +0.0000e+00 +0.0000e+00
45 +9.138794176e+01 +9.138794176e+01 -6.065205824e+01 -6.065205824e+01 +0.0000e+00 +3.0000e+00 +0.0000e+00 +0.0000e+00 +4.0000e+00 +0.0000e+00 +0.0000e+00 +6.0000e+00 +0.0000e+00 +0.0000e+00
51 +5.924234176e+01 +5.924234176e+01 -9.279765824e+01 -9.279765824e+01 +0.0000e+00 +0.0000e+00 +0.0000e+00 +0.0000e+00 +1.0000e+00 +0.0000e+00 +0.0000e+00 +3.0000e+00 +0.0000e+00 +0.0000e+00
% function evaluation | noise-free fitness - Fopt (-2.525000000000e+01) | best noise-free fitness - Fopt | measured fitness | best measured fitness | x1 | x2...
1 +2.777383743e+03 +2.777383743e+03 +2.752133743e+03 +2.752133743e+03 +2.7000e+01 +2.1000e+01 +1.3000e+01 +2.4000e+01 +5.0000e+00 +6.0000e+00 +1.4000e+01 +1.5000e+01 +1.2000e+01 +1.2000e+01
2 +2.214142143e+03 +2.214142143e+03 +2.188892143e+03 +2.188892143e+03 +1.1000e+01 +1.3000e+01 +3.0000e+01 +1.2000e+01 +2.0000e+00 +9.0000e+00 +1.4000e+01 +1.0000e+01 +1.3000e+01 +1.1000e+01
8 +1.535868543e+03 +1.535868543e+03 +1.510618543e+03 +1.510618543e+03 +8.0000e+00 +1.0000e+01 +2.7000e+01 +9.0000e+00 +0.0000e+00 +6.0000e+00 +1.1000e+01 +7.0000e+00 +1.0000e+01 +8.0000e+00
16 +8.712541434e+02 +8.712541434e+02 +8.460041434e+02 +8.460041434e+02 +4.0000e+00 +6.0000e+00 +2.3000e+01 +5.0000e+00 +0.0000e+00 +2.0000e+00 +7.0000e+00 +3.0000e+00 +6.0000e+00 +4.0000e+00
22 +5.609965434e+02 +5.609965434e+02 +5.357465434e+02 +5.357465434e+02 +1.0000e+00 +3.0000e+00 +2.0000e+01 +2.0000e+00 +0.0000e+00 +0.0000e+00 +4.0000e+00 +0.0000e+00 +3.0000e+00 +1.0000e+00
27 +3.834973434e+02 +3.834973434e+02 +3.582473434e+02 +3.582473434e+02 +1.4000e+01 +8.0000e+00 +0.0000e+00 +1.1000e+01 +0.0000e+00 +0.0000e+00 +1.0000e+00 +2.0000e+00 +0.0000e+00 +0.0000e+00
33 +2.078669434e+02 +2.078669434e+02 +1.826169434e+02 +1.826169434e+02 +1.1000e+01 +5.0000e+00 +0.0000e+00 +8.0000e+00 +0.0000e+00 +0.0000e+00 +0.0000e+00 +0.0000e+00 +0.0000e+00 +0.0000e+00
37 +1.322541434e+02 +1.322541434e+02 +1.070041434e+02 +1.070041434e+02 +9.0000e+00 +3.0000e+00 +0.0000e+00 +6.0000e+00 +0.0000e+00 +0.0000e+00 +0.0000e+00 +0.0000e+00 +0.0000e+00 +0.0000e+00
41 +8.064134336e+01 +8.064134336e+01 +5.539134336e+01 +5.539134336e+01 +7.0000e+00 +1.0000e+00 +0.0000e+00 +4.0000e+00 +0.0000e+00 +0.0000e+00 +0.0000e+00 +0.0000e+00 +0.0000e+00 +0.0000e+00
45 +5.075814336e+01 +5.075814336e+01 +2.550814336e+01 +2.550814336e+01 +5.0000e+00 +0.0000e+00 +0.0000e+00 +2.0000e+00 +0.0000e+00 +0.0000e+00 +0.0000e+00 +0.0000e+00 +0.0000e+00 +0.0000e+00
49 +3.660454336e+01 +3.660454336e+01 +1.135454336e+01 +1.135454336e+01 +3.0000e+00 +0.0000e+00 +0.0000e+00 +0.0000e+00 +0.0000e+00 +0.0000e+00 +0.0000e+00 +0.0000e+00 +0.0000e+00 +0.0000e+00
% function evaluation | noise-free fitness - Fopt (2.230000000000e+00) | best noise-free fitness - Fopt | measured fitness | best measured fitness | x1 | x2...
1 +3.240261406e+03 +3.240261406e+03 +3.242491406e+03 +3.242491406e+03 +2.6000e+01 +1.0000e+01 +2.2000e+01 +1.6000e+01 +6.0000e+00 +3.0000e+01 +1.0000e+01 +9.0000e+00 +1.9000e+01 +0.0000e+00
7 +2.401691806e+03 +2.401691806e+03 +2.403921806e+03 +2.403921806e+03 +2.3000e+01 +7.0000e+00 +1.9000e+01 +1.3000e+01 +3.0000e+00 +2.7000e+01 +7.0000e+00 +6.0000e+00 +1.6000e+01 +0.0000e+00
15 +1.527264606e+03 +1.527264606e+03 +1.529494606e+03 +1.529494606e+03 +1.9000e+01 +3.0000e+00 +1.5000e+01 +9.0000e+00 +0.0000e+00 +2.3000e+01 +3.0000e+00 +2.0000e+00 +1.2000e+01 +0.0000e+00
23 +9.089366061e+02 +9.089366061e+02 +9.111666061e+02 +9.111666061e+02 +1.5000e+01 +0.0000e+00 +1.1000e+01 +5.0000e+00 +0.0000e+00 +1.9000e+01 +0.0000e+00 +0.0000e+00 +8.0000e+00 +0.0000e+00
29 +5.947958061e+02 +5.947958061e+02 +5.970258061e+02 +5.970258061e+02 +1.2000e+01 +0.0000e+00 +8.0000e+00 +2.0000e+00 +0.0000e+00 +1.6000e+01 +0.0000e+00 +0.0000e+00 +5.0000e+00 +0.0000e+00
35 +3.733158061e+02 +3.733158061e+02 +3.755458061e+02 +3.755458061e+02 +9.0000e+00 +0.0000e+00 +5.0000e+00 +0.0000e+00 +0.0000e+00 +1.3000e+01 +0.0000e+00 +0.0000e+00 +2.0000e+00 +0.0000e+00
41 +2.343670061e+02 +2.343670061e+02 +2.365970061e+02 +2.365970061e+02 +6.0000e+00 +0.0000e+00 +2.0000e+00 +0.0000e+00 +0.0000e+00 +1.0000e+01 +0.0000e+00 +0.0000e+00 +0.0000e+00 +0.0000e+00
46 +1.388726061e+02 +1.388726061e+02 +1.411026061e+02 +1.411026061e+02 +1.0000e+00 +0.0000e+00 +0.0000e+00 +0.0000e+00 +0.0000e+00 +1.0000e+00 +3.0000e+00 +5.0000e+00 +0.0000e+00 +0.0000e+00
50 +9.419420608e+01 +9.419420608e+01 +9.642420608e+01 +9.642420608e+01 +0.0000e+00 +0.0000e+00 +0.0000e+00 +0.0000e+00 +0.0000e+00 +0.0000e+00 +1.0000e+00 +3.0000e+00 +0.0000e+00 +0.0000e+00
% function evaluation | noise-free fitness - Fopt (-1.308000000000e+01) | best noise-free fitness - Fopt | measured fitness | best measured fitness | x1 | x2...
1 +2.285710467e+03 +2.285710467e+03 +2.272630467e+03 +2.272630467e+03 +1.0000e+01 +1.2000e+01 +2.5000e+01 +1.0000e+00 +1.6000e+01 +9.0000e+00 +1.9000e+01 +8.0000e+00 +2.3000e+01 +8.0000e+00
6 +1.514580867e+03 +1.514580867e+03 +1.501500867e+03 +1.501500867e+03 +2.0000e+01 +1.9000e+01 +1.2000e+01 +5.0000e+00 +6.0000e+00 +4.0000e+00 +0.0000e+00 +1.5000e+01 +0.0000e+00 +1.1000e+01
13 +9.735952672e+02 +9.735952672e+02 +9.605152672e+02 +9.605152672e+02 +4.0000e+00 +6.0000e+00 +1.9000e+01 +0.0000e+00 +1.0000e+01 +3.0000e+00 +1.3000e+01 +2.0000e+00 +1.7000e+01 +2.0000e+00
19 +5.658528672e+02 +5.658528672e+02 +5.527728672e+02 +5.527728672e+02 +1.0000e+00 +3.0000e+00 +1.6000e+01 +0.0000e+00 +7.0000e+00 +0.0000e+00 +1.0000e+01 +0.0000e+00 +1.4000e+01 +0.0000e+00
23 +3.892448672e+02 +3.892448672e+02 +3.761648672e+02 +3.761648672e+02 +0.0000e+00 +1.0000e+00 +1.4000e+01 +0.0000e+00 +5.0000e+00 +0.0000e+00 +8.0000e+00 +0.0000e+00 +1.2000e+01 +0.0000e+00
29 +2.039296672e+02 +2.039296672e+02 +1.908496672e+02 +1.908496672e+02 +0.0000e+00 +0.0000e+00 +1.1000e+01 +0.0000e+00 +2.0000e+00 +0.0000e+00 +5.0000e+00 +0.0000e+00 +9.0000e+00 +0.0000e+00
33 +1.236320672e+02 +1.236320672e+02 +1.105520672e+02 +1.105520672e+02 +0.0000e+00 +0.0000e+00 +9.0000e+00 +0.0000e+00 +0.0000e+00 +0.0000e+00 +3.0000e+00 +0.0000e+00 +7.0000e+00 +0.0000e+00
35 +9.921926720e+01 +9.921926720e+01 +8.613926720e+01 +8.613926720e+01 +0.0000e+00 +0.0000e+00 +8.0000e+00 +0.0000e+00 +0.0000e+00 +0.0000e+00 +2.0000e+00 +0.0000e+00 +6.0000e+00 +0.0000e+00
41 +5.772966720e+01 +5.772966720e+01 +4.464966720e+01 +4.464966720e+01 +0.0000e+00 +0.0000e+00 +5.0000e+00 +0.0000e+00 +0.0000e+00 +0.0000e+00 +0.0000e+00 +0.0000e+00 +3.0000e+00 +0.0000e+00
% function evaluation | noise-free fitness - Fopt (2.671600000000e+02) | best noise-free fitness - Fopt | measured fitness | best measured fitness | x1 | x2...
1 +1.517457157e+03 +1.517457157e+03 +1.784617157e+03 +1.784617157e+03 +1.0000e+00 +4.0000e+00 +4.0000e+00 +0.0000e+00 +1.0000e+00 +5.0000e+00 +3.0000e+00 +2.0000e+01 +2.5000e+01 +6.0000e+00
9 +9.931579571e+02 +9.931579571e+02 +1.260317957e+03 +1.260317957e+03 +0.0000e+00 +0.0000e+00 +0.0000e+00 +0.0000e+00 +0.0000e+00 +1.0000e+00 +0.0000e+00 +1.6000e+01 +2.1000e+01 +2.0000e+00
19 +6.131115571e+02 +6.131115571e+02 +8.802715571e+02 +8.802715571e+02 +0.0000e+00 +0.0000e+00 +0.0000e+00 +0.0000e+00 +0.0000e+00 +0.0000e+00 +0.0000e+00 +1.1000e+01 +1.6000e+01 +0.0000e+00
27 +3.829419571e+02 +3.829419571e+02 +6.501019571e+02 +6.501019571e+02 +0.0000e+00 +0.0000e+00 +0.0000e+00 +0.0000e+00 +0.0000e+00 +0.0000e+00 +0.0000e+00 +7.0000e+00 +1.2000e+01 +0.0000e+00
35 +2.167723571e+02 +2.167723571e+02 +4.839323571e+02 +4.839323571e+02 +0.0000e+00 +0.0000e+00 +0.0000e+00 +0.0000e+00 +0.0000e+00 +0.0000e+00 +0.0000e+00 +3.0000e+00 +8.0000e+00 +0.0000e+00
39 +1.576875571e+02 +1.576875571e+02 +4.248475571e+02 +4.248475571e+02 +0.0000e+00 +0.0000e+00 +0.0000e+00 +0.0000e+00 +0.0000e+00 +0.0000e+00 +0.0000e+00 +1.0000e+00 +6.0000e+00 +0.0000e+00
47 +9.153075712e+01 +9.153075712e+01 +3.586907571e+02 +3.586907571e+02 +0.0000e+00 +0.0000e+00 +0.0000e+00 +0.0000e+00 +0.0000e+00 +0.0000e+00 +0.0000e+00 +0.0000e+00 +2.0000e+00 +0.0000e+00
% function evaluation | noise-free fitness - Fopt (3.710000000000e+00) | best noise-free fitness - Fopt | measured fitness | best measured fitness | x1 | x2...
1 +1.884515065e+03 +1.884515065e+03 +1.888225065e+03 +1.888225065e+03 +1.8000e+01 +1.4000e+01 +1.2000e+01 +1.7000e+01 +5.0000e+00 +2.1000e+01 +6.0000e+00 +1.2000e+01 +5.0000e+00 +1.8000e+01
5 +1.428390265e+03 +1.428390265e+03 +1.432100265e+03 +1.432100265e+03 +1.6000e+01 +1.2000e+01 +1.0000e+01 +1.5000e+01 +3.0000e+00 +1.9000e+01 +4.0000e+00 +1.0000e+01 +3.0000e+00 +1.6000e+01
11 +8.942030650e+02 +8.942030650e+02 +8.979130650e+02 +8.979130650e+02 +1.3000e+01 +9.0000e+00 +7.0000e+00 +1.2000e+01 +0.0000e+00 +1.6000e+01 +1.0000e+00 +7.0000e+00 +0.0000e+00 +1.3000e+01
15 +6.230766650e+02 +6.230766650e+02 +6.267866650e+02 +6.267866650e+02 +1.1000e+01 +7.0000e+00 +5.0000e+00 +1.0000e+01 +0.0000e+00 +1.4000e+01 +0.0000e+00 +5.0000e+00 +0.0000e+00 +1.1000e+01
21 +3.284142650e+02 +3.284142650e+02 +3.321242650e+02 +3.321242650e+02 +8.0000e+00 +4.0000e+00 +2.0000e+00 +7.0000e+00 +0.0000e+00 +1.1000e+01 +0.0000e+00 +2.0000e+00 +0.0000e+00 +8.0000e+00
25 +2.019726650e+02 +2.019726650e+02 +2.056826650e+02 +2.056826650e+02 +6.0000e+00 +2.0000e+00 +0.0000e+00 +5.0000e+00 +0.0000e+00 +9.0000e+00 +0.0000e+00 +0.0000e+00 +0.0000e+00 +6.0000e+00
27 +1.497182650e+02 +1.497182650e+02 +1.534282650e+02 +1.534282650e+02 +5.0000e+00 +1.0000e+00 +0.0000e+00 +4.0000e+00 +0.0000e+00 +8.0000e+00 +0.0000e+00 +0.0000e+00 +0.0000e+00 +5.0000e+00
31 +8.064466496e+01 +8.064466496e+01 +8.435466496e+01 +8.435466496e+01 +3.0000e+00 +0.0000e+00 +0.0000e+00 +2.0000e+00 +0.0000e+00 +6.0000e+00 +0.0000e+00 +0.0000e+00 +0.0000e+00 +3.0000e+00
33 +6.182546496e+01 +6.182546496e+01 +6.553546496e+01 +6.553546496e+01 +2.0000e+00 +0.0000e+00 +0.0000e+00 +1.0000e+00 +0.0000e+00 +5.0000e+00 +0.0000e+00 +0.0000e+00 +0.0000e+00 +2.0000e+00
% function evaluation | noise-free fitness - Fopt (9.478000000000e+01) | best noise-free fitness - Fopt | measured fitness | best measured fitness | x1 | x2...
1 +2.399768908e+03 +2.399768908e+03 +2.494548908e+03 +2.494548908e+03 +3.0000e+01 +7.0000e+00 +1.9000e+01 +6.0000e+00 +3.0000e+00 +0.0000e+00 +1.4000e+01 +2.7000e+01 +2.3000e+01 +4.0000e+00
9 +1.573090508e+03 +1.573090508e+03 +1.667870508e+03 +1.667870508e+03 +2.6000e+01 +3.0000e+00 +1.5000e+01 +2.0000e+00 +0.0000e+00 +0.0000e+00 +1.0000e+01 +2.3000e+01 +1.9000e+01 +0.0000e+00
17 +9.708857082e+02 +9.708857082e+02 +1.065665708e+03 +1.065665708e+03 +2.2000e+01 +0.0000e+00 +1.1000e+01 +0.0000e+00 +0.0000e+00 +0.0000e+00 +6.0000e+00 +1.9000e+01 +1.5000e+01 +0.0000e+00
22 +6.225705082e+02 +6.225705082e+02 +7.173505082e+02 +7.173505082e+02 +1.0000e+01 +0.0000e+00 +1.7000e+01 +0.0000e+00 +7.0000e+00 +0.0000e+00 +1.6000e+01 +1.0000e+01 +1.3000e+01 +0.0000e+00
28 +3.344649082e+02 +3.344649082e+02 +4.292449082e+02 +4.292449082e+02 +7.0000e+00 +0.0000e+00 +1.4000e+01 +0.0000e+00 +4.0000e+00 +0.0000e+00 +1.3000e+01 +7.0000e+00 +1.0000e+01 +0.0000e+00
32 +2.023945082e+02 +2.023945082e+02 +2.971745082e+02 +2.971745082e+02 +5.0000e+00 +0.0000e+00 +1.2000e+01 +0.0000e+00 +2.0000e+00 +0.0000e+00 +1.1000e+01 +5.0000e+00 +8.0000e+00 +0.0000e+00
34 +1.543593082e+02 +1.543593082e+02 +2.491393082e+02 +2.491393082e+02 +4.0000e+00 +0.0000e+00 +1.1000e+01 +0.0000e+00 +1.0000e+00 +0.0000e+00 +1.0000e+01 +4.0000e+00 +7.0000e+00 +0.0000e+00
38 +8.825690816e+01 +8.825690816e+01 +1.830369082e+02 +1.830369082e+02 +2.0000e+00 +0.0000e+00 +9.0000e+00 +0.0000e+00 +0.0000e+00 +0.0000e+00 +8.0000e+00 +2.0000e+00 +5.0000e+00 +0.0000e+00
42 +5.812250816e+01 +5.812250816e+01 +1.529025082e+02 +1.529025082e+02 +0.0000e+00 +0.0000e+00 +7.0000e+00 +0.0000e+00 +0.0000e+00 +0.0000e+00 +6.0000e+00 +0.0000e+00 +3.0000e+00 +0.0000e+00
% function evaluation | noise-free fitness - Fopt (2.339200000000e+02) | best noise-free fitness - Fopt | measured fitness | best measured fitness | x1 | x2...
1 +2.703297648e+03 +2.703297648e+03 +2.937217648e+03 +2.937217648e+03 +1.0000e+00 +1.4000e+01 +2.7000e+01 +1.8000e+01 +3.0000e+00 +3.0000e+01 +1.0000e+00 +5.0000e+00 +2.1000e+01 +3.0000e+00
3 +2.463689648e+03 +2.463689648e+03 +2.697609648e+03 +2.697609648e+03 +0.0000e+00 +1.3000e+01 +2.6000e+01 +1.7000e+01 +2.0000e+00 +2.9000e+01 +0.0000e+00 +4.0000e+00 +2.0000e+01 +2.0000e+00
13 +1.508747248e+03 +1.508747248e+03 +1.742667248e+03 +1.742667248e+03 +0.0000e+00 +8.0000e+00 +2.1000e+01 +1.2000e+01 +0.0000e+00 +2.4000e+01 +0.0000e+00 +0.0000e+00 +1.5000e+01 +0.0000e+00
21 +9.357808480e+02 +9.357808480e+02 +1.169700848e+03 +1.169700848e+03 +0.0000e+00 +4.0000e+00 +1.7000e+01 +8.0000e+00 +0.0000e+00 +2.0000e+01 +0.0000e+00 +0.0000e+00 +1.1000e+01 +0.0000e+00
27 +6.110560480e+02 +6.110560480e+02 +8.449760480e+02 +8.449760480e+02 +0.0000e+00 +1.0000e+00 +1.4000e+01 +5.0000e+00 +0.0000e+00 +1.7000e+01 +0.0000e+00 +0.0000e+00 +8.0000e+00 +0.0000e+00
33 +3.697744480e+02 +3.697744480e+02 +6.036944480e+02 +6.036944480e+02 +0.0000e+00 +0.0000e+00 +1.1000e+01 +2.0000e+00 +0.0000e+00 +1.4000e+01 +0.0000e+00 +0.0000e+00 +5.0000e+00 +0.0000e+00
37 +2.487344480e+02 +2.487344480e+02 +4.826544480e+02 +4.826544480e+02 +0.0000e+00 +0.0000e+00 +9.0000e+00 +0.0000e+00 +0.0000e+00 +1.2000e+01 +0.0000e+00 +0.0000e+00 +3.0000e+00 +0.0000e+00
43 +1.357232480e+02 +1.357232480e+02 +3.696432480e+02 +3.696432480e+02 +0.0000e+00 +0.0000e+00 +6.0000e+00 +0.0000e+00 +0.0000e+00 +9.0000e+00 +0.0000e+00 +0.0000e+00 +0.0000e+00 +0.0000e+00
47 +8.615844800e+01 +8.615844800e+01 +3.200784480e+02 +3.200784480e+02 +0.0000e+00 +0.0000e+00 +4.0000e+00 +0.0000e+00 +0.0000e+00 +7.0000e+00 +0.0000e+00 +0.0000e+00 +0.0000e+00 +0.0000e+00
51 +5.259364800e+01 +5.259364800e+01 +2.865136480e+02 +2.865136480e+02 +0.0000e+00 +0.0000e+00 +2.0000e+00 +0.0000e+00 +0.0000e+00 +5.0000e+00 +0.0000e+00 +0.0000e+00 +0.0000e+00 +0.0000e+00
55 +3.502884800e+01 +3.502884800e+01 +2.689488480e+02 +2.689488480e+02 +0.0000e+00 +0.0000e+00 +0.0000e+00 +0.0000e+00 +0.0000e+00 +3.0000e+00 +0.0000e+00 +0.0000e+00 +0.0000e+00 +0.0000e+00
% function evaluation | noise-free fitness - Fopt (-6.092000000000e+01) | best noise-free fitness - Fopt | measured fitness | best measured fitness | x1 | x2...
1 +2.626264268e+03 +2.626264268e+03 +2.565344268e+03 +2.565344268e+03 +1.2000e+01 +1.0000e+00 +1.0000e+00 +2.6000e+01 +2.8000e+01 +6.0000e+00 +1.6000e+01 +2.3000e+01 +5.0000e+00 +1.0000e+00
3 +2.402073868e+03 +2.402073868e+03 +2.341153868e+03 +2.341153868e+03 +1.1000e+01 +0.0000e+00 +0.0000e+00 +2.5000e+01 +2.7000e+01 +5.0000e+00 +1.5000e+01 +2.2000e+01 +4.0000e+00 +0.0000e+00
13 +1.475656268e+03 +1.475656268e+03 +1.414736268e+03 +1.414736268e+03 +6.0000e+00 +0.0000e+00 +0.0000e+00 +2.0000e+01 +2.2000e+01 +0.0000e+00 +1.0000e+01 +1.7000e+01 +0.0000e+00 +0.0000e+00
21 +9.442770682e+02 +9.442770682e+02 +8.833570682e+02 +8.833570682e+02 +2.0000e+00 +0.0000e+00 +0.0000e+00 +1.6000e+01 +1.8000e+01 +0.0000e+00 +6.0000e+00 +1.3000e+01 +0.0000e+00 +0.0000e+00
28 +5.345970682e+02 +5.345970682e+02 +4.736770682e+02 +4.736770682e+02 +9.0000e+00 +6.0000e+00 +0.0000e+00 +6.0000e+00 +7.0000e+00 +1.7000e+01 +2.0000e+00 +2.0000e+00 +1.0000e+00 +5.0000e+00
32 +3.478066682e+02 +3.478066682e+02 +2.868866682e+02 +2.868866682e+02 +7.0000e+00 +4.0000e+00 +0.0000e+00 +4.0000e+00 +5.0000e+00 +1.5000e+01 +0.0000e+00 +0.0000e+00 +0.0000e+00 +3.0000e+00
36 +2.146546682e+02 +2.146546682e+02 +1.537346682e+02 +1.537346682e+02 +5.0000e+00 +2.0000e+00 +0.0000e+00 +2.0000e+00 +3.0000e+00 +1.3000e+01 +0.0000e+00 +0.0000e+00 +0.0000e+00 +1.0000e+00
40 +1.337922682e+02 +1.337922682e+02 +7.287226816e+01 +7.287226816e+01 +3.0000e+00 +0.0000e+00 +0.0000e+00 +0.0000e+00 +1.0000e+00 +1.1000e+01 +0.0000e+00 +0.0000e+00 +0.0000e+00 +0.0000e+00
44 +9.047066816e+01 +9.047066816e+01 +2.955066816e+01 +2.955066816e+01 +1.0000e+00 +0.0000e+00 +0.0000e+00 +0.0000e+00 +0.0000e+00 +9.0000e+00 +0.0000e+00 +0.0000e+00 +0.0000e+00 +0.0000e+00
50 +5.870426816e+01 +5.870426816e+01 -2.215731840e+00 -2.215731840e+00 +0.0000e+00 +0.0000e+00 +0.0000e+00 +0.0000e+00 +0.0000e+00 +6.0000e+00 +0.0000e+00 +0.0000e+00 +0.0000e+00 +0.0000e+00
% function evaluation | noise-free fitness - Fopt (-1.948000000000e+01) | best noise-free fitness - Fopt | measured fitness | best measured fitness | x1 | x2...
1 +3.032536750e+03 +3.032536750e+03 +3.013056750e+03 +3.013056750e+03 +1.1000e+01 +2.5000e+01 +1.0000e+00 +2.4000e+01 +2.1000e+01 +2.1000e+01 +1.2000e+01 +2.5000e+01 +9.0000e+00 +4.0000e+00
5 +2.472123950e+03 +2.472123950e+03 +2.452643950e+03 +2.452643950e+03 +9.0000e+00 +2.3000e+01 +0.0000e+00 +2.2000e+01 +1.9000e+01 +1.9000e+01 +1.0000e+01 +2.3000e+01 +7.0000e+00 +2.0000e+00
13 +1.554498350e+03 +1.554498350e+03 +1.535018350e+03 +1.535018350e+03 +5.0000e+00 +1.9000e+01 +0.0000e+00 +1.8000e+01 +1.5000e+01 +1.5000e+01 +6.0000e+00 +1.9000e+01 +3.0000e+00 +0.0000e+00
21 +8.848855501e+02 +8.848855501e+02 +8.654055501e+02 +8.654055501e+02 +1.0000e+00 +1.5000e+01 +0.0000e+00 +1.4000e+01 +1.1000e+01 +1.1000e+01 +2.0000e+00 +1.5000e+01 +0.0000e+00 +0.0000e+00
27 +5.320871501e+02 +5.320871501e+02 +5.126071501e+02 +5.126071501e+02 +0.0000e+00 +1.2000e+01 +0.0000e+00 +1.1000e+01 +8.0000e+00 +8.0000e+00 +0.0000e+00 +1.2000e+01 +0.0000e+00 +0.0000e+00
31 +3.596039501e+02 +3.596039501e+02 +3.401239501e+02 +3.401239501e+02 +0.0000e+00 +1.0000e+01 +0.0000e+00 +9.0000e+00 +6.0000e+00 +6.0000e+00 +0.0000e+00 +1.0000e+01 +0.0000e+00 +0.0000e+00
35 +2.271207501e+02 +2.271207501e+02 +2.076407501e+02 +2.076407501e+02 +0.0000e+00 +8.0000e+00 +0.0000e+00 +7.0000e+00 +4.0000e+00 +4.0000e+00 +0.0000e+00 +8.0000e+00 +0.0000e+00 +0.0000e+00
39 +1.346375501e+02 +1.346375501e+02 +1.151575501e+02 +1.151575501e+02 +0.0000e+00 +6.0000e+00 +0.0000e+00 +5.0000e+00 +2.0000e+00 +2.0000e+00 +0.0000e+00 +6.0000e+00 +0.0000e+00 +0.0000e+00
43 +8.215435008e+01 +8.215435008e+01 +6.267435008e+01 +6.267435008e+01 +0.0000e+00 +4.0000e+00 +0.0000e+00 +3.0000e+00 +0.0000e+00 +0.0000e+00 +0.0000e+00 +4.0000e+00 +0.0000e+00 +0.0000e+00
47 +5.291275008e+01 +5.291275008e+01 +3.343275008e+01 +3.343275008e+01 +0.0000e+00 +2.0000e+00 +0.0000e+00 +1.0000e+00 +0.0000e+00 +0.0000e+00 +0.0000e+00 +2.0000e+00 +0.0000e+00 +0.0000e+00
54 +3.473995008e+01 +3.473995008e+01 +1.525995008e+01 +1.525995008e+01 +0.0000e+00 +0.0000e+00 +0.0000e+00 +2.0000e+00 +3.0000e+00 +1.0000e+00 +0.0000e+00 +0.0000e+00 +0.0000e+00 +0.0000e+00
% function evaluation | noise-free fitness - Fopt (1.344700000000e+02) | best noise-free fitness - Fopt | measured fitness | best measured fitness | x1 | x2...
1 +1.759682060e+03 +1.759682060e+03 +1.894152060e+03 +1.894152060e+03 +2.0000e+00 +5.0000e+00 +5.0000e+00 +8.0000e+00 +1.5000e+01 +9.0000e+00 +2.7000e+01 +6.0000e+00 +1.6000e+01 +1.0000e+01
3 +1.543522060e+03 +1.543522060e+03 +1.677992060e+03 +1.677992060e+03 +1.0000e+00 +4.0000e+00 +4.0000e+00 +7.0000e+00 +1.4000e+01 +8.0000e+00 +2.6000e+01 +5.0000e+00 +1.5000e+01 +9.0000e+00
11 +8.894468595e+02 +8.894468595e+02 +1.023916860e+03 +1.023916860e+03 +0.0000e+00 +0.0000e+00 +0.0000e+00 +3.0000e+00 +1.0000e+01 +4.0000e+00 +2.2000e+01 +1.0000e+00 +1.1000e+01 +5.0000e+00
17 +5.547956595e+02 +5.547956595e+02 +6.892656595e+02 +6.892656595e+02 +0.0000e+00 +0.0000e+00 +0.0000e+00 +0.0000e+00 +7.0000e+00 +1.0000e+00 +1.9000e+01 +0.0000e+00 +8.0000e+00 +2.0000e+00
23 +3.388644595e+02 +3.388644595e+02 +4.733344595e+02 +4.733344595e+02 +0.0000e+00 +0.0000e+00 +0.0000e+00 +0.0000e+00 +4.0000e+00 +0.0000e+00 +1.6000e+01 +0.0000e+00 +5.0000e+00 +0.0000e+00
27 +2.352676595e+02 +2.352676595e+02 +3.697376595e+02 +3.697376595e+02 +0.0000e+00 +0.0000e+00 +0.0000e+00 +0.0000e+00 +2.0000e+00 +0.0000e+00 +1.4000e+01 +0.0000e+00 +3.0000e+00 +0.0000e+00
31 +1.556708595e+02 +1.556708595e+02 +2.901408595e+02 +2.901408595e+02 +0.0000e+00 +0.0000e+00 +0.0000e+00 +0.0000e+00 +0.0000e+00 +0.0000e+00 +1.2000e+01 +0.0000e+00 +1.0000e+00 +0.0000e+00
39 +8.830285952e+01 +8.830285952e+01 +2.227728595e+02 +2.227728595e+02 +0.0000e+00 +0.0000e+00 +0.0000e+00 +0.0000e+00 +0.0000e+00 +0.0000e+00 +8.0000e+00 +0.0000e+00 +0.0000e+00 +0.0000e+00
47 +6.032205952e+01 +6.032205952e+01 +1.947920595e+02 +1.947920595e+02 +0.0000e+00 +0.0000e+00 +0.0000e+00 +0.0000e+00 +0.0000e+00 +0.0000e+00 +4.0000e+00 +0.0000e+00 +0.0000e+00 +0.0000e+00
% function evaluation | noise-free fitness - Fopt (4.453500000000e+02) | best noise-free fitness - Fopt | measured fitness | best measured fitness | x1 | x2...
1 +5.782121505e+03 +5.782121505e+03 +6.227471505e+03 +6.227471505e+03 +2.3000e+01 +2.8000e+01 +2.6000e+01 +2.9000e+01 +2.3000e+01 +1.0000e+01 +2.8000e+01 +2.3000e+01 +1.6000e+01 +2.7000e+01
2 +2.913204705e+03 +2.913204705e+03 +3.358554705e+03 +3.358554705e+03 +2.5000e+01 +3.0000e+00 +2.7000e+01 +2.3000e+01 +4.0000e+00 +2.4000e+01 +1.4000e+01 +1.1000e+01 +0.0000e+00 +0.0000e+00
6 +2.438004705e+03 +2.438004705e+03 +2.883354705e+03 +2.883354705e+03 +2.3000e+01 +1.0000e+00 +2.5000e+01 +2.1000e+01 +2.0000e+00 +2.2000e+01 +1.2000e+01 +9.0000e+00 +0.0000e+00 +0.0000e+00
16 +1.458649505e+03 +1.458649505e+03 +1.903999505e+03 +1.903999505e+03 +1.8000e+01 +0.0000e+00 +2.0000e+01 +1.6000e+01 +0.0000e+00 +1.7000e+01 +7.0000e+00 +4.0000e+00 +0.0000e+00 +0.0000e+00
24 +8.793279053e+02 +8.793279053e+02 +1.324677905e+03 +1.324677905e+03 +1.4000e+01 +0.0000e+00 +1.6000e+01 +1.2000e+01 +0.0000e+00 +1.3000e+01 +3.0000e+00 +0.0000e+00 +0.0000e+00 +0.0000e+00
30 +5.522031053e+02 +5.522031053e+02 +9.975531053e+02 +9.975531053e+02 +1.1000e+01 +0.0000e+00 +1.3000e+01 +9.0000e+00 +0.0000e+00 +1.0000e+01 +0.0000e+00 +0.0000e+00 +0.0000e+00 +0.0000e+00
34 +3.956687053e+02 +3.956687053e+02 +8.410187053e+02 +8.410187053e+02 +9.0000e+00 +0.0000e+00 +1.1000e+01 +7.0000e+00 +0.0000e+00 +8.0000e+00 +0.0000e+00 +0.0000e+00 +0.0000e+00 +0.0000e+00
40 +2.208671053e+02 +2.208671053e+02 +6.662171053e+02 +6.662171053e+02 +6.0000e+00 +0.0000e+00 +8.0000e+00 +4.0000e+00 +0.0000e+00 +5.0000e+00 +0.0000e+00 +0.0000e+00 +0.0000e+00 +0.0000e+00
44 +1.443327053e+02 +1.443327053e+02 +5.896827053e+02 +5.896827053e+02 +4.0000e+00 +0.0000e+00 +6.0000e+00 +2.0000e+00 +0.0000e+00 +3.0000e+00 +0.0000e+00 +0.0000e+00 +0.0000e+00 +0.0000e+00
48 +9.979830528e+01 +9.979830528e+01 +5.451483053e+02 +5.451483053e+02 +2.0000e+00 +0.0000e+00 +4.0000e+00 +0.0000e+00 +0.0000e+00 +1.0000e+00 +0.0000e+00 +0.0000e+00 +0.0000e+00 +0.0000e+00
59 +5.305590528e+01 +5.305590528e+01 +4.984059053e+02 +4.984059053e+02 +0.0000e+00 +3.0000e+00 +1.0000e+00 +1.0000e+00 +4.0000e+00 +0.0000e+00 +0.0000e+00 +0.0000e+00 +4.0000e+00 +0.0000e+00
