% function evaluation | noise-free fitness - Fopt (7.948000000000e+01) | best noise-free fitness - Fopt | measured fitness | best measured fitness | x1 | x2...
1 +5.266092817e+03 +5.266092817e+03 +5.345572817e+03 +5.345572817e+03 +3.0000e+01 +2.4000e+01 +1.9000e+01 +1.8000e+01 +1.8000e+01 +6.0000e+00 +1.9000e+01 +0.0000e+00 +9.0000e+00 +1.6000e+01 +2.5000e+01 +0.0000e+00 +7.0000e+00 +1.6000e+01 +1.5000e+01 +1.7000e+01 +0.0000e+00 +6.0000e+00 +1.6000e+01 +9.0000e+00
53 +3.341460817e+03 +3.341460817e+03 +3.420940817e+03 +3.420940817e+03 +3.0000e+00 +1.1000e+01 +2.1000e+01 +4.0000e+00 +1.1000e+01 +4.0000e+00 +1.5000e+01 +2.1000e+01 +1.1000e+01 +4.0000e+00 +1.1000e+01 +2.0000e+01 +2.1000e+01 +1.8000e+01 +4.0000e+00 +4.0000e+00 +4.0000e+00 +6.0000e+00 +1.8000e+01 +4.0000e+00
61 +2.203644817e+03 +2.203644817e+03 +2.283124817e+03 +2.283124817e+03 +6.0000e+00 +0.0000e+00 +1.4000e+01 +1.3000e+01 +0.0000e+00 +3.0000e+00 +1.3000e+01 +1.6000e+01 +3.0000e+00 +0.0000e+00 +0.0000e+00 +1.6000e+01 +0.0000e+00 +1.6000e+01 +1.3000e+01 +1.6000e+01 +1.3000e+01 +1.3000e+01 +6.0000e+00 +1.4000e+01
141 +1.283609617e+03 +1.283609617e+03 +1.363089617e+03 +1.363089617e+03 +1.0000e+01 +1.0000e+01 +1.0000e+01 +1.0000e+01 +0.0000e+00 +1.0000e+01 +0.0000e+00 +0.0000e+00 +1.0000e+01 +1.2000e+01 +1.0000e+01 +0.0000e+00 +0.0000e+00 +1.0000e+01 +1.0000e+01 +0.0000e+00 +0.0000e+00 +0.0000e+00 +1.0000e+01 +0.0000e+00
157 +9.075312173e+02 +9.075312173e+02 +9.870112173e+02 +9.870112173e+02 +6.0000e+00 +6.0000e+00 +6.0000e+00 +6.0000e+00 +0.0000e+00 +6.0000e+00 +0.0000e+00 +1.6000e+01 +6.0000e+00 +1.0000e+00 +6.0000e+00 +0.0000e+00 +0.0000e+00 +6.0000e+00 +6.0000e+00 +0.0000e+00 +0.0000e+00 +0.0000e+00 +6.0000e+00 +1.6000e+01
197 +4.641728173e+02 +4.641728173e+02 +5.436528173e+02 +5.436528173e+02 +6.0000e+00 +1.2000e+01 +4.0000e+00 +4.0000e+00 +0.0000e+00 +4.0000e+00 +0.0000e+00 +4.0000e+00 +4.0000e+00 +4.0000e+00 +4.0000e+00 +4.0000e+00 +4.0000e+00 +4.0000e+00 +4.0000e+00 +4.0000e+00 +0.0000e+00 +0.0000e+00 +0.0000e+00 +0.0000e+00
% function evaluation | noise-free fitness - Fopt (3.944800000000e+02) | best noise-free fitness - Fopt | measured fitness | best measured fitness | x1 | x2...
1 +4.878326882e+03 +4.878326882e+03 +5.272806882e+03 +5.272806882e+03 +7.0000e+00 +7.0000e+00 +2.1000e+01 +5.0000e+00 +9.0000e+00 +1.0000e+01 +2.4000e+01 +7.0000e+00 +2.3000e+01 +7.0000e+00 +2.2000e+01 +7.0000e+00 +3.0000e+01 +9.0000e+00 +2.4000e+01 +2.1000e+01 +7.0000e+00 +7.0000e+00 +7.0000e+00 +9.0000e+00
25 +3.740554082e+03 +3.740554082e+03 +4.135034082e+03 +4.135034082e+03 +2.0000e+01 +3.0000e+00 +2.1000e+01 +1.3000e+01 +0.0000e+00 +5.0000e+00 +0.0000e+00 +1.0000e+01 +2.1000e+01 +0.0000e+00 +1.5000e+01 +2.1000e+01 +7.0000e+00 +2.3000e+01 +1.5000e+01 +2.1000e+01 +5.0000e+00 +1.0000e+00 +7.0000e+00 +0.0000e+00
69 +2.245507682e+03 +2.245507682e+03 +2.639987682e+03 +2.639987682e+03 +0.0000e+00 +0.0000e+00 +1.8000e+01 +1.8000e+01 +0.0000e+00 +0.0000e+00 +0.0000e+00 +0.0000e+00 +0.0000e+00 +0.0000e+00 +1.8000e+01 +0.0000e+00 +1.4000e+01 +2.3000e+01 +1.8000e+01 +5.0000e+00 +0.0000e+00 +1.4000e+01 +0.0000e+00 +0.0000e+00
89 +1.213774882e+03 +1.213774882e+03 +1.608254882e+03 +1.608254882e+03 +0.0000e+00 +0.0000e+00 +0.0000e+00 +0.0000e+00 +0.0000e+00 +0.0000e+00 +0.0000e+00 +0.0000e+00 +2.2000e+01 +1.7000e+01 +0.0000e+00 +1.3000e+01 +0.0000e+00 +0.0000e+00 +0.0000e+00 +4.0000e+00 +0.0000e+00 +0.0000e+00 +0.0000e+00 +0.0000e+00
102 +3.245268819e+02 +3.245268819e+02 +7.190068819e+02 +7.190068819e+02 +0.0000e+00 +0.0000e+00 +0.0000e+00 +0.0000e+00 +0.0000e+00 +0.0000e+00 +0.0000e+00 +0.0000e+00 +0.0000e+00 +0.0000e+00 +0.0000e+00 +0.0000e+00 +1.5000e+01 +0.0000e+00 +0.0000e+00 +0.0000e+00 +0.0000e+00 +0.0000e+00 +0.0000e+00 +0.0000e+00
110 +1.466628819e+02 +1.466628819e+02 +5.411428819e+02 +5.411428819e+02 +0.0000e+00 +0.0000e+00 +0.0000e+00 +0.0000e+00 +0.0000e+00 +0.0000e+00 +0.0000e+00 +0.0000e+00 +0.0000e+00 +0.0000e+00 +0.0000e+00 +0.0000e+00 +0.0000e+00 +0.0000e+00 +0.0000e+00 +0.0000e+00 +0.0000e+00 +0.0000e+00 +0.0000e+00 +0.0000e+00
% function evaluation | noise-free fitness - Fopt (-2.471100000000e+02) | best noise-free fitness - Fopt | measured fitness | best measured fitness | x1 | x2...
1 +4.378720596e+03 +4.378720596e+03 +4.131610596e+03 +4.131610596e+03 +2.0000e+00 +7.0000e+00 +2.3000e+01 +1.3000e+01 +2.1000e+01 +4.0000e+00 +7.0000e+00 +3.0000e+00 +3.0000e+01 +3.0000e+00 +6.0000e+00 +6.0000e+00 +2.3000e+01 +1.3000e+01 +2.3000e+01 +3.0000e+00 +6.0000e+00 +3.0000e+00 +3.0000e+01 +1.3000e+01
3 +3.913946196e+03 +3.913946196e+03 +3.666836196e+03 +3.666836196e+03 +0.0000e+00 +3.0000e+00 +2.5000e+01 +2.1000e+01 +0.0000e+00 +1.1000e+01 +1.9000e+01 +3.0000e+00 +3.0000e+00 +3.0000e+00 +0.0000e+00 +1.7000e+01 +2.5000e+01 +2.1000e+01 +2.5000e+01 +3.0000e+00 +1.7000e+01 +3.0000e+00 +2.0000e+00 +2.1000e+01
9 +2.035240596e+03 +2.035240596e+03 +1.788130596e+03 +1.788130596e+03 +9.0000e+00 +8.0000e+00 +7.0000e+00 +7.0000e+00 +2.0000e+00 +0.0000e+00 +1.4000e+01 +8.0000e+00 +2.9000e+01 +8.0000e+00 +9.0000e+00 +0.0000e+00 +7.0000e+00 +7.0000e+00 +7.0000e+00 +8.0000e+00 +0.0000e+00 +8.0000e+00 +1.6000e+01 +7.0000e+00
49 +5.965941958e+02 +5.965941958e+02 +3.494841958e+02 +3.494841958e+02 +4.0000e+00 +8.0000e+00 +5.0000e+00 +5.0000e+00 +6.0000e+00 +5.0000e+00 +6.0000e+00 +5.0000e+00 +5.0000e+00 +5.0000e+00 +5.0000e+00 +5.0000e+00 +5.0000e+00 +7.0000e+00 +5.0000e+00 +5.0000e+00 +6.0000e+00 +5.0000e+00 +5.0000e+00 +6.0000e+00
89 +2.396085958e+02 +2.396085958e+02 -7.501404160e+00 -7.501404160e+00 +3.0000e+00 +3.0000e+00 +3.0000e+00 +3.0000e+00 +3.0000e+00 +4.0000e+00 +3.0000e+00 +3.0000e+00 +2.0000e+00 +3.0000e+00 +3.0000e+00 +3.0000e+00 +3.0000e+00 +3.0000e+00 +3.0000e+00 +3.0000e+00 +3.0000e+00 +3.0000e+00 +4.0000e+00 +3.0000e+00
129 +1.229189958e+02 +1.229189958e+02 -1.241910042e+02 -1.241910042e+02 +1.0000e+00 +1.0000e+00 +2.0000e+00 +1.0000e+00 +1.0000e+00 +2.0000e+00 +1.0000e+00 +1.0000e+00 +1.0000e+00 +2.0000e+00 +1.0000e+00 +1.0000e+00 +1.0000e+00 +0.0000e+00 +1.0000e+00 +1.0000e+00 +1.0000e+00 +1.0000e+00 +1.0000e+00 +1.0000e+00
% function evaluation | noise-free fitness - Fopt (-1.520400000000e+02) | best noise-free fitness - Fopt | measured fitness | best measured fitness | x1 | x2...
1 +7.499508035e+03 +7.499508035e+03 +7.347468035e+03 +7.347468035e+03 +1.2000e+01 +2.7000e+01 +9.0000e+00 +2.4000e+01 +6.0000e+00 +8.0000e+00 +2.7000e+01 +2.4000e+01 +3.0000e+00 +2.5000e+01 +2.9000e+01 +1.5000e+01 +2.4000e+01 +2.4000e+01 +1.5000e+01 +8.0000e+00 +2.0000e+01 +2.7000e+01 +9.0000e+00 +2.4000e+01
5 +3.863695235e+03 +3.863695235e+03 +3.711655235e+03 +3.711655235e+03 +2.3000e+01 +6.0000e+00 +1.8000e+01 +7.0000e+00 +1.2000e+01 +0.0000e+00 +8.0000e+00 +1.6000e+01 +0.0000e+00 +9.0000e+00 +2.0000e+01 +2.4000e+01 +7.0000e+00 +1.6000e+01 +2.2000e+01 +0.0000e+00 +1.6000e+01 +8.0000e+00 +1.3000e+01 +7.0000e+00
33 +1.221640835e+03 +1.221640835e+03 +1.069600835e+03 +1.069600835e+03 +1.4000e+01 +3.0000e+00 +9.0000e+00 +1.0000e+01 +3.0000e+00 +6.0000e+00 +1.0000e+00 +1.1000e+01 +9.0000e+00 +1.0000e+00 +9.0000e+00 +3.0000e+00 +7.0000e+00 +1.1000e+01 +1.0000e+01 +3.0000e+00 +6.0000e+00 +6.0000e+00 +6.0000e+00 +1.3000e+01
53 +9.884744352e+02 +9.884744352e+02 +8.364344352e+02 +8.364344352e+02 +1.0000e+00 +6.0000e+00 +8.0000e+00 +5.0000e+00 +2.0000e+00 +2.0000e+00 +2.0000e+00 +0.0000e+00 +8.0000e+00 +1.0000e+01 +5.0000e+00 +9.0000e+00 +5.0000e+00 +9.0000e+00 +8.0000e+00 +1.3000e+01 +6.0000e+00 +1.3000e+01 +8.0000e+00 +2.0000e+00
127 +1.996184352e+02 +1.996184352e+02 +4.757843520e+01 +4.757843520e+01 +2.0000e+00 +6.0000e+00 +0.0000e+00 +0.0000e+00 +0.0000e+00 +0.0000e+00 +0.0000e+00 +0.0000e+00 +6.0000e+00 +0.0000e+00 +0.0000e+00 +0.0000e+00 +2.0000e+00 +5.0000e+00 +2.0000e+00 +2.0000e+00 +0.0000e+00 +0.0000e+00 +6.0000e+00 +0.0000e+00
147 +1.357992352e+02 +1.357992352e+02 -1.624076480e+01 -1.624076480e+01 +0.0000e+00 +0.0000e+00 +0.0000e+00 +0.0000e+00 +0.0000e+00 +0.0000e+00 +0.0000e+00 +1.0000e+00 +1.0000e+00 +0.0000e+00 +0.0000e+00 +1.0000e+00 +0.0000e+00 +0.0000e+00 +5.0000e+00 +0.0000e+00 +1.0000e+00 +1.0000e+00 +0.0000e+00 +0.0000e+00
% function evaluation | noise-free fitness - Fopt (-2.525000000000e+01) | best noise-free fitness - Fopt | measured fitness | best measured fitness | x1 | x2...
1 +9.235522828e+03 +9.235522828e+03 +9.210272828e+03 +9.210272828e+03 +0.0000e+00 +5.0000e+00 +1.8000e+01 +3.0000e+01 +2.4000e+01 +5.0000e+00 +2.8000e+01 +2.8000e+01 +1.8000e+01 +2.7000e+01 +2.4000e+01 +1.0000e+00 +2.7000e+01 +2.7000e+01 +2.5000e+01 +1.6000e+01 +1.7000e+01 +1.4000e+01 +1.2000e+01 +2.8000e+01
2 +5.666228428e+03 +5.666228428e+03 +5.640978428e+03 +5.640978428e+03 +1.0000e+01 +2.5000e+01 +2.9000e+01 +1.8000e+01 +1.5000e+01 +2.5000e+01 +1.1000e+01 +8.0000e+00 +2.9000e+01 +1.3000e+01 +1.5000e+01 +9.0000e+00 +1.3000e+01 +1.3000e+01 +3.0000e+00 +2.5000e+01 +1.0000e+00 +1.6000e+01 +5.0000e+00 +8.0000e+00
8 +3.373486028e+03 +3.373486028e+03 +3.348236028e+03 +3.348236028e+03 +6.0000e+00 +1.2000e+01 +0.0000e+00 +2.5000e+01 +1.0000e+01 +8.0000e+00 +6.0000e+00 +1.5000e+01 +0.0000e+00 +6.0000e+00 +1.0000e+01 +4.0000e+00 +1.8000e+01 +1.8000e+01 +2.7000e+01 +1.6000e+01 +2.0000e+00 +1.0000e+00 +3.0000e+00 +1.5000e+01
64 +1.890028428e+03 +1.890028428e+03 +1.864778428e+03 +1.864778428e+03 +2.4000e+01 +1.0000e+01 +1.4000e+01 +2.2000e+01 +8.0000e+00 +2.0000e+00 +2.0000e+00 +2.0000e+00 +2.0000e+00 +2.0000e+00 +0.0000e+00 +1.4000e+01 +8.0000e+00 +2.0000e+00 +8.0000e+00 +2.0000e+00 +0.0000e+00 +8.0000e+00 +8.0000e+00 +2.0000e+00
84 +1.254950028e+03 +1.254950028e+03 +1.229700028e+03 +1.229700028e+03 +7.0000e+00 +1.0000e+00 +0.0000e+00 +1.0000e+00 +7.0000e+00 +1.0000e+00 +7.0000e+00 +9.0000e+00 +1.3000e+01 +1.3000e+01 +7.0000e+00 +0.0000e+00 +7.0000e+00 +1.3000e+01 +1.0000e+00 +1.0000e+00 +9.0000e+00 +1.3000e+01 +7.0000e+00 +1.0000e+00
104 +7.965692282e+02 +7.965692282e+02 +7.713192282e+02 +7.713192282e+02 +4.0000e+00 +1.4000e+01 +1.2000e+01 +6.0000e+00 +6.0000e+00 +0.0000e+00 +0.0000e+00 +6.0000e+00 +6.0000e+00 +6.0000e+00 +0.0000e+00 +0.0000e+00 +0.0000e+00 +0.0000e+00 +0.0000e+00 +0.0000e+00 +6.0000e+00 +6.0000e+00 +6.0000e+00 +6.0000e+00
124 +3.163020282e+02 +3.163020282e+02 +2.910520282e+02 +2.910520282e+02 +3.0000e+00 +5.0000e+00 +0.0000e+00 +5.0000e+00 +0.0000e+00 +5.0000e+00 +0.0000e+00 +0.0000e+00 +0.0000e+00 +0.0000e+00 +0.0000e+00 +0.0000e+00 +0.0000e+00 +0.0000e+00 +1.1000e+01 +5.0000e+00 +5.0000e+00 +0.0000e+00 +0.0000e+00 +5.0000e+00
144 +8.416602816e+01 +8.416602816e+01 +5.891602816e+01 +5.891602816e+01 +4.0000e+00 +0.0000e+00 +0.0000e+00 +0.0000e+00 +0.0000e+00 +4.0000e+00 +0.0000e+00 +0.0000e+00 +0.0000e+00 +0.0000e+00 +0.0000e+00 +0.0000e+00 +0.0000e+00 +0.0000e+00 +4.0000e+00 +0.0000e+00 +0.0000e+00 +0.0000e+00 +0.0000e+00 +2.0000e+00
% function evaluation | noise-free fitness - Fopt (2.230000000000e+00) | best noise-free fitness - Fopt | measured fitness | best measured fitness | x1 | x2...
1 +6.415182583e+03 +6.415182583e+03 +6.417412583e+03 +6.417412583e+03 +3.0000e+01 +1.0000e+01 +1.7000e+01 +3.0000e+00 +1.7000e+01 +2.0000e+00 +2.0000e+01 +2.4000e+01 +2.7000e+01 +0.0000e+00 +1.1000e+01 +2.7000e+01 +0.0000e+00 +7.0000e+00 +6.0000e+00 +2.3000e+01 +0.0000e+00 +3.0000e+01 +2.2000e+01 +1.1000e+01
3 +5.565472183e+03 +5.565472183e+03 +5.567702183e+03 +5.567702183e+03 +2.7000e+01 +8.0000e+00 +1.0000e+00 +1.1000e+01 +1.7000e+01 +1.4000e+01 +1.5000e+01 +2.0000e+00 +1.4000e+01 +3.0000e+00 +1.9000e+01 +1.4000e+01 +3.0000e+00 +1.7000e+01 +1.3000e+01 +2.2000e+01 +2.2000e+01 +2.4000e+01 +2.8000e+01 +1.9000e+01
27 +3.387211383e+03 +3.387211383e+03 +3.389441383e+03 +3.389441383e+03 +1.9000e+01 +2.4000e+01 +0.0000e+00 +1.0000e+00 +2.6000e+01 +8.0000e+00 +2.6000e+01 +3.0000e+00 +1.0000e+00 +1.9000e+01 +1.0000e+00 +1.0000e+00 +1.0000e+00 +0.0000e+00 +6.0000e+00 +4.0000e+00 +2.6000e+01 +1.0000e+00 +0.0000e+00 +1.0000e+00
65 +1.563843383e+03 +1.563843383e+03 +1.566073383e+03 +1.566073383e+03 +3.0000e+00 +8.0000e+00 +1.2000e+01 +2.0000e+00 +0.0000e+00 +4.0000e+00 +0.0000e+00 +0.0000e+00 +0.0000e+00 +0.0000e+00 +1.2000e+01 +0.0000e+00 +0.0000e+00 +0.0000e+00 +1.2000e+01 +1.2000e+01 +2.7000e+01 +2.0000e+00 +0.0000e+00 +0.0000e+00
105 +9.216065830e+02 +9.216065830e+02 +9.238365830e+02 +9.238365830e+02 +8.0000e+00 +2.0000e+00 +0.0000e+00 +2.0000e+00 +0.0000e+00 +0.0000e+00 +0.0000e+00 +0.0000e+00 +2.5000e+01 +1.0000e+01 +0.0000e+00 +0.0000e+00 +1.0000e+01 +2.0000e+00 +0.0000e+00 +0.0000e+00 +0.0000e+00 +0.0000e+00 +0.0000e+00 +0.0000e+00
127 +1.948833830e+02 +1.948833830e+02 +1.971133830e+02 +1.971133830e+02 +1.4000e+01 +0.0000e+00 +0.0000e+00 +0.0000e+00 +0.0000e+00 +0.0000e+00 +0.0000e+00 +0.0000e+00 +0.0000e+00 +0.0000e+00 +0.0000e+00 +0.0000e+00 +0.0000e+00 +0.0000e+00 +0.0000e+00 +0.0000e+00 +0.0000e+00 +0.0000e+00 +0.0000e+00 +0.0000e+00
147 +1.085985830e+02 +1.085985830e+02 +1.108285830e+02 +1.108285830e+02 +0.0000e+00 +0.0000e+00 +0.0000e+00 +0.0000e+00 +0.0000e+00 +0.0000e+00 +0.0000e+00 +0.0000e+00 +0.0000e+00 +0.0000e+00 +0.0000e+00 +0.0000e+00 +0.0000e+00 +0.0000e+00 +0.0000e+00 +0.0000e+00 +0.0000e+00 +0.0000e+00 +0.0000e+00 +0.0000e+00
% function evaluation | noise-free fitness - Fopt (-1.308000000000e+01) | best noise-free fitness - Fopt | measured fitness | best measured fitness | x1 | x2...
1 +5.786744147e+03 +5.786744147e+03 +5.773664147e+03 +5.773664147e+03 +2.1000e+01 +1.4000e+01 +0.0000e+00 +3.0000e+01 +5.0000e+00 +5.0000e+00 +5.0000e+00 +5.0000e+00 +2.6000e+01 +2.2000e+01 +3.0000e+01 +2.3000e+01 +0.0000e+00 +1.4000e+01 +2.3000e+01 +3.0000e+00 +1.4000e+01 +1.1000e+01 +3.0000e+00 +2.6000e+01
17 +3.807436947e+03 +3.807436947e+03 +3.794356947e+03 +3.794356947e+03 +1.9000e+01 +8.0000e+00 +0.0000e+00 +2.4000e+01 +9.0000e+00 +9.0000e+00 +1.0000e+01 +3.0000e+00 +1.0000e+00 +5.0000e+00 +2.4000e+01 +2.3000e+01 +5.0000e+00 +9.0000e+00 +2.3000e+01 +1.6000e+01 +9.0000e+00 +1.6000e+01 +1.6000e+01 +1.0000e+00
46 +2.170347347e+03 +2.170347347e+03 +2.157267347e+03 +2.157267347e+03 +2.0000e+00 +8.0000e+00 +1.0000e+00 +1.3000e+01 +2.0000e+00 +1.0000e+00 +1.8000e+01 +1.8000e+01 +1.3000e+01 +3.0000e+00 +1.3000e+01 +2.0000e+00 +2.0000e+00 +2.3000e+01 +1.3000e+01 +2.0000e+00 +1.3000e+01 +1.0000e+00 +1.0000e+00 +1.3000e+01
68 +1.149812947e+03 +1.149812947e+03 +1.136732947e+03 +1.136732947e+03 +0.0000e+00 +1.0000e+00 +1.7000e+01 +1.0000e+00 +2.2000e+01 +0.0000e+00 +1.3000e+01 +0.0000e+00 +1.0000e+00 +1.0000e+00 +0.0000e+00 +1.0000e+00 +1.0000e+00 +1.0000e+00 +1.0000e+00 +0.0000e+00 +1.3000e+01 +1.0000e+00 +1.0000e+00 +1.0000e+00
86 +8.548753466e+02 +8.548753466e+02 +8.417953466e+02 +8.417953466e+02 +3.0000e+00 +8.0000e+00 +0.0000e+00 +1.1000e+01 +0.0000e+00 +0.0000e+00 +0.0000e+00 +0.0000e+00 +0.0000e+00 +0.0000e+00 +0.0000e+00 +1.1000e+01 +0.0000e+00 +2.1000e+01 +0.0000e+00 +0.0000e+00 +0.0000e+00 +0.0000e+00 +0.0000e+00 +1.1000e+01
88 +2.099745466e+02 +2.099745466e+02 +1.968945466e+02 +1.968945466e+02 +0.0000e+00 +0.0000e+00 +0.0000e+00 +0.0000e+00 +0.0000e+00 +0.0000e+00 +0.0000e+00 +0.0000e+00 +0.0000e+00 +0.0000e+00 +0.0000e+00 +0.0000e+00 +0.0000e+00 +1.2000e+01 +0.0000e+00 +0.0000e+00 +0.0000e+00 +0.0000e+00 +0.0000e+00 +0.0000e+00
108 +8.726734656e+01 +8.726734656e+01 +7.418734656e+01 +7.418734656e+01 +0.0000e+00 +0.0000e+00 +0.0000e+00 +0.0000e+00 +0.0000e+00 +0.0000e+00 +0.0000e+00 +0.0000e+00 +0.0000e+00 +0.0000e+00 +0.0000e+00 +0.0000e+00 +0.0000e+00 +0.0000e+00 +0.0000e+00 +0.0000e+00 +0.0000e+00 +0.0000e+00 +0.0000e+00 +0.0000e+00
% function evaluation | noise-free fitness - Fopt (2.671600000000e+02) | best noise-free fitness - Fopt | measured fitness | best measured fitness | x1 | x2...
1 +7.042508984e+03 +7.042508984e+03 +7.309668984e+03 +7.309668984e+03 +2.3000e+01 +1.0000e+01 +1.4000e+01 +1.8000e+01 +2.1000e+01 +0.0000e+00 +1.4000e+01 +1.2000e+01 +1.9000e+01 +2.8000e+01 +2.8000e+01 +2.7000e+01 +1.8000e+01 +7.0000e+00 +1.4000e+01 +2.5000e+01 +1.3000e+01 +1.3000e+01 +0.0000e+00 +1.8000e+01
2 +4.018513784e+03 +4.018513784e+03 +4.285673784e+03 +4.285673784e+03 +2.8000e+01 +1.1000e+01 +5.0000e+00 +8.0000e+00 +3.0000e+00 +1.9000e+01 +5.0000e+00 +2.0000e+00 +7.0000e+00 +8.0000e+00 +8.0000e+00 +1.2000e+01 +8.0000e+00 +1.2000e+01 +5.0000e+00 +5.0000e+00 +2.3000e+01 +8.0000e+00 +1.9000e+01 +2.1000e+01
35 +3.281099384e+03 +3.281099384e+03 +3.548259384e+03 +3.548259384e+03 +1.0000e+01 +1.0000e+01 +0.0000e+00 +1.6000e+01 +3.0000e+00 +1.2000e+01 +0.0000e+00 +6.0000e+00 +1.2000e+01 +6.0000e+00 +1.0000e+01 +6.0000e+00 +1.0000e+01 +0.0000e+00 +2.7000e+01 +0.0000e+00 +6.0000e+00 +2.4000e+01 +1.6000e+01 +1.0000e+01
55 +2.416068984e+03 +2.416068984e+03 +2.683228984e+03 +2.683228984e+03 +1.1000e+01 +9.0000e+00 +2.6000e+01 +9.0000e+00 +5.0000e+00 +5.0000e+00 +9.0000e+00 +2.3000e+01 +0.0000e+00 +9.0000e+00 +0.0000e+00 +9.0000e+00 +5.0000e+00 +9.0000e+00 +0.0000e+00 +0.0000e+00 +0.0000e+00 +0.0000e+00 +5.0000e+00 +0.0000e+00
95 +1.134836984e+03 +1.134836984e+03 +1.401996984e+03 +1.401996984e+03 +0.0000e+00 +3.0000e+00 +3.0000e+00 +0.0000e+00 +2.1000e+01 +3.0000e+00 +3.0000e+00 +0.0000e+00 +0.0000e+00 +3.0000e+00 +3.0000e+00 +3.0000e+00 +0.0000e+00 +0.0000e+00 +7.0000e+00 +0.0000e+00 +0.0000e+00 +3.0000e+00 +0.0000e+00 +2.1000e+01
115 +2.322577843e+02 +2.322577843e+02 +4.994177843e+02 +4.994177843e+02 +0.0000e+00 +0.0000e+00 +2.0000e+00 +2.0000e+00 +0.0000e+00 +0.0000e+00 +2.0000e+00 +2.0000e+00 +0.0000e+00 +2.0000e+00 +2.0000e+00 +2.0000e+00 +2.0000e+00 +2.0000e+00 +2.0000e+00 +2.0000e+00 +6.0000e+00 +2.0000e+00 +2.0000e+00 +0.0000e+00
155 +1.348337843e+02 +1.348337843e+02 +4.019937843e+02 +4.019937843e+02 +0.0000e+00 +0.0000e+00 +0.0000e+00 +4.0000e+00 +0.0000e+00 +0.0000e+00 +0.0000e+00 +0.0000e+00 +0.0000e+00 +0.0000e+00 +0.0000e+00 +0.0000e+00 +0.0000e+00 +0.0000e+00 +0.0000e+00 +0.0000e+00 +0.0000e+00 +0.0000e+00 +0.0000e+00 +0.0000e+00
% function evaluation | noise-free fitness - Fopt (3.710000000000e+00) | best noise-free fitness - Fopt | measured fitness | best measured fitness | x1 | x2...
1 +6.942487709e+03 +6.942487709e+03 +6.946197709e+03 +6.946197709e+03 +2.1000e+01 +2.0000e+01 +2.1000e+01 +2.0000e+01 +1.4000e+01 +2.8000e+01 +2.6000e+01 +2.1000e+01 +1.0000e+01 +1.4000e+01 +4.0000e+00 +2.0000e+01 +2.0000e+00 +1.0000e+01 +2.0000e+00 +2.8000e+01 +2.8000e+01 +1.4000e+01 +8.0000e+00 +6.0000e+00
2 +6.053919709e+03 +6.053919709e+03 +6.057629709e+03 +6.057629709e+03 +9.0000e+00 +5.0000e+00 +2.7000e+01 +5.0000e+00 +1.9000e+01 +6.0000e+00 +2.2000e+01 +2.7000e+01 +2.6000e+01 +1.9000e+01 +0.0000e+00 +5.0000e+00 +1.9000e+01 +2.6000e+01 +1.9000e+01 +6.0000e+00 +6.0000e+00 +1.9000e+01 +1.2000e+01 +1.8000e+01
10 +2.510706909e+03 +2.510706909e+03 +2.514416909e+03 +2.514416909e+03 +9.0000e+00 +1.0000e+01 +1.1000e+01 +1.0000e+01 +1.0000e+01 +0.0000e+00 +0.0000e+00 +1.1000e+01 +3.0000e+00 +1.0000e+01 +1.9000e+01 +1.0000e+01 +5.0000e+00 +3.0000e+00 +5.0000e+00 +0.0000e+00 +0.0000e+00 +1.0000e+01 +5.0000e+00 +2.9000e+01
70 +1.072100509e+03 +1.072100509e+03 +1.075810509e+03 +1.075810509e+03 +1.8000e+01 +0.0000e+00 +7.0000e+00 +8.0000e+00 +8.0000e+00 +8.0000e+00 +2.0000e+00 +1.0000e+01 +0.0000e+00 +2.0000e+00 +7.0000e+00 +7.0000e+00 +2.0000e+00 +7.0000e+00 +2.0000e+00 +2.0000e+00 +8.0000e+00 +2.0000e+00 +1.0000e+01 +2.0000e+00
90 +9.518029094e+02 +9.518029094e+02 +9.555129094e+02 +9.555129094e+02 +7.0000e+00 +1.0000e+00 +6.0000e+00 +1.0000e+00 +6.0000e+00 +9.0000e+00 +1.0000e+00 +1.0000e+00 +9.0000e+00 +1.0000e+00 +1.0000e+00 +0.0000e+00 +7.0000e+00 +6.0000e+00 +1.0000e+00 +1.7000e+01 +7.0000e+00 +0.0000e+00 +7.0000e+00 +1.0000e+00
141 +5.811885094e+02 +5.811885094e+02 +5.848985094e+02 +5.848985094e+02 +0.0000e+00 +2.0000e+00 +0.0000e+00 +0.0000e+00 +1.4000e+01 +0.0000e+00 +3.0000e+00 +0.0000e+00 +2.0000e+00 +0.0000e+00 +0.0000e+00 +0.0000e+00 +0.0000e+00 +3.0000e+00 +1.1000e+01 +7.0000e+00 +0.0000e+00 +0.0000e+00 +0.0000e+00 +0.0000e+00
150 +2.991405094e+02 +2.991405094e+02 +3.028505094e+02 +3.028505094e+02 +0.0000e+00 +4.0000e+00 +0.0000e+00 +0.0000e+00 +4.0000e+00 +0.0000e+00 +6.0000e+00 +0.0000e+00 +4.0000e+00 +0.0000e+00 +0.0000e+00 +0.0000e+00 +0.0000e+00 +6.0000e+00 +3.0000e+00 +3.0000e+00 +0.0000e+00 +0.0000e+00 +0.0000e+00 +0.0000e+00
161 +2.018173094e+02 +2.018173094e+02 +2.055273094e+02 +2.055273094e+02 +0.0000e+00 +6.0000e+00 +0.0000e+00 +0.0000e+00 +0.0000e+00 +0.0000e+00 +0.0000e+00 +0.0000e+00 +0.0000e+00 +0.0000e+00 +0.0000e+00 +2.0000e+00 +0.0000e+00 +0.0000e+00 +1.0000e+00 +0.0000e+00 +0.0000e+00 +2.0000e+00 +0.0000e+00 +0.0000e+00
181 +9.601570944e+01 +9.601570944e+01 +9.972570944e+01 +9.972570944e+01 +0.0000e+00 +0.0000e+00 +0.0000e+00 +0.0000e+00 +0.0000e+00 +0.0000e+00 +0.0000e+00 +0.0000e+00 +0.0000e+00 +0.0000e+00 +0.0000e+00 +0.0000e+00 +0.0000e+00 +0.0000e+00 +0.0000e+00 +0.0000e+00 +0.0000e+00 +0.0000e+00 +0.0000e+00 +0.0000e+00
% function evaluation | noise-free fitness - Fopt (9.478000000000e+01) | best noise-free fitness - Fopt | measured fitness | best measured fitness | x1 | x2...
1 +7.174395833e+03 +7.174395833e+03 +7.269175833e+03 +7.269175833e+03 +1.8000e+01 +1.7000e+01 +2.8000e+01 +3.0000e+00 +1.7000e+01 +1.7000e+01 +2.5000e+01 +2.6000e+01 +0.0000e+00 +2.8000e+01 +0.0000e+00 +2.8000e+01 +2.1000e+01 +1.3000e+01 +0.0000e+00 +2.8000e+01 +1.7000e+01 +7.0000e+00 +2.8000e+01 +1.3000e+01
2 +5.006509433e+03 +5.006509433e+03 +5.101289433e+03 +5.101289433e+03 +3.0000e+00 +9.0000e+00 +1.9000e+01 +2.5000e+01 +1.1000e+01 +7.0000e+00 +3.0000e+00 +2.0000e+01 +1.6000e+01 +1.0000e+01 +1.6000e+01 +1.9000e+01 +2.0000e+01 +1.0000e+01 +1.6000e+01 +1.9000e+01 +1.1000e+01 +1.6000e+01 +1.0000e+01 +2.6000e+01
14 +3.954490233e+03 +3.954490233e+03 +4.049270233e+03 +4.049270233e+03 +2.2000e+01 +2.1000e+01 +2.0000e+00 +2.5000e+01 +1.1000e+01 +0.0000e+00 +0.0000e+00 +2.0000e+00 +1.6000e+01 +7.0000e+00 +1.6000e+01 +2.0000e+00 +1.0000e+00 +9.0000e+00 +1.6000e+01 +2.0000e+00 +1.1000e+01 +1.8000e+01 +7.0000e+00 +2.6000e+01
34 +2.249237433e+03 +2.249237433e+03 +2.344017433e+03 +2.344017433e+03 +2.0000e+00 +8.0000e+00 +1.5000e+01 +1.0000e+00 +0.0000e+00 +1.5000e+01 +1.7000e+01 +0.0000e+00 +0.0000e+00 +0.0000e+00 +1.0000e+01 +0.0000e+00 +2.4000e+01 +2.0000e+01 +1.0000e+00 +6.0000e+00 +1.0000e+00 +1.5000e+01 +1.0000e+00 +6.0000e+00
54 +7.423830330e+02 +7.423830330e+02 +8.371630330e+02 +8.371630330e+02 +0.0000e+00 +0.0000e+00 +0.0000e+00 +0.0000e+00 +0.0000e+00 +0.0000e+00 +1.6000e+01 +0.0000e+00 +0.0000e+00 +5.0000e+00 +0.0000e+00 +1.6000e+01 +7.0000e+00 +0.0000e+00 +0.0000e+00 +0.0000e+00 +0.0000e+00 +0.0000e+00 +1.4000e+01 +0.0000e+00
99 +1.837510330e+02 +1.837510330e+02 +2.785310330e+02 +2.785310330e+02 +2.0000e+00 +0.0000e+00 +5.0000e+00 +0.0000e+00 +0.0000e+00 +5.0000e+00 +0.0000e+00 +0.0000e+00 +5.0000e+00 +5.0000e+00 +0.0000e+00 +0.0000e+00 +0.0000e+00 +0.0000e+00 +2.0000e+00 +5.0000e+00 +2.0000e+00 +5.0000e+00 +5.0000e+00 +0.0000e+00
139 +1.319782330e+02 +1.319782330e+02 +2.267582330e+02 +2.267582330e+02 +0.0000e+00 +0.0000e+00 +0.0000e+00 +0.0000e+00 +3.0000e+00 +3.0000e+00 +0.0000e+00 +3.0000e+00 +3.0000e+00 +3.0000e+00 +3.0000e+00 +3.0000e+00 +0.0000e+00 +0.0000e+00 +0.0000e+00 +0.0000e+00 +3.0000e+00 +0.0000e+00 +3.0000e+00 +3.0000e+00
% function evaluation | noise-free fitness - Fopt (2.339200000000e+02) | best noise-free fitness - Fopt | measured fitness | best measured fitness | x1 | x2...
1 +5.507774220e+03 +5.507774220e+03 +5.741694220e+03 +5.741694220e+03 +7.0000e+00 +1.0000e+01 +0.0000e+00 +2.3000e+01 +2.0000e+00 +2.0000e+01 +1.2000e+01 +2.0000e+00 +1.2000e+01 +6.0000e+00 +1.0000e+01 +1.6000e+01 +2.0000e+01 +2.3000e+01 +2.8000e+01 +1.6000e+01 +1.2000e+01 +2.2000e+01 +1.6000e+01 +3.0000e+01
4 +3.744855820e+03 +3.744855820e+03 +3.978775820e+03 +3.978775820e+03 +0.0000e+00 +2.2000e+01 +3.0000e+00 +7.0000e+00 +7.0000e+00 +1.9000e+01 +5.0000e+00 +7.0000e+00 +5.0000e+00 +1.0000e+00 +4.0000e+00 +1.7000e+01 +1.9000e+01 +7.0000e+00 +1.7000e+01 +2.6000e+01 +5.0000e+00 +1.9000e+01 +2.6000e+01 +7.0000e+00
16 +2.077347020e+03 +2.077347020e+03 +2.311267020e+03 +2.311267020e+03 +1.5000e+01 +7.0000e+00 +1.1000e+01 +2.0000e+00 +0.0000e+00 +3.0000e+00 +2.0000e+00 +0.0000e+00 +2.0000e+00 +7.0000e+00 +1.2000e+01 +5.0000e+00 +4.0000e+00 +2.0000e+00 +2.0000e+01 +5.0000e+00 +2.0000e+00 +9.0000e+00 +5.0000e+00 +2.7000e+01
36 +1.237051020e+03 +1.237051020e+03 +1.470971020e+03 +1.470971020e+03 +9.0000e+00 +2.0000e+00 +1.0000e+00 +6.0000e+00 +0.0000e+00 +0.0000e+00 +1.0000e+00 +1.0000e+00 +6.0000e+00 +6.0000e+00 +3.0000e+00 +4.0000e+00 +1.9000e+01 +1.9000e+01 +4.0000e+00 +1.0000e+01 +4.0000e+00 +1.0000e+00 +4.0000e+00 +0.0000e+00
96 +7.615070195e+02 +7.615070195e+02 +9.954270195e+02 +9.954270195e+02 +0.0000e+00 +0.0000e+00 +0.0000e+00 +1.0000e+00 +3.0000e+00 +3.0000e+00 +0.0000e+00 +0.0000e+00 +0.0000e+00 +1.6000e+01 +0.0000e+00 +1.0000e+00 +0.0000e+00 +3.0000e+00 +0.0000e+00 +1.6000e+01 +0.0000e+00 +3.0000e+00 +1.6000e+01 +1.0000e+00
103 +4.025070195e+02 +4.025070195e+02 +6.364270195e+02 +6.364270195e+02 +0.0000e+00 +0.0000e+00 +0.0000e+00 +0.0000e+00 +1.4000e+01 +0.0000e+00 +0.0000e+00 +0.0000e+00 +5.0000e+00 +0.0000e+00 +0.0000e+00 +0.0000e+00 +0.0000e+00 +0.0000e+00 +0.0000e+00 +1.4000e+01 +0.0000e+00 +0.0000e+00 +0.0000e+00 +0.0000e+00
123 +6.255661952e+01 +6.255661952e+01 +2.964766195e+02 +2.964766195e+02 +0.0000e+00 +0.0000e+00 +0.0000e+00 +0.0000e+00 +0.0000e+00 +0.0000e+00 +0.0000e+00 +0.0000e+00 +0.0000e+00 +0.0000e+00 +0.0000e+00 +0.0000e+00 +0.0000e+00 +0.0000e+00 +0.0000e+00 +4.0000e+00 +0.0000e+00 +0.0000e+00 +0.0000e+00 +0.0000e+00
% function evaluation | noise-free fitness - Fopt (-6.092000000000e+01) | best noise-free fitness - Fopt | measured fitness | best measured fitness | x1 | x2...
1 +5.129845236e+03 +5.129845236e+03 +5.068925236e+03 +5.068925236e+03 +2.2000e+01 +7.0000e+00 +1.5000e+01 +1.4000e+01 +2.0000e+01 +2.0000e+01 +8.0000e+00 +2.2000e+01 +2.2000e+01 +1.3000e+01 +2.0000e+01 +2.2000e+01 +1.7000e+01 +8.0000e+00 +7.0000e+00 +7.0000e+00 +1.3000e+01 +1.5000e+01 +3.0000e+00 +1.5000e+01
19 +2.980235636e+03 +2.980235636e+03 +2.919315636e+03 +2.919315636e+03 +2.9000e+01 +1.0000e+00 +1.0000e+01 +5.0000e+00 +2.0000e+00 +2.0000e+00 +2.5000e+01 +1.0000e+01 +1.0000e+00 +6.0000e+00 +2.0000e+00 +1.0000e+01 +1.4000e+01 +2.5000e+01 +5.0000e+00 +5.0000e+00 +6.0000e+00 +1.0000e+01 +1.0000e+00 +1.0000e+01
47 +2.451250036e+03 +2.451250036e+03 +2.390330036e+03 +2.390330036e+03 +3.0000e+00 +1.2000e+01 +2.0000e+00 +2.0000e+00 +1.0000e+01 +2.0000e+00 +2.0000e+00 +1.0000e+01 +1.0000e+01 +0.0000e+00 +2.3000e+01 +2.0000e+00 +0.0000e+00 +0.0000e+00 +1.0000e+01 +2.3000e+01 +2.3000e+01 +2.0000e+00 +7.0000e+00 +2.0000e+00
59 +7.744644365e+02 +7.744644365e+02 +7.135444365e+02 +7.135444365e+02 +0.0000e+00 +1.2000e+01 +3.0000e+00 +3.0000e+00 +8.0000e+00 +3.0000e+00 +3.0000e+00 +8.0000e+00 +8.0000e+00 +0.0000e+00 +8.0000e+00 +3.0000e+00 +0.0000e+00 +0.0000e+00 +8.0000e+00 +8.0000e+00 +8.0000e+00 +3.0000e+00 +3.0000e+00 +3.0000e+00
79 +6.155988365e+02 +6.155988365e+02 +5.546788365e+02 +5.546788365e+02 +6.0000e+00 +3.0000e+00 +2.0000e+00 +0.0000e+00 +0.0000e+00 +7.0000e+00 +0.0000e+00 +0.0000e+00 +7.0000e+00 +7.0000e+00 +0.0000e+00 +2.0000e+00 +7.0000e+00 +7.0000e+00 +1.1000e+01 +2.0000e+00 +0.0000e+00 +7.0000e+00 +7.0000e+00 +2.0000e+00
99 +3.336564365e+02 +3.336564365e+02 +2.727364365e+02 +2.727364365e+02 +1.0000e+00 +0.0000e+00 +1.0000e+00 +6.0000e+00 +5.0000e+00 +6.0000e+00 +0.0000e+00 +1.0000e+00 +0.0000e+00 +6.0000e+00 +0.0000e+00 +0.0000e+00 +2.0000e+00 +0.0000e+00 +6.0000e+00 +0.0000e+00 +0.0000e+00 +0.0000e+00 +6.0000e+00 +0.0000e+00
134 +2.180404365e+02 +2.180404365e+02 +1.571204365e+02 +1.571204365e+02 +0.0000e+00 +5.0000e+00 +5.0000e+00 +2.0000e+00 +0.0000e+00 +5.0000e+00 +0.0000e+00 +0.0000e+00 +5.0000e+00 +2.0000e+00 +5.0000e+00 +2.0000e+00 +0.0000e+00 +2.0000e+00 +2.0000e+00 +0.0000e+00 +2.0000e+00 +2.0000e+00 +1.0000e+00 +2.0000e+00
159 +1.342580365e+02 +1.342580365e+02 +7.333803648e+01 +7.333803648e+01 +0.0000e+00 +0.0000e+00 +3.0000e+00 +0.0000e+00 +0.0000e+00 +0.0000e+00 +3.0000e+00 +3.0000e+00 +3.0000e+00 +0.0000e+00 +2.0000e+00 +0.0000e+00 +0.0000e+00 +0.0000e+00 +0.0000e+00 +0.0000e+00 +0.0000e+00 +0.0000e+00 +0.0000e+00 +0.0000e+00
% function evaluation | noise-free fitness - Fopt (-1.948000000000e+01) | best noise-free fitness - Fopt | measured fitness | best measured fitness | x1 | x2...
1 +2.627554572e+03 +2.627554572e+03 +2.608074572e+03 +2.608074572e+03 +6.0000e+00 +6.0000e+00 +0.0000e+00 +1.0000e+01 +2.7000e+01 +1.5000e+01 +8.0000e+00 +1.6000e+01 +1.0000e+01 +1.0000e+01 +6.0000e+00 +2.0000e+00 +2.0000e+00 +1.0000e+01 +0.0000e+00 +0.0000e+00 +1.2000e+01 +2.3000e+01 +1.6000e+01 +1.0000e+01
31 +2.483663372e+03 +2.483663372e+03 +2.464183372e+03 +2.464183372e+03 +0.0000e+00 +1.3000e+01 +1.2000e+01 +5.0000e+00 +2.4000e+01 +4.0000e+00 +1.3000e+01 +4.0000e+00 +1.2000e+01 +4.0000e+00 +1.7000e+01 +5.0000e+00 +1.3000e+01 +1.3000e+01 +1.3000e+01 +0.0000e+00 +1.2000e+01 +1.3000e+01 +4.0000e+00 +1.7000e+01
81 +1.539757772e+03 +1.539757772e+03 +1.520277772e+03 +1.520277772e+03 +2.0000e+00 +0.0000e+00 +1.5000e+01 +0.0000e+00 +6.0000e+00 +2.0000e+00 +2.0000e+00 +0.0000e+00 +2.0000e+00 +2.3000e+01 +0.0000e+00 +0.0000e+00 +0.0000e+00 +0.0000e+00 +2.3000e+01 +1.5000e+01 +0.0000e+00 +7.0000e+00 +0.0000e+00 +0.0000e+00
163 +4.688521722e+02 +4.688521722e+02 +4.493721722e+02 +4.493721722e+02 +2.0000e+00 +5.0000e+00 +6.0000e+00 +6.0000e+00 +6.0000e+00 +6.0000e+00 +1.0000e+00 +1.0000e+00 +6.0000e+00 +6.0000e+00 +6.0000e+00 +1.0000e+00 +6.0000e+00 +6.0000e+00 +6.0000e+00 +6.0000e+00 +6.0000e+00 +6.0000e+00 +1.0000e+00 +6.0000e+00
% function evaluation | noise-free fitness - Fopt (1.344700000000e+02) | best noise-free fitness - Fopt | measured fitness | best measured fitness | x1 | x2...
1 +8.471259866e+03 +8.471259866e+03 +8.605729866e+03 +8.605729866e+03 +2.4000e+01 +2.9000e+01 +2.0000e+00 +2.8000e+01 +1.2000e+01 +2.1000e+01 +0.0000e+00 +1.9000e+01 +1.9000e+01 +2.0000e+00 +1.9000e+01 +2.6000e+01 +1.7000e+01 +1.2000e+01 +1.0000e+00 +1.7000e+01 +2.5000e+01 +2.4000e+01 +3.0000e+01 +1.7000e+01
3 +5.625314266e+03 +5.625314266e+03 +5.759784266e+03 +5.759784266e+03 +7.0000e+00 +1.4000e+01 +2.5000e+01 +1.5000e+01 +2.4000e+01 +2.7000e+01 +1.4000e+01 +5.0000e+00 +5.0000e+00 +2.5000e+01 +2.0000e+00 +3.0000e+00 +5.0000e+00 +2.4000e+01 +2.8000e+01 +5.0000e+00 +6.0000e+00 +8.0000e+00 +0.0000e+00 +5.0000e+00
10 +3.067467866e+03 +3.067467866e+03 +3.201937866e+03 +3.201937866e+03 +2.0000e+00 +3.0000e+00 +6.0000e+00 +2.0000e+00 +2.0000e+01 +0.0000e+00 +2.0000e+00 +1.4000e+01 +1.4000e+01 +6.0000e+00 +6.0000e+00 +1.0000e+00 +1.0000e+01 +2.0000e+01 +1.5000e+01 +1.0000e+01 +3.0000e+00 +2.0000e+00 +2.2000e+01 +1.0000e+01
30 +2.365739866e+03 +2.365739866e+03 +2.500209866e+03 +2.500209866e+03 +2.0000e+00 +1.0000e+00 +2.0000e+00 +9.0000e+00 +1.4000e+01 +0.0000e+00 +1.4000e+01 +1.9000e+01 +9.0000e+00 +9.0000e+00 +2.0000e+00 +0.0000e+00 +5.0000e+00 +9.0000e+00 +1.0000e+00 +5.0000e+00 +1.9000e+01 +9.0000e+00 +1.4000e+01 +1.0000e+00
90 +1.473373466e+03 +1.473373466e+03 +1.607843466e+03 +1.607843466e+03 +2.0000e+00 +0.0000e+00 +0.0000e+00 +0.0000e+00 +2.0000e+00 +2.0000e+00 +0.0000e+00 +2.0000e+00 +1.1000e+01 +1.6000e+01 +6.0000e+00 +1.1000e+01 +1.1000e+01 +0.0000e+00 +0.0000e+00 +1.1000e+01 +1.6000e+01 +0.0000e+00 +0.0000e+00 +1.1000e+01
130 +7.253734662e+02 +7.253734662e+02 +8.598434662e+02 +8.598434662e+02 +0.0000e+00 +0.0000e+00 +0.0000e+00 +0.0000e+00 +0.0000e+00 +0.0000e+00 +1.4000e+01 +0.0000e+00 +1.4000e+01 +0.0000e+00 +0.0000e+00 +0.0000e+00 +9.0000e+00 +0.0000e+00 +0.0000e+00 +0.0000e+00 +0.0000e+00 +0.0000e+00 +9.0000e+00 +0.0000e+00
178 +5.888342662e+02 +5.888342662e+02 +7.233042662e+02 +7.233042662e+02 +2.0000e+00 +6.0000e+00 +2.0000e+00 +3.0000e+00 +4.0000e+00 +4.0000e+00 +3.0000e+00 +4.0000e+00 +4.0000e+00 +2.0000e+00 +4.0000e+00 +4.0000e+00 +6.0000e+00 +2.0000e+00 +4.0000e+00 +4.0000e+00 +3.0000e+00 +4.0000e+00 +4.0000e+00 +1.0000e+01
190 +3.320534662e+02 +3.320534662e+02 +4.665234662e+02 +4.665234662e+02 +0.0000e+00 +0.0000e+00 +0.0000e+00 +0.0000e+00 +6.0000e+00 +0.0000e+00 +1.1000e+01 +0.0000e+00 +0.0000e+00 +0.0000e+00 +1.1000e+01 +0.0000e+00 +0.0000e+00 +0.0000e+00 +0.0000e+00 +0.0000e+00 +0.0000e+00 +0.0000e+00 +0.0000e+00 +0.0000e+00
% function evaluation | noise-free fitness - Fopt (4.453500000000e+02) | best noise-free fitness - Fopt | measured fitness | best measured fitness | x1 | x2...
1 +7.023205945e+03 +7.023205945e+03 +7.468555945e+03 +7.468555945e+03 +2.2000e+01 +3.0000e+01 +1.6000e+01 +2.1000e+01 +2.2000e+01 +2.1000e+01 +1.7000e+01 +1.3000e+01 +1.7000e+01 +1.0000e+01 +2.0000e+01 +1.2000e+01 +1.7000e+01 +2.1000e+01 +2.2000e+01 +1.4000e+01 +2.2000e+01 +7.0000e+00 +1.3000e+01 +3.0000e+01
4 +5.326701945e+03 +5.326701945e+03 +5.772051945e+03 +5.772051945e+03 +9.0000e+00 +1.2000e+01 +2.1000e+01 +2.3000e+01 +1.0000e+00 +2.3000e+01 +2.1000e+01 +2.2000e+01 +2.1000e+01 +1.5000e+01 +7.0000e+00 +9.0000e+00 +2.1000e+01 +2.3000e+01 +1.0000e+00 +3.0000e+00 +1.2000e+01 +1.6000e+01 +2.2000e+01 +9.0000e+00
13 +3.373695545e+03 +3.373695545e+03 +3.819045545e+03 +3.819045545e+03 +1.0000e+01 +1.6000e+01 +1.2000e+01 +1.2000e+01 +1.0000e+01 +1.2000e+01 +1.3000e+01 +1.6000e+01 +1.3000e+01 +3.0000e+00 +1.0000e+01 +1.6000e+01 +1.3000e+01 +1.2000e+01 +1.0000e+01 +2.6000e+01 +8.0000e+00 +4.0000e+00 +1.6000e+01 +1.8000e+01
53 +2.393367545e+03 +2.393367545e+03 +2.838717545e+03 +2.838717545e+03 +1.5000e+01 +1.0000e+01 +1.0000e+01 +1.0000e+01 +8.0000e+00 +1.0000e+01 +1.0000e+00 +1.4000e+01 +1.1000e+01 +1.0000e+01 +1.0000e+01 +1.4000e+01 +1.4000e+01 +1.4000e+01 +1.0000e+01 +2.0000e+00 +1.0000e+01 +1.4000e+01 +1.4000e+01 +1.4000e+01
148 +1.235116345e+03 +1.235116345e+03 +1.680466345e+03 +1.680466345e+03 +0.0000e+00 +0.0000e+00 +0.0000e+00 +1.0000e+01 +0.0000e+00 +7.0000e+00 +0.0000e+00 +0.0000e+00 +2.0000e+01 +0.0000e+00 +0.0000e+00 +1.4000e+01 +0.0000e+00 +1.0000e+01 +0.0000e+00 +7.0000e+00 +1.4000e+01 +7.0000e+00 +1.0000e+01 +0.0000e+00
159 +8.060299450e+02 +8.060299450e+02 +1.251379945e+03 +1.251379945e+03 +0.0000e+00 +0.0000e+00 +0.0000e+00 +0.0000e+00 +1.2000e+01 +0.0000e+00 +0.0000e+00 +0.0000e+00 +1.6000e+01 +0.0000e+00 +0.0000e+00 +1.5000e+01 +0.0000e+00 +0.0000e+00 +0.0000e+00 +0.0000e+00 +1.5000e+01 +0.0000e+00 +0.0000e+00 +0.0000e+00
168 +2.066507450e+02 +2.066507450e+02 +6.520007450e+02 +6.520007450e+02 +0.0000e+00 +6.0000e+00 +0.0000e+00 +6.0000e+00 +0.0000e+00 +0.0000e+00 +0.0000e+00 +0.0000e+00 +0.0000e+00 +0.0000e+00 +0.0000e+00 +0.0000e+00 +0.0000e+00 +0.0000e+00 +0.0000e+00 +0.0000e+00 +0.0000e+00 +6.0000e+00 +0.0000e+00 +0.0000e+00
183 +1.305163450e+02 +1.305163450e+02 +5.758663450e+02 +5.758663450e+02 +0.0000e+00 +0.0000e+00 +1.0000e+00 +0.0000e+00 +0.0000e+00 +0.0000e+00 +0.0000e+00 +0.0000e+00 +0.0000e+00 +0.0000e+00 +0.0000e+00 +0.0000e+00 +0.0000e+00 +0.0000e+00 +0.0000e+00 +0.0000e+00 +1.0000e+00 +1.0000e+00 +0.0000e+00 +1.0000e+00
