% function evaluation | noise-free fitness - Fopt (7.948000000000e+01) | best noise-free fitness - Fopt | measured fitness | best measured fitness | x1 | x2...
1 +3.488324592e+26 +3.488324592e+26 +3.488324592e+26 +3.488324592e+26 +1.8677e+13 +0.0000e+00 +0.0000e+00 +0.0000e+00 +0.0000e+00 +0.0000e+00 +0.0000e+00 +0.0000e+00 +0.0000e+00 +0.0000e+00
2 +1.305652071e+25 +1.305652071e+25 +1.305652071e+25 +1.305652071e+25 +3.6134e+12 +0.0000e+00 +0.0000e+00 +0.0000e+00 +0.0000e+00 +0.0000e+00 +0.0000e+00 +0.0000e+00 +0.0000e+00 +0.0000e+00
24 +7.524817849e+24 +7.524817849e+24 +7.524817849e+24 +7.524817849e+24 +2.7431e+12 +0.0000e+00 +0.0000e+00 +0.0000e+00 +0.0000e+00 +0.0000e+00 +0.0000e+00 +0.0000e+00 +0.0000e+00 +0.0000e+00
98 +1.861068829e+23 +1.861068829e+23 +1.861068829e+23 +1.861068829e+23 +4.3140e+11 +0.0000e+00 +0.0000e+00 +0.0000e+00 +0.0000e+00 +1.3107e+05 +0.0000e+00 +0.0000e+00 +0.0000e+00 +0.0000e+00
% function evaluation | noise-free fitness - Fopt (3.944800000000e+02) | best noise-free fitness - Fopt | measured fitness | best measured fitness | x1 | x2...
1 +7.613890377e+26 +7.613890377e+26 +7.613890377e+26 +7.613890377e+26 +2.7593e+13 +0.0000e+00 +0.0000e+00 +0.0000e+00 +0.0000e+00 +0.0000e+00 +0.0000e+00 +0.0000e+00 +0.0000e+00 +0.0000e+00
3 +4.757417905e+25 +4.757417905e+25 +4.757417905e+25 +4.757417905e+25 +6.8974e+12 +0.0000e+00 +0.0000e+00 +0.0000e+00 +0.0000e+00 +0.0000e+00 +0.0000e+00 +0.0000e+00 +0.0000e+00 +0.0000e+00
11 +2.882768631e+25 +2.882768631e+25 +2.882768631e+25 +2.882768631e+25 +5.3691e+12 +0.0000e+00 +0.0000e+00 +0.0000e+00 +0.0000e+00 +0.0000e+00 +0.0000e+00 +0.0000e+00 +0.0000e+00 +0.0000e+00
27 +1.027606102e+25 +1.027606102e+25 +1.027606102e+25 +1.027606102e+25 +3.2056e+12 +0.0000e+00 +0.0000e+00 +0.0000e+00 +0.0000e+00 +0.0000e+00 +0.0000e+00 +0.0000e+00 +0.0000e+00 +0.0000e+00
29 +9.496135211e+23 +9.496135211e+23 +9.496135211e+23 +9.496135211e+23 +9.7448e+11 +0.0000e+00 +0.0000e+00 +0.0000e+00 +0.0000e+00 +0.0000e+00 +0.0000e+00 +0.0000e+00 +0.0000e+00 +0.0000e+00
59 +6.148396789e+23 +6.148396789e+23 +6.148396789e+23 +6.148396789e+23 +7.8412e+11 +0.0000e+00 +0.0000e+00 +0.0000e+00 +0.0000e+00 +0.0000e+00 +0.0000e+00 +0.0000e+00 +0.0000e+00 +0.0000e+00
% function evaluation | noise-free fitness - Fopt (-2.471100000000e+02) | best noise-free fitness - Fopt | measured fitness | best measured fitness | x1 | x2...
1 +9.933708863e+26 +9.933708863e+26 +9.933708863e+26 +9.933708863e+26 +3.1518e+13 +0.0000e+00 +0.0000e+00 +0.0000e+00 +0.0000e+00 +0.0000e+00 +0.0000e+00 +0.0000e+00 +0.0000e+00 +0.0000e+00
2 +1.455869537e+25 +1.455869537e+25 +1.455869537e+25 +1.455869537e+25 +3.8156e+12 +0.0000e+00 +0.0000e+00 +0.0000e+00 +0.0000e+00 +0.0000e+00 +0.0000e+00 +0.0000e+00 +0.0000e+00 +0.0000e+00
33 +2.917350877e+23 +2.917350877e+23 +2.917350877e+23 +2.917350877e+23 +5.4013e+11 +0.0000e+00 +0.0000e+00 +0.0000e+00 +0.0000e+00 +0.0000e+00 +0.0000e+00 +0.0000e+00 +0.0000e+00 +0.0000e+00
% function evaluation | noise-free fitness - Fopt (-1.520400000000e+02) | best noise-free fitness - Fopt | measured fitness | best measured fitness | x1 | x2...
1 +1.128089875e+26 +1.128089875e+26 +1.128089875e+26 +1.128089875e+26 +1.0621e+13 +0.0000e+00 +0.0000e+00 +0.0000e+00 +0.0000e+00 +0.0000e+00 +0.0000e+00 +0.0000e+00 +0.0000e+00 +0.0000e+00
7 +3.992718145e+24 +3.992718145e+24 +3.992718145e+24 +3.992718145e+24 +1.9982e+12 +0.0000e+00 +0.0000e+00 +0.0000e+00 +0.0000e+00 +0.0000e+00 +0.0000e+00 +0.0000e+00 +0.0000e+00 +0.0000e+00
11 +3.672208514e+24 +3.672208514e+24 +3.672208514e+24 +3.672208514e+24 +1.9163e+12 +0.0000e+00 +0.0000e+00 +0.0000e+00 +0.0000e+00 +0.0000e+00 +0.0000e+00 +0.0000e+00 +0.0000e+00 +0.0000e+00
25 +6.370970123e+23 +6.370970123e+23 +6.370970123e+23 +6.370970123e+23 +7.9818e+11 +0.0000e+00 +0.0000e+00 +0.0000e+00 +0.0000e+00 +0.0000e+00 +0.0000e+00 +0.0000e+00 +0.0000e+00 +0.0000e+00
52 +9.806976088e+22 +9.806976088e+22 +9.806976088e+22 +9.806976088e+22 +3.1316e+11 +0.0000e+00 +0.0000e+00 +0.0000e+00 +0.0000e+00 +0.0000e+00 +0.0000e+00 +0.0000e+00 +0.0000e+00 +0.0000e+00
% function evaluation | noise-free fitness - Fopt (-2.525000000000e+01) | best noise-free fitness - Fopt | measured fitness | best measured fitness | x1 | x2...
1 +3.245118824e+26 +3.245118824e+26 +3.245118824e+26 +3.245118824e+26 +1.8014e+13 +0.0000e+00 +0.0000e+00 +0.0000e+00 +0.0000e+00 +0.0000e+00 +0.0000e+00 +0.0000e+00 +0.0000e+00 +0.0000e+00
2 +5.949017760e+25 +5.949017760e+25 +5.949017760e+25 +5.949017760e+25 +7.7130e+12 +0.0000e+00 +0.0000e+00 +0.0000e+00 +0.0000e+00 +0.0000e+00 +0.0000e+00 +0.0000e+00 +0.0000e+00 +0.0000e+00
9 +1.580009653e+25 +1.580009653e+25 +1.580009653e+25 +1.580009653e+25 +3.9749e+12 +0.0000e+00 +0.0000e+00 +0.0000e+00 +0.0000e+00 +0.0000e+00 +0.0000e+00 +0.0000e+00 +0.0000e+00 +0.0000e+00
15 +9.133892662e+22 +9.133892662e+22 +9.133892662e+22 +9.133892662e+22 +3.0222e+11 +0.0000e+00 +0.0000e+00 +0.0000e+00 +0.0000e+00 +0.0000e+00 +0.0000e+00 +0.0000e+00 +0.0000e+00 +0.0000e+00
46 +3.144435553e+22 +3.144435553e+22 +3.144435553e+22 +3.144435553e+22 +1.7733e+11 +0.0000e+00 +0.0000e+00 +0.0000e+00 +0.0000e+00 +0.0000e+00 +0.0000e+00 +0.0000e+00 +0.0000e+00 +0.0000e+00
% function evaluation | noise-free fitness - Fopt (2.230000000000e+00) | best noise-free fitness - Fopt | measured fitness | best measured fitness | x1 | x2...
1 +9.454117600e+26 +9.454117600e+26 +9.454117600e+26 +9.454117600e+26 +3.0748e+13 +0.0000e+00 +0.0000e+00 +0.0000e+00 +0.0000e+00 +0.0000e+00 +0.0000e+00 +0.0000e+00 +0.0000e+00 +0.0000e+00
4 +5.041353837e+26 +5.041353837e+26 +5.041353837e+26 +5.041353837e+26 +2.2453e+13 +0.0000e+00 +0.0000e+00 +0.0000e+00 +0.0000e+00 +0.0000e+00 +0.0000e+00 +0.0000e+00 +0.0000e+00 +0.0000e+00
5 +1.189545577e+25 +1.189545577e+25 +1.189545577e+25 +1.189545577e+25 +3.4490e+12 +0.0000e+00 +0.0000e+00 +0.0000e+00 +0.0000e+00 +0.0000e+00 +0.0000e+00 +0.0000e+00 +0.0000e+00 +0.0000e+00
27 +3.422167287e+24 +3.422167287e+24 +3.422167287e+24 +3.422167287e+24 +1.8499e+12 +0.0000e+00 +0.0000e+00 +0.0000e+00 +0.0000e+00 +0.0000e+00 +0.0000e+00 +0.0000e+00 +0.0000e+00 +0.0000e+00
34 +1.561435209e+24 +1.561435209e+24 +1.561435209e+24 +1.561435209e+24 +1.2496e+12 +0.0000e+00 +0.0000e+00 +0.0000e+00 +0.0000e+00 +0.0000e+00 +0.0000e+00 +0.0000e+00 +0.0000e+00 +0.0000e+00
59 +8.544797014e+23 +8.544797014e+23 +8.544797014e+23 +8.544797014e+23 +9.2438e+11 +0.0000e+00 +0.0000e+00 +0.0000e+00 +0.0000e+00 +0.0000e+00 +0.0000e+00 +0.0000e+00 +0.0000e+00 +0.0000e+00
67 +3.535884817e+23 +3.535884817e+23 +3.535884817e+23 +3.535884817e+23 +5.9463e+11 +0.0000e+00 +0.0000e+00 +0.0000e+00 +0.0000e+00 +0.0000e+00 +0.0000e+00 +0.0000e+00 +0.0000e+00 +0.0000e+00
% function evaluation | noise-free fitness - Fopt (-1.308000000000e+01) | best noise-free fitness - Fopt | measured fitness | best measured fitness | x1 | x2...
1 +5.916298476e+26 +5.916298476e+26 +5.916298476e+26 +5.916298476e+26 +2.4323e+13 +0.0000e+00 +0.0000e+00 +0.0000e+00 +0.0000e+00 +0.0000e+00 +0.0000e+00 +0.0000e+00 +0.0000e+00 +0.0000e+00
4 +1.031005116e+26 +1.031005116e+26 +1.031005116e+26 +1.031005116e+26 +1.0154e+13 +0.0000e+00 +0.0000e+00 +0.0000e+00 +0.0000e+00 +0.0000e+00 +0.0000e+00 +0.0000e+00 +0.0000e+00 +0.0000e+00
8 +3.907342071e+25 +3.907342071e+25 +3.907342071e+25 +3.907342071e+25 +6.2509e+12 +0.0000e+00 +0.0000e+00 +0.0000e+00 +0.0000e+00 +0.0000e+00 +0.0000e+00 +0.0000e+00 +0.0000e+00 +0.0000e+00
9 +1.580663980e+25 +1.580663980e+25 +1.580663980e+25 +1.580663980e+25 +3.9758e+12 +0.0000e+00 +0.0000e+00 +0.0000e+00 +0.0000e+00 +0.0000e+00 +0.0000e+00 +0.0000e+00 +0.0000e+00 +0.0000e+00
69 +3.831382281e+24 +3.831382281e+24 +3.831382281e+24 +3.831382281e+24 +1.9574e+12 +0.0000e+00 +0.0000e+00 +0.0000e+00 +0.0000e+00 +0.0000e+00 +0.0000e+00 +0.0000e+00 +0.0000e+00 +0.0000e+00
% function evaluation | noise-free fitness - Fopt (2.671600000000e+02) | best noise-free fitness - Fopt | measured fitness | best measured fitness | x1 | x2...
1 +1.043386215e+27 +1.043386215e+27 +1.043386215e+27 +1.043386215e+27 +3.2301e+13 +0.0000e+00 +0.0000e+00 +0.0000e+00 +0.0000e+00 +0.0000e+00 +0.0000e+00 +0.0000e+00 +0.0000e+00 +0.0000e+00
2 +8.928559598e+25 +8.928559598e+25 +8.928559598e+25 +8.928559598e+25 +9.4491e+12 +0.0000e+00 +0.0000e+00 +0.0000e+00 +0.0000e+00 +0.0000e+00 +0.0000e+00 +0.0000e+00 +0.0000e+00 +0.0000e+00
32 +2.238243966e+25 +2.238243966e+25 +2.238243966e+25 +2.238243966e+25 +4.7310e+12 +0.0000e+00 +0.0000e+00 +0.0000e+00 +0.0000e+00 +0.0000e+00 +0.0000e+00 +0.0000e+00 +0.0000e+00 +0.0000e+00
35 +9.066310013e+23 +9.066310013e+23 +9.066310013e+23 +9.066310013e+23 +9.5217e+11 +0.0000e+00 +0.0000e+00 +0.0000e+00 +0.0000e+00 +0.0000e+00 +0.0000e+00 +0.0000e+00 +0.0000e+00 +0.0000e+00
% function evaluation | noise-free fitness - Fopt (3.710000000000e+00) | best noise-free fitness - Fopt | measured fitness | best measured fitness | x1 | x2...
1 +5.131066671e+25 +5.131066671e+25 +5.131066671e+25 +5.131066671e+25 +7.1631e+12 +0.0000e+00 +0.0000e+00 +0.0000e+00 +0.0000e+00 +0.0000e+00 +0.0000e+00 +0.0000e+00 +0.0000e+00 +0.0000e+00
17 +2.886747838e+25 +2.886747838e+25 +2.886747838e+25 +2.886747838e+25 +5.3728e+12 +0.0000e+00 +0.0000e+00 +0.0000e+00 +0.0000e+00 +0.0000e+00 +0.0000e+00 +0.0000e+00 +0.0000e+00 +0.0000e+00
18 +6.490512306e+24 +6.490512306e+24 +6.490512306e+24 +6.490512306e+24 +2.5476e+12 +0.0000e+00 +0.0000e+00 +0.0000e+00 +0.0000e+00 +0.0000e+00 +0.0000e+00 +0.0000e+00 +0.0000e+00 +0.0000e+00
28 +1.467922328e+23 +1.467922328e+23 +1.467922328e+23 +1.467922328e+23 +3.8313e+11 +0.0000e+00 +0.0000e+00 +0.0000e+00 +0.0000e+00 +0.0000e+00 +0.0000e+00 +0.0000e+00 +0.0000e+00 +0.0000e+00
% function evaluation | noise-free fitness - Fopt (9.478000000000e+01) | best noise-free fitness - Fopt | measured fitness | best measured fitness | x1 | x2...
1 +1.288152399e+26 +1.288152399e+26 +1.288152399e+26 +1.288152399e+26 +1.1350e+13 +0.0000e+00 +0.0000e+00 +0.0000e+00 +0.0000e+00 +0.0000e+00 +0.0000e+00 +0.0000e+00 +0.0000e+00 +0.0000e+00
4 +5.994569747e+24 +5.994569747e+24 +5.994569747e+24 +5.994569747e+24 +2.4484e+12 +0.0000e+00 +0.0000e+00 +0.0000e+00 +0.0000e+00 +0.0000e+00 +0.0000e+00 +0.0000e+00 +0.0000e+00 +0.0000e+00
26 +2.436356036e+24 +2.436356036e+24 +2.436356036e+24 +2.436356036e+24 +1.5609e+12 +0.0000e+00 +0.0000e+00 +0.0000e+00 +0.0000e+00 +0.0000e+00 +0.0000e+00 +0.0000e+00 +0.0000e+00 +0.0000e+00
72 +4.247370564e+23 +4.247370564e+23 +4.247370564e+23 +4.247370564e+23 +6.5172e+11 +0.0000e+00 +0.0000e+00 +0.0000e+00 +0.0000e+00 +0.0000e+00 +0.0000e+00 +0.0000e+00 +0.0000e+00 +0.0000e+00
99 +5.725863208e+22 +5.725863208e+22 +5.725863208e+22 +5.725863208e+22 +2.3929e+11 +0.0000e+00 +0.0000e+00 +0.0000e+00 +0.0000e+00 +0.0000e+00 +0.0000e+00 +0.0000e+00 +0.0000e+00 +0.0000e+00
% function evaluation | noise-free fitness - Fopt (2.339200000000e+02) | best noise-free fitness - Fopt | measured fitness | best measured fitness | x1 | x2...
1 +9.169275680e+26 +9.169275680e+26 +9.169275680e+26 +9.169275680e+26 +3.0281e+13 +0.0000e+00 +0.0000e+00 +0.0000e+00 +0.0000e+00 +0.0000e+00 +0.0000e+00 +0.0000e+00 +0.0000e+00 +0.0000e+00
2 +4.124441818e+26 +4.124441818e+26 +4.124441818e+26 +4.124441818e+26 +2.0309e+13 +0.0000e+00 +0.0000e+00 +0.0000e+00 +0.0000e+00 +0.0000e+00 +0.0000e+00 +0.0000e+00 +0.0000e+00 +0.0000e+00
5 +2.503494679e+23 +2.503494679e+23 +2.503494679e+23 +2.503494679e+23 +5.0035e+11 +0.0000e+00 +0.0000e+00 +0.0000e+00 +0.0000e+00 +0.0000e+00 +0.0000e+00 +0.0000e+00 +0.0000e+00 +0.0000e+00
49 +3.158220946e+22 +3.158220946e+22 +3.158220946e+22 +3.158220946e+22 +1.7771e+11 +0.0000e+00 +0.0000e+00 +0.0000e+00 +0.0000e+00 +0.0000e+00 +0.0000e+00 +0.0000e+00 +0.0000e+00 +0.0000e+00
% function evaluation | noise-free fitness - Fopt (-6.092000000000e+01) | best noise-free fitness - Fopt | measured fitness | best measured fitness | x1 | x2...
1 +2.453042306e+26 +2.453042306e+26 +2.453042306e+26 +2.453042306e+26 +1.5662e+13 +0.0000e+00 +0.0000e+00 +0.0000e+00 +0.0000e+00 +0.0000e+00 +0.0000e+00 +0.0000e+00 +0.0000e+00 +0.0000e+00
9 +1.112625503e+26 +1.112625503e+26 +1.112625503e+26 +1.112625503e+26 +1.0548e+13 +0.0000e+00 +0.0000e+00 +0.0000e+00 +0.0000e+00 +0.0000e+00 +0.0000e+00 +0.0000e+00 +0.0000e+00 +0.0000e+00
10 +1.845299327e+24 +1.845299327e+24 +1.845299327e+24 +1.845299327e+24 +1.3584e+12 +0.0000e+00 +0.0000e+00 +0.0000e+00 +0.0000e+00 +0.0000e+00 +0.0000e+00 +0.0000e+00 +0.0000e+00 +0.0000e+00
24 +6.824302338e+23 +6.824302338e+23 +6.824302338e+23 +6.824302338e+23 +8.2609e+11 +0.0000e+00 +0.0000e+00 +0.0000e+00 +0.0000e+00 +0.0000e+00 +0.0000e+00 +0.0000e+00 +0.0000e+00 +0.0000e+00
% function evaluation | noise-free fitness - Fopt (-1.948000000000e+01) | best noise-free fitness - Fopt | measured fitness | best measured fitness | x1 | x2...
1 +1.458753471e+26 +1.458753471e+26 +1.458753471e+26 +1.458753471e+26 +1.2078e+13 +0.0000e+00 +0.0000e+00 +0.0000e+00 +0.0000e+00 +0.0000e+00 +0.0000e+00 +0.0000e+00 +0.0000e+00 +0.0000e+00
10 +2.151655591e+25 +2.151655591e+25 +2.151655591e+25 +2.151655591e+25 +4.6386e+12 +0.0000e+00 +0.0000e+00 +0.0000e+00 +0.0000e+00 +0.0000e+00 +0.0000e+00 +0.0000e+00 +0.0000e+00 +0.0000e+00
21 +1.677330590e+24 +1.677330590e+24 +1.677330590e+24 +1.677330590e+24 +1.2951e+12 +0.0000e+00 +0.0000e+00 +0.0000e+00 +0.0000e+00 +0.0000e+00 +0.0000e+00 +0.0000e+00 +0.0000e+00 +0.0000e+00
59 +9.623725809e+21 +9.623725809e+21 +9.623725809e+21 +9.623725809e+21 +9.8101e+10 +0.0000e+00 +0.0000e+00 +0.0000e+00 +0.0000e+00 +0.0000e+00 +0.0000e+00 +0.0000e+00 +0.0000e+00 +0.0000e+00
% function evaluation | noise-free fitness - Fopt (1.344700000000e+02) | best noise-free fitness - Fopt | measured fitness | best measured fitness | x1 | x2...
1 +9.563555398e+25 +9.563555398e+25 +9.563555398e+25 +9.563555398e+25 +9.7793e+12 +0.0000e+00 +0.0000e+00 +0.0000e+00 +0.0000e+00 +0.0000e+00 +0.0000e+00 +0.0000e+00 +0.0000e+00 +0.0000e+00
5 +3.775880782e+25 +3.775880782e+25 +3.775880782e+25 +3.775880782e+25 +6.1448e+12 +0.0000e+00 +0.0000e+00 +0.0000e+00 +0.0000e+00 +0.0000e+00 +0.0000e+00 +0.0000e+00 +0.0000e+00 +0.0000e+00
42 +1.079421062e+25 +1.079421062e+25 +1.079421062e+25 +1.079421062e+25 +3.2855e+12 +0.0000e+00 +0.0000e+00 +0.0000e+00 +0.0000e+00 +0.0000e+00 +0.0000e+00 +0.0000e+00 +0.0000e+00 +0.0000e+00
74 +2.367362237e+22 +2.367362237e+22 +2.367362237e+22 +2.367362237e+22 +1.5386e+11 +0.0000e+00 +0.0000e+00 +0.0000e+00 +0.0000e+00 +0.0000e+00 +0.0000e+00 +0.0000e+00 +0.0000e+00 +0.0000e+00
% function evaluation | noise-free fitness - Fopt (4.453500000000e+02) | best noise-free fitness - Fopt | measured fitness | best measured fitness | x1 | x2...
1 +5.189573815e+23 +5.189573815e+23 +5.189573815e+23 +5.189573815e+23 +7.2039e+11 +0.0000e+00 +0.0000e+00 +0.0000e+00 +0.0000e+00 +0.0000e+00 +0.0000e+00 +0.0000e+00 +0.0000e+00 +0.0000e+00
