% function evaluation | noise-free fitness - Fopt (7.948000000000e+01) | best noise-free fitness - Fopt | measured fitness | best measured fitness | x1 | x2...
1 +4.810647670e+03 +4.810647670e+03 +4.890127670e+03 +4.890127670e+03 +8.0000e+00 +3.0000e+00 +7.0000e+00 +1.7000e+01 +2.4000e+01 +2.9000e+01 +2.8000e+01 +2.3000e+01 +2.1000e+01 +3.0000e+01
2 +3.690092470e+03 +3.690092470e+03 +3.769572470e+03 +3.769572470e+03 +8.0000e+00 +2.7000e+01 +2.0000e+01 +6.0000e+00 +2.9000e+01 +5.0000e+00 +0.0000e+00 +1.9000e+01 +3.0000e+01 +0.0000e+00
4 +1.945602870e+03 +1.945602870e+03 +2.025082870e+03 +2.025082870e+03 +5.0000e+00 +1.4000e+01 +2.3000e+01 +8.0000e+00 +2.0000e+00 +2.0000e+00 +1.2000e+01 +1.0000e+00 +2.2000e+01 +1.6000e+01
38 +1.078310070e+03 +1.078310070e+03 +1.157790070e+03 +1.157790070e+03 +4.0000e+00 +3.0000e+00 +1.6000e+01 +1.8000e+01 +4.0000e+00 +1.5000e+01 +1.1000e+01 +9.0000e+00 +2.0000e+00 +3.0000e+00
158 +7.872860698e+02 +7.872860698e+02 +8.667660698e+02 +8.667660698e+02 +0.0000e+00 +0.0000e+00 +9.0000e+00 +1.9000e+01 +5.0000e+00 +8.0000e+00 +1.0000e+01 +3.0000e+00 +0.0000e+00 +1.0000e+01
% function evaluation | noise-free fitness - Fopt (3.944800000000e+02) | best noise-free fitness - Fopt | measured fitness | best measured fitness | x1 | x2...
1 +3.520889775e+03 +3.520889775e+03 +3.915369775e+03 +3.915369775e+03 +5.0000e+00 +1.8000e+01 +0.0000e+00 +2.9000e+01 +7.0000e+00 +2.1000e+01 +2.5000e+01 +2.8000e+01 +1.5000e+01 +1.1000e+01
8 +2.013222575e+03 +2.013222575e+03 +2.407702575e+03 +2.407702575e+03 +2.5000e+01 +1.4000e+01 +2.0000e+00 +2.0000e+00 +3.0000e+00 +6.0000e+00 +8.0000e+00 +4.0000e+00 +2.5000e+01 +4.0000e+00
97 +1.190324975e+03 +1.190324975e+03 +1.584804975e+03 +1.584804975e+03 +0.0000e+00 +1.2000e+01 +1.0000e+00 +0.0000e+00 +7.0000e+00 +2.0000e+00 +1.0000e+01 +1.0000e+00 +2.4000e+01 +1.0000e+01
386 +7.680609754e+02 +7.680609754e+02 +1.162540975e+03 +1.162540975e+03 +4.0000e+00 +4.0000e+00 +3.0000e+00 +1.1000e+01 +1.2000e+01 +2.0000e+00 +2.2000e+01 +4.0000e+00 +3.0000e+00 +2.0000e+00
% function evaluation | noise-free fitness - Fopt (-2.471100000000e+02) | best noise-free fitness - Fopt | measured fitness | best measured fitness | x1 | x2...
1 +2.419822118e+03 +2.419822118e+03 +2.172712118e+03 +2.172712118e+03 +1.3000e+01 +2.8000e+01 +1.2000e+01 +1.2000e+01 +7.0000e+00 +1.1000e+01 +9.0000e+00 +2.1000e+01 +1.0000e+00 +1.4000e+01
10 +1.329842918e+03 +1.329842918e+03 +1.082732918e+03 +1.082732918e+03 +3.0000e+00 +2.4000e+01 +1.0000e+01 +2.0000e+00 +0.0000e+00 +7.0000e+00 +4.0000e+00 +9.0000e+00 +1.9000e+01 +0.0000e+00
% function evaluation | noise-free fitness - Fopt (-1.520400000000e+02) | best noise-free fitness - Fopt | measured fitness | best measured fitness | x1 | x2...
1 +4.886327142e+03 +4.886327142e+03 +4.734287142e+03 +4.734287142e+03 +2.4000e+01 +9.0000e+00 +2.8000e+01 +2.7000e+01 +2.6000e+01 +4.0000e+00 +1.5000e+01 +2.0000e+01 +2.9000e+01 +2.9000e+01
2 +3.208403942e+03 +3.208403942e+03 +3.056363942e+03 +3.056363942e+03 +1.9000e+01 +6.0000e+00 +1.6000e+01 +7.0000e+00 +5.0000e+00 +2.4000e+01 +2.5000e+01 +1.0000e+00 +2.4000e+01 +2.9000e+01
3 +2.115803942e+03 +2.115803942e+03 +1.963763942e+03 +1.963763942e+03 +8.0000e+00 +1.0000e+01 +2.0000e+01 +6.0000e+00 +2.0000e+01 +1.0000e+00 +2.9000e+01 +1.0000e+00 +1.3000e+01 +1.1000e+01
21 +9.691191418e+02 +9.691191418e+02 +8.170791418e+02 +8.170791418e+02 +1.5000e+01 +1.3000e+01 +5.0000e+00 +6.0000e+00 +1.7000e+01 +1.1000e+01 +0.0000e+00 +1.2000e+01 +0.0000e+00 +8.0000e+00
392 +5.897335418e+02 +5.897335418e+02 +4.376935418e+02 +4.376935418e+02 +7.0000e+00 +1.0000e+00 +8.0000e+00 +8.0000e+00 +1.1000e+01 +3.0000e+00 +1.2000e+01 +9.0000e+00 +1.0000e+00 +9.0000e+00
774 +3.902327418e+02 +3.902327418e+02 +2.381927418e+02 +2.381927418e+02 +4.0000e+00 +1.1000e+01 +4.0000e+00 +1.4000e+01 +0.0000e+00 +0.0000e+00 +7.0000e+00 +5.0000e+00 +0.0000e+00 +4.0000e+00
% function evaluation | noise-free fitness - Fopt (-2.525000000000e+01) | best noise-free fitness - Fopt | measured fitness | best measured fitness | x1 | x2...
1 +3.370809343e+03 +3.370809343e+03 +3.345559343e+03 +3.345559343e+03 +1.9000e+01 +1.3000e+01 +2.1000e+01 +3.0000e+01 +2.1000e+01 +9.0000e+00 +3.0000e+00 +2.3000e+01 +1.6000e+01 +1.1000e+01
3 +2.373007743e+03 +2.373007743e+03 +2.347757743e+03 +2.347757743e+03 +4.0000e+00 +3.0000e+00 +4.0000e+00 +3.0000e+00 +2.4000e+01 +1.9000e+01 +0.0000e+00 +2.9000e+01 +0.0000e+00 +2.1000e+01
23 +1.508014143e+03 +1.508014143e+03 +1.482764143e+03 +1.482764143e+03 +2.8000e+01 +4.0000e+00 +1.0000e+00 +8.0000e+00 +3.0000e+00 +2.3000e+01 +8.0000e+00 +1.0000e+01 +3.0000e+00 +0.0000e+00
206 +8.833485434e+02 +8.833485434e+02 +8.580985434e+02 +8.580985434e+02 +8.0000e+00 +0.0000e+00 +0.0000e+00 +0.0000e+00 +7.0000e+00 +1.5000e+01 +6.0000e+00 +4.0000e+00 +1.4000e+01 +1.6000e+01
943 +4.589421434e+02 +4.589421434e+02 +4.336921434e+02 +4.336921434e+02 +8.0000e+00 +1.4000e+01 +1.0000e+00 +0.0000e+00 +1.0000e+01 +3.0000e+00 +6.0000e+00 +9.0000e+00 +1.0000e+00 +0.0000e+00
% function evaluation | noise-free fitness - Fopt (2.230000000000e+00) | best noise-free fitness - Fopt | measured fitness | best measured fitness | x1 | x2...
1 +4.606133406e+03 +4.606133406e+03 +4.608363406e+03 +4.608363406e+03 +1.1000e+01 +1.2000e+01 +1.9000e+01 +2.2000e+01 +1.2000e+01 +2.5000e+01 +2.6000e+01 +2.5000e+01 +3.0000e+01 +9.0000e+00
2 +3.969184606e+03 +3.969184606e+03 +3.971414606e+03 +3.971414606e+03 +2.5000e+01 +7.0000e+00 +1.6000e+01 +2.2000e+01 +6.0000e+00 +1.4000e+01 +1.4000e+01 +1.9000e+01 +2.8000e+01 +2.9000e+01
5 +1.410423006e+03 +1.410423006e+03 +1.412653006e+03 +1.412653006e+03 +3.0000e+00 +1.9000e+01 +1.0000e+00 +2.2000e+01 +6.0000e+00 +0.0000e+00 +1.6000e+01 +3.0000e+00 +1.0000e+00 +2.0000e+00
54 +9.395814061e+02 +9.395814061e+02 +9.418114061e+02 +9.418114061e+02 +3.0000e+00 +0.0000e+00 +0.0000e+00 +7.0000e+00 +1.3000e+01 +3.0000e+00 +0.0000e+00 +1.9000e+01 +2.0000e+00 +1.7000e+01
% function evaluation | noise-free fitness - Fopt (-1.308000000000e+01) | best noise-free fitness - Fopt | measured fitness | best measured fitness | x1 | x2...
1 +3.373646467e+03 +3.373646467e+03 +3.360566467e+03 +3.360566467e+03 +1.3000e+01 +1.9000e+01 +5.0000e+00 +2.7000e+01 +2.1000e+01 +2.2000e+01 +2.2000e+01 +2.1000e+01 +8.0000e+00 +4.0000e+00
7 +1.378400067e+03 +1.378400067e+03 +1.365320067e+03 +1.365320067e+03 +7.0000e+00 +0.0000e+00 +4.0000e+00 +8.0000e+00 +3.0000e+01 +1.0000e+01 +2.0000e+00 +4.0000e+00 +3.0000e+00 +4.0000e+00
141 +9.922608672e+02 +9.922608672e+02 +9.791808672e+02 +9.791808672e+02 +1.2000e+01 +1.1000e+01 +1.7000e+01 +1.0000e+01 +1.1000e+01 +8.0000e+00 +2.0000e+00 +7.0000e+00 +1.0000e+00 +6.0000e+00
758 +4.732464672e+02 +4.732464672e+02 +4.601664672e+02 +4.601664672e+02 +8.0000e+00 +2.0000e+00 +2.1000e+01 +0.0000e+00 +2.0000e+00 +2.0000e+00 +2.0000e+00 +3.0000e+00 +0.0000e+00 +0.0000e+00
% function evaluation | noise-free fitness - Fopt (2.671600000000e+02) | best noise-free fitness - Fopt | measured fitness | best measured fitness | x1 | x2...
1 +2.154655557e+03 +2.154655557e+03 +2.421815557e+03 +2.421815557e+03 +5.0000e+00 +6.0000e+00 +6.0000e+00 +2.4000e+01 +8.0000e+00 +1.7000e+01 +1.7000e+01 +1.8000e+01 +8.0000e+00 +1.0000e+01
18 +1.246423557e+03 +1.246423557e+03 +1.513583557e+03 +1.513583557e+03 +3.0000e+00 +5.0000e+00 +1.2000e+01 +2.0000e+00 +1.0000e+00 +4.0000e+00 +1.9000e+01 +1.0000e+00 +1.9000e+01 +0.0000e+00
939 +9.645611571e+02 +9.645611571e+02 +1.231721157e+03 +1.231721157e+03 +2.0000e+00 +1.4000e+01 +1.1000e+01 +8.0000e+00 +4.0000e+00 +4.0000e+00 +1.1000e+01 +4.0000e+00 +3.0000e+00 +1.2000e+01
% function evaluation | noise-free fitness - Fopt (3.710000000000e+00) | best noise-free fitness - Fopt | measured fitness | best measured fitness | x1 | x2...
1 +4.172663865e+03 +4.172663865e+03 +4.176373865e+03 +4.176373865e+03 +2.9000e+01 +2.8000e+01 +2.3000e+01 +2.0000e+00 +1.0000e+00 +2.9000e+01 +2.9000e+01 +1.6000e+01 +1.5000e+01 +3.0000e+00
2 +2.272558265e+03 +2.272558265e+03 +2.276268265e+03 +2.276268265e+03 +1.3000e+01 +2.1000e+01 +6.0000e+00 +2.0000e+00 +0.0000e+00 +2.6000e+01 +2.6000e+01 +3.0000e+00 +1.4000e+01 +5.0000e+00
10 +1.413539065e+03 +1.413539065e+03 +1.417249065e+03 +1.417249065e+03 +1.0000e+01 +9.0000e+00 +1.6000e+01 +2.0000e+00 +1.0000e+01 +2.4000e+01 +0.0000e+00 +8.0000e+00 +4.0000e+00 +1.8000e+01
23 +8.141326650e+02 +8.141326650e+02 +8.178426650e+02 +8.178426650e+02 +7.0000e+00 +0.0000e+00 +1.7000e+01 +1.2000e+01 +1.0000e+00 +0.0000e+00 +0.0000e+00 +5.0000e+00 +5.0000e+00 +1.7000e+01
467 +5.385438650e+02 +5.385438650e+02 +5.422538650e+02 +5.422538650e+02 +2.0000e+00 +0.0000e+00 +4.0000e+00 +1.2000e+01 +8.0000e+00 +0.0000e+00 +2.0000e+00 +3.0000e+00 +7.0000e+00 +1.4000e+01
% function evaluation | noise-free fitness - Fopt (9.478000000000e+01) | best noise-free fitness - Fopt | measured fitness | best measured fitness | x1 | x2...
1 +2.277228108e+03 +2.277228108e+03 +2.372008108e+03 +2.372008108e+03 +7.0000e+00 +6.0000e+00 +9.0000e+00 +2.0000e+01 +2.5000e+01 +2.7000e+01 +8.0000e+00 +0.0000e+00 +1.9000e+01 +1.1000e+01
2 +1.414197708e+03 +1.414197708e+03 +1.508977708e+03 +1.508977708e+03 +6.0000e+00 +1.6000e+01 +2.2000e+01 +8.0000e+00 +0.0000e+00 +7.0000e+00 +6.0000e+00 +1.2000e+01 +4.0000e+00 +2.3000e+01
44 +7.199657082e+02 +7.199657082e+02 +8.147457082e+02 +8.147457082e+02 +0.0000e+00 +1.3000e+01 +5.0000e+00 +3.0000e+00 +1.7000e+01 +1.1000e+01 +3.0000e+00 +5.0000e+00 +1.1000e+01 +0.0000e+00
365 +6.227417082e+02 +6.227417082e+02 +7.175217082e+02 +7.175217082e+02 +7.0000e+00 +1.3000e+01 +2.0000e+00 +2.0000e+00 +1.5000e+01 +1.1000e+01 +1.0000e+00 +0.0000e+00 +3.0000e+00 +2.0000e+00
% function evaluation | noise-free fitness - Fopt (2.339200000000e+02) | best noise-free fitness - Fopt | measured fitness | best measured fitness | x1 | x2...
1 +4.040190448e+03 +4.040190448e+03 +4.274110448e+03 +4.274110448e+03 +2.7000e+01 +2.5000e+01 +2.3000e+01 +2.0000e+01 +1.3000e+01 +0.0000e+00 +1.9000e+01 +5.0000e+00 +2.5000e+01 +1.5000e+01
2 +3.018222448e+03 +3.018222448e+03 +3.252142448e+03 +3.252142448e+03 +1.8000e+01 +2.4000e+01 +1.1000e+01 +3.0000e+00 +1.0000e+00 +1.0000e+01 +2.4000e+01 +3.0000e+00 +2.7000e+01 +2.4000e+01
3 +2.415636848e+03 +2.415636848e+03 +2.649556848e+03 +2.649556848e+03 +2.3000e+01 +2.1000e+01 +3.0000e+00 +2.0000e+00 +0.0000e+00 +4.0000e+00 +2.0000e+01 +2.4000e+01 +1.5000e+01 +1.3000e+01
8 +1.471083248e+03 +1.471083248e+03 +1.705003248e+03 +1.705003248e+03 +1.0000e+00 +1.4000e+01 +2.0000e+01 +1.1000e+01 +2.0000e+00 +1.0000e+01 +1.4000e+01 +0.0000e+00 +1.4000e+01 +1.4000e+01
11 +9.912288480e+02 +9.912288480e+02 +1.225148848e+03 +1.225148848e+03 +1.0000e+01 +1.2000e+01 +5.0000e+00 +3.0000e+00 +1.4000e+01 +2.1000e+01 +1.0000e+00 +0.0000e+00 +8.0000e+00 +4.0000e+00
472 +5.864512480e+02 +5.864512480e+02 +8.203712480e+02 +8.203712480e+02 +1.0000e+00 +0.0000e+00 +7.0000e+00 +3.0000e+00 +2.0000e+00 +3.0000e+00 +1.3000e+01 +1.0000e+00 +1.7000e+01 +0.0000e+00
% function evaluation | noise-free fitness - Fopt (-6.092000000000e+01) | best noise-free fitness - Fopt | measured fitness | best measured fitness | x1 | x2...
1 +3.817139468e+03 +3.817139468e+03 +3.756219468e+03 +3.756219468e+03 +1.0000e+01 +0.0000e+00 +1.5000e+01 +1.9000e+01 +3.0000e+01 +1.8000e+01 +2.0000e+00 +2.7000e+01 +2.7000e+01 +1.5000e+01
5 +1.894681868e+03 +1.894681868e+03 +1.833761868e+03 +1.833761868e+03 +1.4000e+01 +5.0000e+00 +2.0000e+01 +2.9000e+01 +6.0000e+00 +1.4000e+01 +1.4000e+01 +4.0000e+00 +4.0000e+00 +7.0000e+00
36 +1.120382668e+03 +1.120382668e+03 +1.059462668e+03 +1.059462668e+03 +6.0000e+00 +1.8000e+01 +0.0000e+00 +7.0000e+00 +6.0000e+00 +1.9000e+01 +8.0000e+00 +0.0000e+00 +1.6000e+01 +3.0000e+00
143 +9.807154682e+02 +9.807154682e+02 +9.197954682e+02 +9.197954682e+02 +0.0000e+00 +1.2000e+01 +1.1000e+01 +1.0000e+00 +4.0000e+00 +1.4000e+01 +6.0000e+00 +1.9000e+01 +1.1000e+01 +8.0000e+00
% function evaluation | noise-free fitness - Fopt (-1.948000000000e+01) | best noise-free fitness - Fopt | measured fitness | best measured fitness | x1 | x2...
1 +3.099493550e+03 +3.099493550e+03 +3.080013550e+03 +3.080013550e+03 +1.9000e+01 +5.0000e+00 +6.0000e+00 +2.9000e+01 +1.9000e+01 +1.0000e+01 +2.4000e+01 +1.0000e+01 +4.0000e+00 +2.7000e+01
3 +2.372563950e+03 +2.372563950e+03 +2.353083950e+03 +2.353083950e+03 +1.6000e+01 +6.0000e+00 +5.0000e+00 +2.0000e+01 +5.0000e+00 +1.7000e+01 +2.7000e+01 +5.0000e+00 +9.0000e+00 +2.1000e+01
7 +1.519155950e+03 +1.519155950e+03 +1.499675950e+03 +1.499675950e+03 +1.0000e+00 +0.0000e+00 +1.1000e+01 +3.0000e+00 +2.1000e+01 +2.0000e+00 +6.0000e+00 +2.6000e+01 +1.5000e+01 +1.0000e+00
53 +9.741399501e+02 +9.741399501e+02 +9.546599501e+02 +9.546599501e+02 +2.0000e+00 +1.0000e+00 +1.8000e+01 +1.7000e+01 +6.0000e+00 +0.0000e+00 +8.0000e+00 +3.0000e+00 +8.0000e+00 +1.7000e+01
% function evaluation | noise-free fitness - Fopt (1.344700000000e+02) | best noise-free fitness - Fopt | measured fitness | best measured fitness | x1 | x2...
1 +4.031890060e+03 +4.031890060e+03 +4.166360060e+03 +4.166360060e+03 +1.8000e+01 +1.7000e+01 +7.0000e+00 +5.0000e+00 +2.2000e+01 +4.0000e+00 +1.7000e+01 +3.0000e+01 +2.5000e+01 +2.3000e+01
4 +3.156042060e+03 +3.156042060e+03 +3.290512060e+03 +3.290512060e+03 +1.0000e+01 +0.0000e+00 +2.3000e+01 +4.0000e+00 +2.7000e+01 +2.9000e+01 +5.0000e+00 +1.2000e+01 +1.5000e+01 +1.0000e+01
7 +2.390973260e+03 +2.390973260e+03 +2.525443260e+03 +2.525443260e+03 +6.0000e+00 +2.0000e+00 +1.1000e+01 +9.0000e+00 +2.7000e+01 +1.7000e+01 +1.6000e+01 +4.0000e+00 +2.2000e+01 +1.0000e+00
10 +1.281758860e+03 +1.281758860e+03 +1.416228860e+03 +1.416228860e+03 +2.0000e+00 +1.2000e+01 +0.0000e+00 +2.7000e+01 +3.0000e+00 +3.0000e+00 +8.0000e+00 +1.1000e+01 +1.0000e+00 +4.0000e+00
343 +9.902580595e+02 +9.902580595e+02 +1.124728060e+03 +1.124728060e+03 +0.0000e+00 +0.0000e+00 +1.2000e+01 +7.0000e+00 +5.0000e+00 +4.0000e+00 +1.4000e+01 +9.0000e+00 +1.7000e+01 +1.0000e+00
% function evaluation | noise-free fitness - Fopt (4.453500000000e+02) | best noise-free fitness - Fopt | measured fitness | best measured fitness | x1 | x2...
1 +1.878342305e+03 +1.878342305e+03 +2.323692305e+03 +2.323692305e+03 +0.0000e+00 +7.0000e+00 +1.4000e+01 +1.1000e+01 +7.0000e+00 +0.0000e+00 +2.0000e+01 +7.0000e+00 +2.2000e+01 +2.0000e+01
15 +7.453503053e+02 +7.453503053e+02 +1.190700305e+03 +1.190700305e+03 +8.0000e+00 +2.0000e+00 +7.0000e+00 +8.0000e+00 +0.0000e+00 +4.0000e+00 +1.6000e+01 +3.0000e+00 +5.0000e+00 +7.0000e+00
169 +5.077791053e+02 +5.077791053e+02 +9.531291053e+02 +9.531291053e+02 +1.1000e+01 +2.0000e+00 +3.0000e+00 +9.0000e+00 +4.0000e+00 +8.0000e+00 +0.0000e+00 +5.0000e+00 +1.3000e+01 +4.0000e+00
