% function evaluation | noise-free fitness - Fopt (7.948000000000e+01) | best noise-free fitness - Fopt | measured fitness | best measured fitness | x1 | x2...
1 +2.182050870e+03 +2.182050870e+03 +2.261530870e+03 +2.261530870e+03 +1.6000e+01 +1.3000e+01 +8.0000e+00 +1.0000e+00 +1.2000e+01 +1.0000e+00 +1.2000e+01 +2.0000e+00 +2.2000e+01 +2.4000e+01
15 +1.222585270e+03 +1.222585270e+03 +1.302065270e+03 +1.302065270e+03 +1.4000e+01 +7.0000e+00 +9.0000e+00 +2.0000e+00 +6.0000e+00 +2.0000e+00 +6.0000e+00 +6.0000e+00 +5.0000e+00 +2.3000e+01
65 +5.264284698e+02 +5.264284698e+02 +6.059084698e+02 +6.059084698e+02 +1.0000e+00 +1.0000e+00 +1.0000e+00 +1.0000e+00 +8.0000e+00 +1.0000e+00 +6.0000e+00 +4.0000e+00 +8.0000e+00 +1.3000e+01
115 +2.839676698e+02 +2.839676698e+02 +3.634476698e+02 +3.634476698e+02 +3.0000e+00 +0.0000e+00 +5.0000e+00 +0.0000e+00 +3.0000e+00 +0.0000e+00 +1.2000e+01 +7.0000e+00 +0.0000e+00 +0.0000e+00
165 +1.021788698e+02 +1.021788698e+02 +1.816588698e+02 +1.816588698e+02 +6.0000e+00 +0.0000e+00 +0.0000e+00 +2.0000e+00 +2.0000e+00 +4.0000e+00 +2.0000e+00 +0.0000e+00 +0.0000e+00 +2.0000e+00
% function evaluation | noise-free fitness - Fopt (3.944800000000e+02) | best noise-free fitness - Fopt | measured fitness | best measured fitness | x1 | x2...
1 +2.315459375e+03 +2.315459375e+03 +2.709939375e+03 +2.709939375e+03 +1.2000e+01 +3.0000e+00 +1.2000e+01 +1.2000e+01 +2.5000e+01 +1.5000e+01 +1.2000e+01 +1.8000e+01 +0.0000e+00 +1.6000e+01
37 +1.380974575e+03 +1.380974575e+03 +1.775454575e+03 +1.775454575e+03 +1.0000e+01 +8.0000e+00 +1.3000e+01 +1.4000e+01 +8.0000e+00 +8.0000e+00 +1.3000e+01 +7.0000e+00 +1.0000e+01 +1.2000e+01
51 +9.771313754e+02 +9.771313754e+02 +1.371611375e+03 +1.371611375e+03 +1.1000e+01 +1.1000e+01 +0.0000e+00 +1.1000e+01 +1.1000e+01 +2.0000e+00 +0.0000e+00 +0.0000e+00 +1.1000e+01 +1.1000e+01
102 +5.918961754e+02 +5.918961754e+02 +9.863761754e+02 +9.863761754e+02 +4.0000e+00 +0.0000e+00 +2.0000e+00 +0.0000e+00 +0.0000e+00 +1.8000e+01 +0.0000e+00 +0.0000e+00 +2.0000e+00 +0.0000e+00
152 +1.316769754e+02 +1.316769754e+02 +5.261569754e+02 +5.261569754e+02 +0.0000e+00 +1.0000e+00 +3.0000e+00 +0.0000e+00 +0.0000e+00 +1.0000e+00 +1.0000e+00 +0.0000e+00 +1.0000e+00 +0.0000e+00
% function evaluation | noise-free fitness - Fopt (-2.471100000000e+02) | best noise-free fitness - Fopt | measured fitness | best measured fitness | x1 | x2...
1 +2.473839718e+03 +2.473839718e+03 +2.226729718e+03 +2.226729718e+03 +3.0000e+00 +8.0000e+00 +2.0000e+01 +2.0000e+01 +4.0000e+00 +5.0000e+00 +1.2000e+01 +2.0000e+01 +6.0000e+00 +2.8000e+01
6 +1.419278118e+03 +1.419278118e+03 +1.172168118e+03 +1.172168118e+03 +8.0000e+00 +2.0000e+00 +1.3000e+01 +1.3000e+01 +1.5000e+01 +1.0000e+01 +1.2000e+01 +1.3000e+01 +3.0000e+00 +1.0000e+01
60 +6.080173178e+02 +6.080173178e+02 +3.609073178e+02 +3.609073178e+02 +6.0000e+00 +1.0000e+00 +2.0000e+00 +2.0000e+00 +5.0000e+00 +2.0000e+00 +1.0000e+00 +1.6000e+01 +1.0000e+00 +1.0000e+00
% function evaluation | noise-free fitness - Fopt (-1.520400000000e+02) | best noise-free fitness - Fopt | measured fitness | best measured fitness | x1 | x2...
1 +1.892439142e+03 +1.892439142e+03 +1.740399142e+03 +1.740399142e+03 +1.4000e+01 +0.0000e+00 +1.4000e+01 +1.0000e+01 +1.4000e+01 +3.0000e+01 +1.2000e+01 +2.0000e+00 +1.2000e+01 +0.0000e+00
10 +1.291773542e+03 +1.291773542e+03 +1.139733542e+03 +1.139733542e+03 +0.0000e+00 +2.0000e+01 +0.0000e+00 +2.9000e+01 +0.0000e+00 +0.0000e+00 +1.1000e+01 +1.0000e+00 +1.1000e+01 +9.0000e+00
18 +6.552087418e+02 +6.552087418e+02 +5.031687418e+02 +5.031687418e+02 +3.0000e+00 +5.0000e+00 +3.0000e+00 +0.0000e+00 +3.0000e+00 +1.5000e+01 +1.2000e+01 +8.0000e+00 +1.2000e+01 +4.0000e+00
68 +4.146503418e+02 +4.146503418e+02 +2.626103418e+02 +2.626103418e+02 +2.0000e+00 +2.0000e+00 +3.0000e+00 +1.1000e+01 +7.0000e+00 +1.1000e+01 +4.0000e+00 +1.1000e+01 +0.0000e+00 +3.0000e+00
118 +3.602487418e+02 +3.602487418e+02 +2.082087418e+02 +2.082087418e+02 +3.0000e+00 +2.0000e+00 +1.0000e+00 +1.0000e+01 +1.0000e+01 +1.0000e+01 +1.0000e+00 +2.0000e+00 +1.0000e+01 +1.0000e+01
176 +2.341959418e+02 +2.341959418e+02 +8.215594176e+01 +8.215594176e+01 +0.0000e+00 +0.0000e+00 +0.0000e+00 +1.2000e+01 +4.0000e+00 +4.0000e+00 +0.0000e+00 +0.0000e+00 +1.2000e+01 +0.0000e+00
% function evaluation | noise-free fitness - Fopt (-2.525000000000e+01) | best noise-free fitness - Fopt | measured fitness | best measured fitness | x1 | x2...
1 +3.058097343e+03 +3.058097343e+03 +3.032847343e+03 +3.032847343e+03 +2.9000e+01 +1.8000e+01 +1.1000e+01 +2.7000e+01 +6.0000e+00 +2.1000e+01 +2.1000e+01 +0.0000e+00 +1.1000e+01 +0.0000e+00
7 +1.092153343e+03 +1.092153343e+03 +1.066903343e+03 +1.066903343e+03 +1.3000e+01 +1.7000e+01 +1.5000e+01 +0.0000e+00 +1.3000e+01 +3.0000e+00 +3.0000e+00 +8.0000e+00 +1.5000e+01 +4.0000e+00
57 +8.958573434e+02 +8.958573434e+02 +8.706073434e+02 +8.706073434e+02 +1.2000e+01 +1.2000e+01 +0.0000e+00 +1.4000e+01 +7.0000e+00 +1.4000e+01 +2.0000e+00 +1.2000e+01 +3.0000e+00 +0.0000e+00
107 +4.843485434e+02 +4.843485434e+02 +4.590985434e+02 +4.590985434e+02 +0.0000e+00 +6.0000e+00 +0.0000e+00 +2.0000e+00 +1.1000e+01 +2.0000e+00 +1.0000e+00 +1.0000e+00 +1.1000e+01 +1.3000e+01
157 +2.750285434e+02 +2.750285434e+02 +2.497785434e+02 +2.497785434e+02 +0.0000e+00 +1.0000e+00 +5.0000e+00 +1.0000e+01 +1.0000e+00 +1.0000e+00 +5.0000e+00 +0.0000e+00 +1.0000e+00 +0.0000e+00
% function evaluation | noise-free fitness - Fopt (2.230000000000e+00) | best noise-free fitness - Fopt | measured fitness | best measured fitness | x1 | x2...
1 +3.927555806e+03 +3.927555806e+03 +3.929785806e+03 +3.929785806e+03 +2.8000e+01 +1.8000e+01 +2.0000e+01 +2.6000e+01 +1.9000e+01 +9.0000e+00 +2.2000e+01 +1.5000e+01 +2.0000e+01 +9.0000e+00
3 +2.304008606e+03 +2.304008606e+03 +2.306238606e+03 +2.306238606e+03 +0.0000e+00 +1.6000e+01 +1.6000e+01 +0.0000e+00 +0.0000e+00 +1.3000e+01 +0.0000e+00 +2.9000e+01 +1.6000e+01 +1.3000e+01
4 +1.046383006e+03 +1.046383006e+03 +1.048613006e+03 +1.048613006e+03 +1.0000e+00 +2.0000e+00 +1.0000e+00 +2.0000e+00 +2.0000e+01 +0.0000e+00 +2.2000e+01 +9.0000e+00 +1.0000e+00 +0.0000e+00
8 +6.674406061e+02 +6.674406061e+02 +6.696706061e+02 +6.696706061e+02 +1.1000e+01 +5.0000e+00 +3.0000e+00 +1.3000e+01 +5.0000e+00 +2.0000e+00 +1.3000e+01 +5.0000e+00 +3.0000e+00 +2.0000e+00
9 +6.093926061e+02 +6.093926061e+02 +6.116226061e+02 +6.116226061e+02 +8.0000e+00 +5.0000e+00 +0.0000e+00 +1.3000e+01 +1.3000e+01 +8.0000e+00 +4.0000e+00 +0.0000e+00 +0.0000e+00 +8.0000e+00
54 +2.838646061e+02 +2.838646061e+02 +2.860946061e+02 +2.860946061e+02 +1.9000e+01 +1.0000e+00 +0.0000e+00 +0.0000e+00 +0.0000e+00 +0.0000e+00 +0.0000e+00 +0.0000e+00 +1.0000e+00 +0.0000e+00
57 +2.289382061e+02 +2.289382061e+02 +2.311682061e+02 +2.311682061e+02 +1.0000e+00 +5.0000e+00 +3.0000e+00 +3.0000e+00 +3.0000e+00 +3.0000e+00 +3.0000e+00 +3.0000e+00 +5.0000e+00 +3.0000e+00
107 +1.201430061e+02 +1.201430061e+02 +1.223730061e+02 +1.223730061e+02 +0.0000e+00 +0.0000e+00 +2.0000e+00 +2.0000e+00 +2.0000e+00 +2.0000e+00 +2.0000e+00 +2.0000e+00 +2.0000e+00 +0.0000e+00
108 +9.612540608e+01 +9.612540608e+01 +9.835540608e+01 +9.835540608e+01 +3.0000e+00 +3.0000e+00 +1.0000e+00 +1.0000e+00 +1.0000e+00 +1.0000e+00 +1.0000e+00 +1.0000e+00 +1.0000e+00 +3.0000e+00
% function evaluation | noise-free fitness - Fopt (-1.308000000000e+01) | best noise-free fitness - Fopt | measured fitness | best measured fitness | x1 | x2...
1 +1.867660867e+03 +1.867660867e+03 +1.854580867e+03 +1.854580867e+03 +0.0000e+00 +2.4000e+01 +5.0000e+00 +1.9000e+01 +8.0000e+00 +2.0000e+01 +5.0000e+00 +5.0000e+00 +1.2000e+01 +8.0000e+00
21 +1.096772867e+03 +1.096772867e+03 +1.083692867e+03 +1.083692867e+03 +8.0000e+00 +1.0000e+00 +3.0000e+00 +2.3000e+01 +1.0000e+00 +1.9000e+01 +3.0000e+00 +3.0000e+00 +1.1000e+01 +1.0000e+00
44 +3.847232672e+02 +3.847232672e+02 +3.716432672e+02 +3.716432672e+02 +2.0000e+00 +1.6000e+01 +2.0000e+00 +2.0000e+00 +0.0000e+00 +0.0000e+00 +2.0000e+00 +2.0000e+00 +4.0000e+00 +0.0000e+00
186 +2.055632672e+02 +2.055632672e+02 +1.924832672e+02 +1.924832672e+02 +1.0000e+00 +1.1000e+01 +3.0000e+00 +1.0000e+00 +0.0000e+00 +0.0000e+00 +3.0000e+00 +0.0000e+00 +1.0000e+00 +0.0000e+00
% function evaluation | noise-free fitness - Fopt (2.671600000000e+02) | best noise-free fitness - Fopt | measured fitness | best measured fitness | x1 | x2...
1 +4.055370757e+03 +4.055370757e+03 +4.322530757e+03 +4.322530757e+03 +9.0000e+00 +2.9000e+01 +1.3000e+01 +2.9000e+01 +1.2000e+01 +2.9000e+01 +1.2000e+01 +1.3000e+01 +3.0000e+00 +1.6000e+01
2 +1.522500357e+03 +1.522500357e+03 +1.789660357e+03 +1.789660357e+03 +1.4000e+01 +5.0000e+00 +1.2000e+01 +5.0000e+00 +1.4000e+01 +5.0000e+00 +1.4000e+01 +1.2000e+01 +1.5000e+01 +0.0000e+00
3 +6.213931571e+02 +6.213931571e+02 +8.885531571e+02 +8.885531571e+02 +1.0000e+01 +0.0000e+00 +1.0000e+01 +0.0000e+00 +0.0000e+00 +0.0000e+00 +0.0000e+00 +1.0000e+01 +6.0000e+00 +2.0000e+00
53 +3.705243571e+02 +3.705243571e+02 +6.376843571e+02 +6.376843571e+02 +1.0000e+00 +0.0000e+00 +9.0000e+00 +5.0000e+00 +5.0000e+00 +9.0000e+00 +1.0000e+00 +0.0000e+00 +0.0000e+00 +0.0000e+00
103 +2.064395571e+02 +2.064395571e+02 +4.735995571e+02 +4.735995571e+02 +0.0000e+00 +0.0000e+00 +8.0000e+00 +0.0000e+00 +8.0000e+00 +0.0000e+00 +0.0000e+00 +0.0000e+00 +0.0000e+00 +4.0000e+00
% function evaluation | noise-free fitness - Fopt (3.710000000000e+00) | best noise-free fitness - Fopt | measured fitness | best measured fitness | x1 | x2...
1 +3.973145465e+03 +3.973145465e+03 +3.976855465e+03 +3.976855465e+03 +1.0000e+00 +1.7000e+01 +2.4000e+01 +2.1000e+01 +2.0000e+01 +2.0000e+01 +1.7000e+01 +1.0000e+00 +2.7000e+01 +2.7000e+01
6 +2.025027065e+03 +2.025027065e+03 +2.028737065e+03 +2.028737065e+03 +0.0000e+00 +0.0000e+00 +2.8000e+01 +2.0000e+01 +1.0000e+01 +9.0000e+00 +0.0000e+00 +0.0000e+00 +1.8000e+01 +1.8000e+01
38 +1.525996665e+03 +1.525996665e+03 +1.529706665e+03 +1.529706665e+03 +2.3000e+01 +6.0000e+00 +1.5000e+01 +1.7000e+01 +8.0000e+00 +0.0000e+00 +7.0000e+00 +2.2000e+01 +4.0000e+00 +4.0000e+00
59 +5.283598650e+02 +5.283598650e+02 +5.320698650e+02 +5.320698650e+02 +1.0000e+00 +8.0000e+00 +0.0000e+00 +0.0000e+00 +0.0000e+00 +1.4000e+01 +0.0000e+00 +1.2000e+01 +1.4000e+01 +0.0000e+00
118 +2.680766650e+02 +2.680766650e+02 +2.717866650e+02 +2.717866650e+02 +0.0000e+00 +6.0000e+00 +1.0000e+00 +0.0000e+00 +6.0000e+00 +6.0000e+00 +6.0000e+00 +9.0000e+00 +6.0000e+00 +0.0000e+00
124 +2.045278650e+02 +2.045278650e+02 +2.082378650e+02 +2.082378650e+02 +0.0000e+00 +0.0000e+00 +1.1000e+01 +0.0000e+00 +0.0000e+00 +0.0000e+00 +0.0000e+00 +1.1000e+01 +0.0000e+00 +0.0000e+00
% function evaluation | noise-free fitness - Fopt (9.478000000000e+01) | best noise-free fitness - Fopt | measured fitness | best measured fitness | x1 | x2...
1 +3.492340108e+03 +3.492340108e+03 +3.587120108e+03 +3.587120108e+03 +1.7000e+01 +1.6000e+01 +1.6000e+01 +2.5000e+01 +1.6000e+01 +1.8000e+01 +2.5000e+01 +2.6000e+01 +1.6000e+01 +1.7000e+01
2 +2.282807308e+03 +2.282807308e+03 +2.377587308e+03 +2.377587308e+03 +3.0000e+00 +1.6000e+01 +2.9000e+01 +1.0000e+00 +0.0000e+00 +0.0000e+00 +1.0000e+00 +2.0000e+01 +2.9000e+01 +1.9000e+01
20 +1.231608908e+03 +1.231608908e+03 +1.326388908e+03 +1.326388908e+03 +0.0000e+00 +1.5000e+01 +1.2000e+01 +1.5000e+01 +1.5000e+01 +4.0000e+00 +1.5000e+01 +1.2000e+01 +1.2000e+01 +0.0000e+00
67 +8.207801082e+02 +8.207801082e+02 +9.155601082e+02 +9.155601082e+02 +4.0000e+00 +9.0000e+00 +1.2000e+01 +1.0000e+00 +1.0000e+00 +1.0000e+00 +3.0000e+00 +1.0000e+00 +2.7000e+01 +1.0000e+00
94 +5.726441082e+02 +5.726441082e+02 +6.674241082e+02 +6.674241082e+02 +1.0000e+00 +1.6000e+01 +1.7000e+01 +0.0000e+00 +0.0000e+00 +0.0000e+00 +2.0000e+00 +0.0000e+00 +3.0000e+00 +0.0000e+00
139 +2.881577082e+02 +2.881577082e+02 +3.829377082e+02 +3.829377082e+02 +3.0000e+00 +3.0000e+00 +3.0000e+00 +3.0000e+00 +1.1000e+01 +3.0000e+00 +1.1000e+01 +4.0000e+00 +1.1000e+01 +3.0000e+00
142 +7.778490816e+01 +7.778490816e+01 +1.725649082e+02 +1.725649082e+02 +0.0000e+00 +0.0000e+00 +0.0000e+00 +0.0000e+00 +0.0000e+00 +0.0000e+00 +0.0000e+00 +1.0000e+00 +0.0000e+00 +0.0000e+00
% function evaluation | noise-free fitness - Fopt (2.339200000000e+02) | best noise-free fitness - Fopt | measured fitness | best measured fitness | x1 | x2...
1 +1.354393648e+03 +1.354393648e+03 +1.588313648e+03 +1.588313648e+03 +6.0000e+00 +6.0000e+00 +1.2000e+01 +0.0000e+00 +1.2000e+01 +1.2000e+01 +6.0000e+00 +1.2000e+01 +2.5000e+01 +4.0000e+00
2 +6.413984480e+02 +6.413984480e+02 +8.753184480e+02 +8.753184480e+02 +0.0000e+00 +0.0000e+00 +0.0000e+00 +1.0000e+01 +0.0000e+00 +0.0000e+00 +0.0000e+00 +0.0000e+00 +2.1000e+01 +2.0000e+00
26 +5.246016480e+02 +5.246016480e+02 +7.585216480e+02 +7.585216480e+02 +1.0000e+00 +1.0000e+00 +3.0000e+00 +1.7000e+01 +3.0000e+00 +3.0000e+00 +1.0000e+00 +3.0000e+00 +4.0000e+00 +8.0000e+00
76 +2.412944480e+02 +2.412944480e+02 +4.752144480e+02 +4.752144480e+02 +7.0000e+00 +0.0000e+00 +3.0000e+00 +2.0000e+00 +0.0000e+00 +0.0000e+00 +7.0000e+00 +0.0000e+00 +0.0000e+00 +7.0000e+00
151 +1.009088480e+02 +1.009088480e+02 +3.348288480e+02 +3.348288480e+02 +2.0000e+00 +1.0000e+00 +2.0000e+00 +3.0000e+00 +1.0000e+00 +1.0000e+00 +1.0000e+00 +2.0000e+00 +1.0000e+00 +1.0000e+00
152 +8.197284800e+01 +8.197284800e+01 +3.158928480e+02 +3.158928480e+02 +2.0000e+00 +0.0000e+00 +2.0000e+00 +0.0000e+00 +0.0000e+00 +0.0000e+00 +0.0000e+00 +2.0000e+00 +0.0000e+00 +0.0000e+00
% function evaluation | noise-free fitness - Fopt (-6.092000000000e+01) | best noise-free fitness - Fopt | measured fitness | best measured fitness | x1 | x2...
1 +4.332733068e+03 +4.332733068e+03 +4.271813068e+03 +4.271813068e+03 +2.6000e+01 +8.0000e+00 +2.1000e+01 +1.0000e+00 +2.1000e+01 +2.5000e+01 +2.5000e+01 +1.7000e+01 +3.0000e+01 +1.7000e+01
2 +2.118027468e+03 +2.118027468e+03 +2.057107468e+03 +2.057107468e+03 +2.9000e+01 +7.0000e+00 +1.3000e+01 +2.2000e+01 +1.3000e+01 +1.2000e+01 +1.2000e+01 +6.0000e+00 +8.0000e+00 +6.0000e+00
6 +1.392056268e+03 +1.392056268e+03 +1.331136268e+03 +1.331136268e+03 +1.0000e+00 +9.0000e+00 +1.5000e+01 +2.2000e+01 +1.5000e+01 +1.0000e+00 +1.0000e+00 +1.2000e+01 +2.0000e+00 +1.2000e+01
56 +8.739378682e+02 +8.739378682e+02 +8.130178682e+02 +8.130178682e+02 +1.4000e+01 +8.0000e+00 +0.0000e+00 +0.0000e+00 +1.4000e+01 +0.0000e+00 +1.4000e+01 +1.4000e+01 +1.0000e+00 +1.0000e+00
102 +5.847570682e+02 +5.847570682e+02 +5.238370682e+02 +5.238370682e+02 +1.0000e+01 +7.0000e+00 +6.0000e+00 +1.1000e+01 +5.0000e+00 +6.0000e+00 +1.0000e+01 +6.0000e+00 +6.0000e+00 +6.0000e+00
152 +3.883730682e+02 +3.883730682e+02 +3.274530682e+02 +3.274530682e+02 +5.0000e+00 +5.0000e+00 +9.0000e+00 +5.0000e+00 +6.0000e+00 +5.0000e+00 +5.0000e+00 +5.0000e+00 +4.0000e+00 +9.0000e+00
156 +1.090466682e+02 +1.090466682e+02 +4.812666816e+01 +4.812666816e+01 +0.0000e+00 +0.0000e+00 +0.0000e+00 +0.0000e+00 +0.0000e+00 +0.0000e+00 +0.0000e+00 +0.0000e+00 +6.0000e+00 +0.0000e+00
% function evaluation | noise-free fitness - Fopt (-1.948000000000e+01) | best noise-free fitness - Fopt | measured fitness | best measured fitness | x1 | x2...
1 +3.947867950e+03 +3.947867950e+03 +3.928387950e+03 +3.928387950e+03 +1.0000e+00 +2.7000e+01 +2.5000e+01 +2.3000e+01 +1.6000e+01 +2.5000e+01 +1.6000e+01 +3.0000e+01 +3.0000e+00 +2.0000e+00
12 +1.852160750e+03 +1.852160750e+03 +1.832680750e+03 +1.832680750e+03 +1.1000e+01 +7.0000e+00 +7.0000e+00 +2.3000e+01 +2.0000e+01 +9.0000e+00 +2.0000e+01 +1.1000e+01 +1.1000e+01 +2.0000e+00
15 +1.368855150e+03 +1.368855150e+03 +1.349375150e+03 +1.349375150e+03 +1.7000e+01 +1.0000e+00 +1.0000e+00 +1.0000e+00 +1.4000e+01 +4.0000e+00 +1.4000e+01 +1.4000e+01 +1.7000e+01 +1.2000e+01
115 +9.396311501e+02 +9.396311501e+02 +9.201511501e+02 +9.201511501e+02 +0.0000e+00 +1.2000e+01 +1.0000e+01 +1.0000e+01 +1.5000e+01 +1.2000e+01 +2.0000e+00 +1.2000e+01 +1.0000e+01 +1.0000e+01
163 +5.697943501e+02 +5.697943501e+02 +5.503143501e+02 +5.503143501e+02 +1.6000e+01 +3.0000e+00 +0.0000e+00 +0.0000e+00 +0.0000e+00 +0.0000e+00 +0.0000e+00 +1.3000e+01 +0.0000e+00 +0.0000e+00
% function evaluation | noise-free fitness - Fopt (1.344700000000e+02) | best noise-free fitness - Fopt | measured fitness | best measured fitness | x1 | x2...
1 +1.885061260e+03 +1.885061260e+03 +2.019531260e+03 +2.019531260e+03 +3.1000e+01 +2.0000e+00 +2.0000e+00 +1.5000e+01 +1.5000e+01 +0.0000e+00 +0.0000e+00 +0.0000e+00 +2.0000e+00 +2.0000e+00
3 +1.457878860e+03 +1.457878860e+03 +1.592348860e+03 +1.592348860e+03 +2.6000e+01 +5.0000e+00 +0.0000e+00 +1.0000e+00 +1.0000e+00 +1.4000e+01 +1.4000e+01 +1.4000e+01 +0.0000e+00 +0.0000e+00
41 +9.475860595e+02 +9.475860595e+02 +1.082056060e+03 +1.082056060e+03 +1.3000e+01 +1.1000e+01 +9.0000e+00 +5.0000e+00 +5.0000e+00 +7.0000e+00 +7.0000e+00 +7.0000e+00 +9.0000e+00 +9.0000e+00
64 +1.948308595e+02 +1.948308595e+02 +3.293008595e+02 +3.293008595e+02 +2.0000e+00 +4.0000e+00 +0.0000e+00 +2.0000e+00 +4.0000e+00 +4.0000e+00 +2.0000e+00 +3.0000e+00 +2.0000e+00 +3.0000e+00
103 +1.151396595e+02 +1.151396595e+02 +2.496096595e+02 +2.496096595e+02 +3.0000e+00 +0.0000e+00 +0.0000e+00 +0.0000e+00 +3.0000e+00 +0.0000e+00 +3.0000e+00 +0.0000e+00 +0.0000e+00 +0.0000e+00
153 +9.614605952e+01 +9.614605952e+01 +2.306160595e+02 +2.306160595e+02 +0.0000e+00 +0.0000e+00 +0.0000e+00 +0.0000e+00 +0.0000e+00 +0.0000e+00 +0.0000e+00 +0.0000e+00 +2.0000e+00 +2.0000e+00
% function evaluation | noise-free fitness - Fopt (4.453500000000e+02) | best noise-free fitness - Fopt | measured fitness | best measured fitness | x1 | x2...
1 +3.618583905e+03 +3.618583905e+03 +4.063933905e+03 +4.063933905e+03 +2.2000e+01 +3.0000e+01 +2.2000e+01 +1.0000e+00 +2.3000e+01 +1.8000e+01 +2.2000e+01 +4.0000e+00 +1.0000e+00 +2.0000e+01
3 +2.062508705e+03 +2.062508705e+03 +2.507858705e+03 +2.507858705e+03 +1.4000e+01 +1.3000e+01 +1.4000e+01 +1.2000e+01 +1.1000e+01 +0.0000e+00 +1.4000e+01 +3.0000e+01 +1.2000e+01 +2.0000e+00
6 +8.662975053e+02 +8.662975053e+02 +1.311647505e+03 +1.311647505e+03 +1.1000e+01 +1.4000e+01 +1.1000e+01 +6.0000e+00 +4.0000e+00 +7.0000e+00 +1.1000e+01 +7.0000e+00 +6.0000e+00 +8.0000e+00
81 +3.697599053e+02 +3.697599053e+02 +8.151099053e+02 +8.151099053e+02 +2.0000e+00 +1.0000e+00 +1.0000e+00 +3.0000e+00 +2.0000e+00 +1.4000e+01 +2.0000e+00 +1.4000e+01 +1.0000e+00 +3.0000e+00
131 +2.219471053e+02 +2.219471053e+02 +6.672971053e+02 +6.672971053e+02 +2.0000e+00 +1.0000e+00 +0.0000e+00 +2.0000e+00 +1.0000e+00 +1.0000e+00 +2.0000e+00 +2.0000e+00 +1.3000e+01 +1.0000e+00
161 +9.956630528e+01 +9.956630528e+01 +5.449163053e+02 +5.449163053e+02 +2.0000e+00 +1.0000e+00 +3.0000e+00 +2.0000e+00 +1.0000e+00 +2.0000e+00 +2.0000e+00 +1.0000e+00 +1.0000e+00 +1.0000e+00
181 +5.723830528e+01 +5.723830528e+01 +5.025883053e+02 +5.025883053e+02 +0.0000e+00 +1.0000e+00 +0.0000e+00 +0.0000e+00 +1.0000e+00 +0.0000e+00 +0.0000e+00 +1.0000e+00 +1.0000e+00 +1.0000e+00
