% function evaluation | noise-free fitness - Fopt (7.948000000000e+01) | best noise-free fitness - Fopt | measured fitness | best measured fitness | x1 | x2...
1 +1.071186870e+03 +1.071186870e+03 +1.150666870e+03 +1.150666870e+03 +9.0000e+00 +6.0000e+00 +1.5000e+01 +1.3000e+01 +2.0000e+00 +2.0000e+00 +2.0000e+00 +1.0000e+01 +1.5000e+01 +1.0000e+01
42 +4.916092698e+02 +4.916092698e+02 +5.710892698e+02 +5.710892698e+02 +5.0000e+00 +1.6000e+01 +4.0000e+00 +3.0000e+00 +0.0000e+00 +0.0000e+00 +1.1000e+01 +3.0000e+00 +0.0000e+00 +0.0000e+00
68 +3.951276698e+02 +3.951276698e+02 +4.746076698e+02 +4.746076698e+02 +2.0000e+00 +8.0000e+00 +0.0000e+00 +0.0000e+00 +0.0000e+00 +0.0000e+00 +1.1000e+01 +0.0000e+00 +0.0000e+00 +1.0000e+01
% function evaluation | noise-free fitness - Fopt (3.944800000000e+02) | best noise-free fitness - Fopt | measured fitness | best measured fitness | x1 | x2...
1 +3.846641775e+03 +3.846641775e+03 +4.241121775e+03 +4.241121775e+03 +0.0000e+00 +3.0000e+01 +2.0000e+00 +1.6000e+01 +2.6000e+01 +1.1000e+01 +1.6000e+01 +1.8000e+01 +1.8000e+01 +2.6000e+01
6 +1.852332975e+03 +1.852332975e+03 +2.246812975e+03 +2.246812975e+03 +2.7000e+01 +3.0000e+00 +3.0000e+00 +1.1000e+01 +1.6000e+01 +5.0000e+00 +1.1000e+01 +3.0000e+00 +3.0000e+00 +1.6000e+01
26 +1.100464175e+03 +1.100464175e+03 +1.494944175e+03 +1.494944175e+03 +2.0000e+00 +1.0000e+01 +1.0000e+01 +1.5000e+01 +2.0000e+00 +1.0000e+01 +1.5000e+01 +1.5000e+01 +2.0000e+00 +2.0000e+00
51 +4.561201754e+02 +4.561201754e+02 +8.506001754e+02 +8.506001754e+02 +6.0000e+00 +1.0000e+01 +3.0000e+00 +1.0000e+01 +3.0000e+00 +2.0000e+00 +6.0000e+00 +3.0000e+00 +3.0000e+00 +3.0000e+00
69 +2.468913754e+02 +2.468913754e+02 +6.413713754e+02 +6.413713754e+02 +3.0000e+00 +3.0000e+00 +3.0000e+00 +4.0000e+00 +4.0000e+00 +3.0000e+00 +3.0000e+00 +3.0000e+00 +3.0000e+00 +3.0000e+00
91 +1.119713754e+02 +1.119713754e+02 +5.064513754e+02 +5.064513754e+02 +1.0000e+00 +1.0000e+00 +1.0000e+00 +4.0000e+00 +1.0000e+00 +1.0000e+00 +1.0000e+00 +1.0000e+00 +1.0000e+00 +1.0000e+00
% function evaluation | noise-free fitness - Fopt (-2.471100000000e+02) | best noise-free fitness - Fopt | measured fitness | best measured fitness | x1 | x2...
1 +2.838382118e+03 +2.838382118e+03 +2.591272118e+03 +2.591272118e+03 +1.6000e+01 +1.1000e+01 +0.0000e+00 +1.9000e+01 +2.7000e+01 +0.0000e+00 +2.0000e+00 +8.0000e+00 +2.7000e+01 +8.0000e+00
4 +1.630215718e+03 +1.630215718e+03 +1.383105718e+03 +1.383105718e+03 +1.0000e+00 +1.2000e+01 +1.8000e+01 +7.0000e+00 +1.0000e+01 +1.8000e+01 +1.3000e+01 +1.3000e+01 +1.0000e+01 +1.3000e+01
16 +1.037145318e+03 +1.037145318e+03 +7.900353178e+02 +7.900353178e+02 +0.0000e+00 +1.0000e+01 +6.0000e+00 +1.6000e+01 +2.0000e+00 +6.0000e+00 +2.0000e+01 +8.0000e+00 +2.0000e+00 +8.0000e+00
36 +8.429085178e+02 +8.429085178e+02 +5.957985178e+02 +5.957985178e+02 +1.3000e+01 +7.0000e+00 +7.0000e+00 +7.0000e+00 +0.0000e+00 +1.9000e+01 +0.0000e+00 +1.0000e+00 +1.0000e+00 +7.0000e+00
% function evaluation | noise-free fitness - Fopt (-1.520400000000e+02) | best noise-free fitness - Fopt | measured fitness | best measured fitness | x1 | x2...
1 +1.905680742e+03 +1.905680742e+03 +1.753640742e+03 +1.753640742e+03 +1.3000e+01 +7.0000e+00 +2.0000e+00 +2.0000e+00 +1.6000e+01 +2.9000e+01 +1.6000e+01 +7.0000e+00 +1.6000e+01 +1.3000e+01
17 +1.494194342e+03 +1.494194342e+03 +1.342154342e+03 +1.342154342e+03 +1.9000e+01 +4.0000e+00 +4.0000e+00 +4.0000e+00 +6.0000e+00 +1.7000e+01 +2.0000e+01 +7.0000e+00 +6.0000e+00 +1.9000e+01
38 +5.934999418e+02 +5.934999418e+02 +4.414599418e+02 +4.414599418e+02 +5.0000e+00 +0.0000e+00 +5.0000e+00 +0.0000e+00 +2.0000e+01 +1.0000e+00 +1.0000e+00 +1.0000e+00 +1.0000e+00 +1.6000e+01
% function evaluation | noise-free fitness - Fopt (-2.525000000000e+01) | best noise-free fitness - Fopt | measured fitness | best measured fitness | x1 | x2...
1 +1.359114943e+03 +1.359114943e+03 +1.333864943e+03 +1.333864943e+03 +1.4000e+01 +1.8000e+01 +2.0000e+00 +8.0000e+00 +6.0000e+00 +7.0000e+00 +1.4000e+01 +8.0000e+00 +2.1000e+01 +2.0000e+00
47 +7.817213434e+02 +7.817213434e+02 +7.564713434e+02 +7.564713434e+02 +9.0000e+00 +7.0000e+00 +9.0000e+00 +9.0000e+00 +1.0000e+01 +8.0000e+00 +9.0000e+00 +9.0000e+00 +1.0000e+01 +4.0000e+00
59 +6.160749434e+02 +6.160749434e+02 +5.908249434e+02 +5.908249434e+02 +5.0000e+00 +4.0000e+00 +5.0000e+00 +5.0000e+00 +0.0000e+00 +1.6000e+01 +5.0000e+00 +5.0000e+00 +0.0000e+00 +9.0000e+00
% function evaluation | noise-free fitness - Fopt (2.230000000000e+00) | best noise-free fitness - Fopt | measured fitness | best measured fitness | x1 | x2...
1 +3.592397406e+03 +3.592397406e+03 +3.594627406e+03 +3.594627406e+03 +3.0000e+01 +2.2000e+01 +2.3000e+01 +3.0000e+01 +3.0000e+00 +1.6000e+01 +1.2000e+01 +3.0000e+00 +1.2000e+01 +3.0000e+00
3 +2.249840606e+03 +2.249840606e+03 +2.252070606e+03 +2.252070606e+03 +2.2000e+01 +1.8000e+01 +7.0000e+00 +2.2000e+01 +1.4000e+01 +6.0000e+00 +1.0000e+01 +1.4000e+01 +1.0000e+01 +1.4000e+01
17 +5.246486061e+02 +5.246486061e+02 +5.268786061e+02 +5.268786061e+02 +9.0000e+00 +2.0000e+00 +9.0000e+00 +1.0000e+01 +9.0000e+00 +0.0000e+00 +2.0000e+00 +9.0000e+00 +2.0000e+00 +9.0000e+00
44 +3.939990061e+02 +3.939990061e+02 +3.962290061e+02 +3.962290061e+02 +0.0000e+00 +8.0000e+00 +3.0000e+00 +8.0000e+00 +4.0000e+00 +3.0000e+00 +8.0000e+00 +0.0000e+00 +0.0000e+00 +4.0000e+00
64 +9.239900608e+01 +9.239900608e+01 +9.462900608e+01 +9.462900608e+01 +7.0000e+00 +3.0000e+00 +0.0000e+00 +2.0000e+00 +2.0000e+00 +0.0000e+00 +0.0000e+00 +0.0000e+00 +3.0000e+00 +0.0000e+00
% function evaluation | noise-free fitness - Fopt (-1.308000000000e+01) | best noise-free fitness - Fopt | measured fitness | best measured fitness | x1 | x2...
1 +2.446160067e+03 +2.446160067e+03 +2.433080067e+03 +2.433080067e+03 +1.0000e+00 +1.0000e+00 +1.3000e+01 +1.3000e+01 +5.0000e+00 +1.0000e+00 +2.0000e+01 +1.3000e+01 +2.9000e+01 +2.5000e+01
3 +1.270512067e+03 +1.270512067e+03 +1.257432067e+03 +1.257432067e+03 +9.0000e+00 +9.0000e+00 +1.7000e+01 +1.7000e+01 +4.0000e+00 +9.0000e+00 +5.0000e+00 +1.7000e+01 +1.2000e+01 +1.0000e+00
53 +4.609776672e+02 +4.609776672e+02 +4.478976672e+02 +4.478976672e+02 +5.0000e+00 +6.0000e+00 +3.0000e+00 +3.0000e+00 +5.0000e+00 +8.0000e+00 +5.0000e+00 +8.0000e+00 +5.0000e+00 +5.0000e+00
68 +2.959744672e+02 +2.959744672e+02 +2.828944672e+02 +2.828944672e+02 +0.0000e+00 +0.0000e+00 +0.0000e+00 +0.0000e+00 +0.0000e+00 +0.0000e+00 +1.6000e+01 +2.0000e+00 +2.0000e+00 +2.0000e+00
77 +6.543046720e+01 +6.543046720e+01 +5.235046720e+01 +5.235046720e+01 +1.0000e+00 +1.0000e+00 +1.0000e+00 +1.0000e+00 +1.0000e+00 +1.0000e+00 +0.0000e+00 +0.0000e+00 +0.0000e+00 +0.0000e+00
97 +5.977926720e+01 +5.977926720e+01 +4.669926720e+01 +4.669926720e+01 +0.0000e+00 +0.0000e+00 +0.0000e+00 +0.0000e+00 +0.0000e+00 +0.0000e+00 +0.0000e+00 +0.0000e+00 +0.0000e+00 +0.0000e+00
% function evaluation | noise-free fitness - Fopt (2.671600000000e+02) | best noise-free fitness - Fopt | measured fitness | best measured fitness | x1 | x2...
1 +3.294060357e+03 +3.294060357e+03 +3.561220357e+03 +3.561220357e+03 +1.9000e+01 +1.6000e+01 +1.1000e+01 +2.2000e+01 +1.1000e+01 +2.2000e+01 +1.8000e+01 +7.0000e+00 +1.6000e+01 +1.8000e+01
2 +1.912876357e+03 +1.912876357e+03 +2.180036357e+03 +2.180036357e+03 +2.0000e+00 +5.0000e+00 +1.9000e+01 +8.0000e+00 +1.9000e+01 +8.0000e+00 +0.0000e+00 +2.6000e+01 +5.0000e+00 +0.0000e+00
3 +1.114961157e+03 +1.114961157e+03 +1.382121157e+03 +1.382121157e+03 +1.0000e+01 +0.0000e+00 +0.0000e+00 +1.6000e+01 +0.0000e+00 +1.6000e+01 +8.0000e+00 +1.1000e+01 +0.0000e+00 +8.0000e+00
23 +2.771739571e+02 +2.771739571e+02 +5.443339571e+02 +5.443339571e+02 +0.0000e+00 +0.0000e+00 +7.0000e+00 +0.0000e+00 +0.0000e+00 +0.0000e+00 +0.0000e+00 +7.0000e+00 +0.0000e+00 +7.0000e+00
43 +2.308299571e+02 +2.308299571e+02 +4.979899571e+02 +4.979899571e+02 +0.0000e+00 +0.0000e+00 +6.0000e+00 +0.0000e+00 +0.0000e+00 +6.0000e+00 +6.0000e+00 +0.0000e+00 +0.0000e+00 +0.0000e+00
63 +1.198091571e+02 +1.198091571e+02 +3.869691571e+02 +3.869691571e+02 +0.0000e+00 +0.0000e+00 +0.0000e+00 +0.0000e+00 +0.0000e+00 +0.0000e+00 +0.0000e+00 +5.0000e+00 +0.0000e+00 +0.0000e+00
83 +8.025075712e+01 +8.025075712e+01 +3.474107571e+02 +3.474107571e+02 +0.0000e+00 +0.0000e+00 +0.0000e+00 +0.0000e+00 +0.0000e+00 +0.0000e+00 +4.0000e+00 +0.0000e+00 +0.0000e+00 +0.0000e+00
% function evaluation | noise-free fitness - Fopt (3.710000000000e+00) | best noise-free fitness - Fopt | measured fitness | best measured fitness | x1 | x2...
1 +1.840036665e+03 +1.840036665e+03 +1.843746665e+03 +1.843746665e+03 +0.0000e+00 +2.0000e+00 +4.0000e+00 +2.0000e+00 +2.0000e+00 +2.5000e+01 +1.2000e+01 +2.5000e+01 +2.5000e+01 +2.0000e+00
3 +1.584743865e+03 +1.584743865e+03 +1.588453865e+03 +1.588453865e+03 +1.0000e+01 +2.0000e+01 +1.0000e+00 +1.4000e+01 +1.4000e+01 +1.2000e+01 +6.0000e+00 +1.2000e+01 +1.2000e+01 +1.4000e+01
4 +9.022686650e+02 +9.022686650e+02 +9.059786650e+02 +9.059786650e+02 +1.4000e+01 +1.1000e+01 +5.0000e+00 +7.0000e+00 +7.0000e+00 +1.0000e+00 +1.8000e+01 +1.0000e+00 +1.0000e+00 +7.0000e+00
14 +4.614046650e+02 +4.614046650e+02 +4.651146650e+02 +4.651146650e+02 +4.0000e+00 +1.0000e+00 +1.0000e+00 +8.0000e+00 +8.0000e+00 +6.0000e+00 +1.1000e+01 +6.0000e+00 +6.0000e+00 +8.0000e+00
34 +3.426142650e+02 +3.426142650e+02 +3.463242650e+02 +3.463242650e+02 +1.0000e+00 +4.0000e+00 +7.0000e+00 +0.0000e+00 +1.0000e+01 +3.0000e+00 +7.0000e+00 +0.0000e+00 +7.0000e+00 +5.0000e+00
74 +1.893294650e+02 +1.893294650e+02 +1.930394650e+02 +1.930394650e+02 +1.1000e+01 +0.0000e+00 +5.0000e+00 +0.0000e+00 +0.0000e+00 +0.0000e+00 +2.0000e+00 +0.0000e+00 +0.0000e+00 +8.0000e+00
% function evaluation | noise-free fitness - Fopt (9.478000000000e+01) | best noise-free fitness - Fopt | measured fitness | best measured fitness | x1 | x2...
1 +3.686431308e+03 +3.686431308e+03 +3.781211308e+03 +3.781211308e+03 +1.4000e+01 +5.0000e+00 +2.6000e+01 +2.6000e+01 +2.2000e+01 +2.6000e+01 +5.0000e+00 +1.4000e+01 +2.2000e+01 +2.6000e+01
4 +1.187757708e+03 +1.187757708e+03 +1.282537708e+03 +1.282537708e+03 +2.0000e+00 +8.0000e+00 +2.4000e+01 +0.0000e+00 +7.0000e+00 +2.4000e+01 +8.0000e+00 +2.0000e+00 +7.0000e+00 +0.0000e+00
24 +1.129865082e+02 +1.129865082e+02 +2.077665082e+02 +2.077665082e+02 +7.0000e+00 +0.0000e+00 +6.0000e+00 +0.0000e+00 +1.0000e+00 +0.0000e+00 +0.0000e+00 +6.0000e+00 +6.0000e+00 +0.0000e+00
93 +7.881850816e+01 +7.881850816e+01 +1.735985082e+02 +1.735985082e+02 +3.0000e+00 +0.0000e+00 +3.0000e+00 +3.0000e+00 +3.0000e+00 +3.0000e+00 +3.0000e+00 +3.0000e+00 +0.0000e+00 +3.0000e+00
% function evaluation | noise-free fitness - Fopt (2.339200000000e+02) | best noise-free fitness - Fopt | measured fitness | best measured fitness | x1 | x2...
1 +1.645542448e+03 +1.645542448e+03 +1.879462448e+03 +1.879462448e+03 +1.0000e+00 +1.0000e+01 +1.6000e+01 +2.4000e+01 +1.1000e+01 +1.1000e+01 +3.0000e+00 +1.4000e+01 +1.0000e+00 +1.1000e+01
12 +1.100400048e+03 +1.100400048e+03 +1.334320048e+03 +1.334320048e+03 +4.0000e+00 +1.1000e+01 +2.0000e+00 +5.0000e+00 +1.8000e+01 +1.8000e+01 +1.0000e+01 +3.0000e+00 +4.0000e+00 +1.6000e+01
33 +4.355568480e+02 +4.355568480e+02 +6.694768480e+02 +6.694768480e+02 +0.0000e+00 +0.0000e+00 +3.0000e+00 +1.3000e+01 +3.0000e+00 +0.0000e+00 +8.0000e+00 +8.0000e+00 +3.0000e+00 +0.0000e+00
53 +1.973328480e+02 +1.973328480e+02 +4.312528480e+02 +4.312528480e+02 +0.0000e+00 +2.0000e+00 +0.0000e+00 +0.0000e+00 +2.0000e+00 +0.0000e+00 +0.0000e+00 +0.0000e+00 +1.2000e+01 +0.0000e+00
73 +5.993284800e+01 +5.993284800e+01 +2.938528480e+02 +2.938528480e+02 +1.0000e+00 +0.0000e+00 +0.0000e+00 +1.0000e+00 +0.0000e+00 +0.0000e+00 +1.0000e+00 +1.0000e+00 +0.0000e+00 +0.0000e+00
85 +3.839684800e+01 +3.839684800e+01 +2.723168480e+02 +2.723168480e+02 +0.0000e+00 +1.0000e+00 +0.0000e+00 +0.0000e+00 +0.0000e+00 +1.0000e+00 +0.0000e+00 +0.0000e+00 +0.0000e+00 +1.0000e+00
% function evaluation | noise-free fitness - Fopt (-6.092000000000e+01) | best noise-free fitness - Fopt | measured fitness | best measured fitness | x1 | x2...
1 +4.295475468e+03 +4.295475468e+03 +4.234555468e+03 +4.234555468e+03 +1.9000e+01 +3.0000e+01 +2.6000e+01 +1.5000e+01 +1.5000e+01 +2.6000e+01 +1.9000e+01 +1.5000e+01 +1.4000e+01 +2.5000e+01
2 +3.207003468e+03 +3.207003468e+03 +3.146083468e+03 +3.146083468e+03 +0.0000e+00 +2.7000e+01 +1.7000e+01 +1.9000e+01 +1.9000e+01 +1.7000e+01 +1.6000e+01 +1.9000e+01 +1.2000e+01 +2.1000e+01
3 +9.927986682e+02 +9.927986682e+02 +9.318786682e+02 +9.318786682e+02 +4.0000e+00 +3.0000e+00 +1.4000e+01 +4.0000e+00 +4.0000e+00 +1.4000e+01 +4.0000e+00 +4.0000e+00 +3.0000e+00 +2.2000e+01
4 +2.661682682e+02 +2.661682682e+02 +2.052482682e+02 +2.052482682e+02 +1.1000e+01 +0.0000e+00 +2.0000e+00 +1.0000e+00 +1.0000e+00 +2.0000e+00 +1.1000e+01 +1.0000e+00 +3.0000e+00 +0.0000e+00
24 +1.878738682e+02 +1.878738682e+02 +1.269538682e+02 +1.269538682e+02 +2.0000e+00 +8.0000e+00 +0.0000e+00 +1.0000e+01 +0.0000e+00 +1.0000e+00 +1.0000e+00 +1.0000e+00 +0.0000e+00 +0.0000e+00
44 +4.884826816e+01 +4.884826816e+01 -1.207173184e+01 -1.207173184e+01 +0.0000e+00 +0.0000e+00 +7.0000e+00 +0.0000e+00 +0.0000e+00 +0.0000e+00 +0.0000e+00 +0.0000e+00 +0.0000e+00 +0.0000e+00
% function evaluation | noise-free fitness - Fopt (-1.948000000000e+01) | best noise-free fitness - Fopt | measured fitness | best measured fitness | x1 | x2...
1 +2.568283950e+03 +2.568283950e+03 +2.548803950e+03 +2.548803950e+03 +5.0000e+00 +2.7000e+01 +2.5000e+01 +2.5000e+01 +9.0000e+00 +1.7000e+01 +7.0000e+00 +1.2000e+01 +1.2000e+01 +0.0000e+00
2 +2.446632750e+03 +2.446632750e+03 +2.427152750e+03 +2.427152750e+03 +1.2000e+01 +6.0000e+00 +4.0000e+00 +4.0000e+00 +2.5000e+01 +1.8000e+01 +1.4000e+01 +2.2000e+01 +2.2000e+01 +1.2000e+01
12 +1.379224750e+03 +1.379224750e+03 +1.359744750e+03 +1.359744750e+03 +1.0000e+01 +3.0000e+00 +2.0000e+00 +2.0000e+00 +1.3000e+01 +0.0000e+00 +1.1000e+01 +1.1000e+01 +1.1000e+01 +2.8000e+01
16 +4.996151501e+02 +4.996151501e+02 +4.801351501e+02 +4.801351501e+02 +8.0000e+00 +1.0000e+01 +8.0000e+00 +8.0000e+00 +4.0000e+00 +4.0000e+00 +1.0000e+01 +4.0000e+00 +4.0000e+00 +6.0000e+00
36 +3.836791501e+02 +3.836791501e+02 +3.641991501e+02 +3.641991501e+02 +3.0000e+00 +7.0000e+00 +3.0000e+00 +7.0000e+00 +3.0000e+00 +9.0000e+00 +3.0000e+00 +7.0000e+00 +9.0000e+00 +7.0000e+00
76 +1.717399501e+02 +1.717399501e+02 +1.522599501e+02 +1.522599501e+02 +1.0000e+00 +7.0000e+00 +0.0000e+00 +5.0000e+00 +1.0000e+00 +5.0000e+00 +1.0000e+00 +5.0000e+00 +1.0000e+00 +5.0000e+00
90 +1.566231501e+02 +1.566231501e+02 +1.371431501e+02 +1.371431501e+02 +2.0000e+00 +2.0000e+00 +2.0000e+00 +5.0000e+00 +5.0000e+00 +9.0000e+00 +1.0000e+00 +1.0000e+00 +2.0000e+00 +1.0000e+00
96 +7.470955008e+01 +7.470955008e+01 +5.522955008e+01 +5.522955008e+01 +4.0000e+00 +4.0000e+00 +4.0000e+00 +0.0000e+00 +0.0000e+00 +0.0000e+00 +0.0000e+00 +0.0000e+00 +4.0000e+00 +0.0000e+00
% function evaluation | noise-free fitness - Fopt (1.344700000000e+02) | best noise-free fitness - Fopt | measured fitness | best measured fitness | x1 | x2...
1 +3.220502860e+03 +3.220502860e+03 +3.354972860e+03 +3.354972860e+03 +3.0000e+01 +7.0000e+00 +2.5000e+01 +3.0000e+00 +2.5000e+01 +0.0000e+00 +1.6000e+01 +7.0000e+00 +1.6000e+01 +4.0000e+00
12 +2.501656460e+03 +2.501656460e+03 +2.636126460e+03 +2.636126460e+03 +1.6000e+01 +0.0000e+00 +2.6000e+01 +2.0000e+00 +2.6000e+01 +4.0000e+00 +6.0000e+00 +0.0000e+00 +6.0000e+00 +1.9000e+01
26 +1.206216460e+03 +1.206216460e+03 +1.340686460e+03 +1.340686460e+03 +0.0000e+00 +0.0000e+00 +2.0000e+00 +1.9000e+01 +2.0000e+00 +9.0000e+00 +2.0000e+00 +1.9000e+01 +0.0000e+00 +1.1000e+01
36 +7.868980595e+02 +7.868980595e+02 +9.213680595e+02 +9.213680595e+02 +0.0000e+00 +0.0000e+00 +7.0000e+00 +0.0000e+00 +7.0000e+00 +8.0000e+00 +7.0000e+00 +0.0000e+00 +0.0000e+00 +2.0000e+01
76 +2.398020595e+02 +2.398020595e+02 +3.742720595e+02 +3.742720595e+02 +5.0000e+00 +5.0000e+00 +6.0000e+00 +0.0000e+00 +0.0000e+00 +0.0000e+00 +5.0000e+00 +5.0000e+00 +5.0000e+00 +0.0000e+00
% function evaluation | noise-free fitness - Fopt (4.453500000000e+02) | best noise-free fitness - Fopt | measured fitness | best measured fitness | x1 | x2...
1 +2.663207905e+03 +2.663207905e+03 +3.108557905e+03 +3.108557905e+03 +2.3000e+01 +1.9000e+01 +3.0000e+00 +1.0000e+01 +2.3000e+01 +1.5000e+01 +1.6000e+01 +1.0000e+01 +5.0000e+00 +2.3000e+01
5 +1.180460705e+03 +1.180460705e+03 +1.625810705e+03 +1.625810705e+03 +6.0000e+00 +9.0000e+00 +1.5000e+01 +5.0000e+00 +6.0000e+00 +9.0000e+00 +2.0000e+00 +5.0000e+00 +2.7000e+01 +6.0000e+00
29 +9.770271053e+02 +9.770271053e+02 +1.422377105e+03 +1.422377105e+03 +1.0000e+00 +1.6000e+01 +1.7000e+01 +0.0000e+00 +0.0000e+00 +1.0000e+01 +1.6000e+01 +0.0000e+00 +1.0000e+00 +4.0000e+00
72 +4.989023053e+02 +4.989023053e+02 +9.442523053e+02 +9.442523053e+02 +7.0000e+00 +7.0000e+00 +1.1000e+01 +7.0000e+00 +0.0000e+00 +1.4000e+01 +0.0000e+00 +7.0000e+00 +7.0000e+00 +0.0000e+00
97 +2.776559053e+02 +2.776559053e+02 +7.230059053e+02 +7.230059053e+02 +0.0000e+00 +7.0000e+00 +0.0000e+00 +0.0000e+00 +1.4000e+01 +0.0000e+00 +7.0000e+00 +0.0000e+00 +0.0000e+00 +0.0000e+00
