% function evaluation | noise-free fitness - Fopt (7.948000000000e+01) | best noise-free fitness - Fopt | measured fitness | best measured fitness | x1 | x2...
1 +3.116478070e+03 +3.116478070e+03 +3.195958070e+03 +3.195958070e+03 +6.0000e+00 +7.0000e+00 +7.0000e+00 +2.9000e+01 +2.7000e+01 +2.0000e+00 +2.5000e+01 +2.5000e+01 +7.0000e+00 +1.0000e+00
3 +1.681647670e+03 +1.681647670e+03 +1.761127670e+03 +1.761127670e+03 +6.0000e+00 +4.0000e+00 +4.0000e+00 +0.0000e+00 +2.0000e+01 +9.0000e+00 +1.3000e+01 +2.7000e+01 +4.0000e+00 +6.0000e+00
13 +1.258481270e+03 +1.258481270e+03 +1.337961270e+03 +1.337961270e+03 +3.0000e+00 +3.0000e+00 +3.0000e+00 +2.6000e+01 +8.0000e+00 +1.9000e+01 +3.0000e+00 +1.2000e+01 +3.0000e+00 +0.0000e+00
28 +6.960124698e+02 +6.960124698e+02 +7.754924698e+02 +7.754924698e+02 +1.7000e+01 +1.0000e+01 +1.0000e+00 +1.1000e+01 +1.1000e+01 +1.0000e+00 +1.0000e+00 +1.0000e+00 +1.0000e+00 +0.0000e+00
38 +3.835436698e+02 +3.835436698e+02 +4.630236698e+02 +4.630236698e+02 +1.0000e+00 +8.0000e+00 +1.0000e+01 +0.0000e+00 +0.0000e+00 +0.0000e+00 +0.0000e+00 +0.0000e+00 +0.0000e+00 +1.0000e+01
68 +1.099212698e+02 +1.099212698e+02 +1.894012698e+02 +1.894012698e+02 +1.0000e+00 +4.0000e+00 +7.0000e+00 +0.0000e+00 +0.0000e+00 +0.0000e+00 +0.0000e+00 +0.0000e+00 +0.0000e+00 +0.0000e+00
88 +5.573246976e+01 +5.573246976e+01 +1.352124698e+02 +1.352124698e+02 +0.0000e+00 +0.0000e+00 +2.0000e+00 +0.0000e+00 +0.0000e+00 +0.0000e+00 +0.0000e+00 +5.0000e+00 +0.0000e+00 +0.0000e+00
98 +2.579646976e+01 +2.579646976e+01 +1.052764698e+02 +1.052764698e+02 +0.0000e+00 +0.0000e+00 +0.0000e+00 +0.0000e+00 +0.0000e+00 +0.0000e+00 +0.0000e+00 +1.0000e+00 +0.0000e+00 +0.0000e+00
108 +2.503646976e+01 +2.503646976e+01 +1.045164698e+02 +1.045164698e+02 +0.0000e+00 +0.0000e+00 +0.0000e+00 +0.0000e+00 +0.0000e+00 +0.0000e+00 +0.0000e+00 +0.0000e+00 +0.0000e+00 +0.0000e+00
% function evaluation | noise-free fitness - Fopt (3.944800000000e+02) | best noise-free fitness - Fopt | measured fitness | best measured fitness | x1 | x2...
1 +4.187795375e+03 +4.187795375e+03 +4.582275375e+03 +4.582275375e+03 +1.4000e+01 +1.2000e+01 +2.0000e+01 +1.4000e+01 +2.6000e+01 +2.7000e+01 +2.6000e+01 +1.0000e+00 +2.7000e+01 +9.0000e+00
2 +3.078419375e+03 +3.078419375e+03 +3.472899375e+03 +3.472899375e+03 +5.0000e+00 +2.0000e+01 +2.0000e+00 +2.1000e+01 +8.0000e+00 +3.0000e+01 +8.0000e+00 +0.0000e+00 +2.7000e+01 +1.1000e+01
3 +2.408056175e+03 +2.408056175e+03 +2.802536175e+03 +2.802536175e+03 +1.5000e+01 +1.2000e+01 +1.1000e+01 +1.5000e+01 +1.8000e+01 +0.0000e+00 +1.8000e+01 +9.0000e+00 +1.2000e+01 +2.3000e+01
17 +1.291137775e+03 +1.291137775e+03 +1.685617775e+03 +1.685617775e+03 +1.5000e+01 +4.0000e+00 +9.0000e+00 +1.2000e+01 +1.2000e+01 +1.2000e+01 +6.0000e+00 +6.0000e+00 +1.2000e+01 +6.0000e+00
37 +7.686193754e+02 +7.686193754e+02 +1.163099375e+03 +1.163099375e+03 +1.0000e+00 +1.4000e+01 +4.0000e+00 +2.0000e+00 +4.0000e+00 +1.0000e+01 +4.0000e+00 +4.0000e+00 +2.0000e+00 +1.0000e+01
45 +5.585697754e+02 +5.585697754e+02 +9.530497754e+02 +9.530497754e+02 +0.0000e+00 +6.0000e+00 +6.0000e+00 +7.0000e+00 +7.0000e+00 +6.0000e+00 +6.0000e+00 +7.0000e+00 +7.0000e+00 +7.0000e+00
50 +2.335857754e+02 +2.335857754e+02 +6.280657754e+02 +6.280657754e+02 +7.0000e+00 +2.0000e+00 +2.0000e+00 +0.0000e+00 +0.0000e+00 +2.0000e+00 +2.0000e+00 +0.0000e+00 +0.0000e+00 +0.0000e+00
60 +1.245009754e+02 +1.245009754e+02 +5.189809754e+02 +5.189809754e+02 +1.0000e+00 +1.0000e+00 +0.0000e+00 +0.0000e+00 +1.0000e+00 +1.0000e+00 +0.0000e+00 +1.0000e+00 +1.0000e+00 +1.0000e+00
67 +9.622257536e+01 +9.622257536e+01 +4.907025754e+02 +4.907025754e+02 +0.0000e+00 +0.0000e+00 +0.0000e+00 +1.0000e+00 +1.0000e+00 +1.0000e+00 +1.0000e+00 +1.0000e+00 +1.0000e+00 +1.0000e+00
% function evaluation | noise-free fitness - Fopt (-2.471100000000e+02) | best noise-free fitness - Fopt | measured fitness | best measured fitness | x1 | x2...
1 +3.097284518e+03 +3.097284518e+03 +2.850174518e+03 +2.850174518e+03 +1.3000e+01 +1.2000e+01 +1.2000e+01 +1.6000e+01 +1.6000e+01 +1.3000e+01 +1.1000e+01 +2.7000e+01 +2.5000e+01 +1.0000e+00
6 +1.408862118e+03 +1.408862118e+03 +1.161752118e+03 +1.161752118e+03 +3.0000e+00 +0.0000e+00 +0.0000e+00 +2.0000e+00 +2.0000e+00 +3.0000e+00 +2.4000e+01 +0.0000e+00 +1.3000e+01 +2.9000e+01
16 +7.835405178e+02 +7.835405178e+02 +5.364305178e+02 +5.364305178e+02 +0.0000e+00 +1.3000e+01 +2.0000e+00 +0.0000e+00 +1.0000e+00 +1.0000e+00 +0.0000e+00 +0.0000e+00 +2.3000e+01 +0.0000e+00
26 +1.439389178e+02 +1.439389178e+02 -1.031710822e+02 -1.031710822e+02 +0.0000e+00 +0.0000e+00 +0.0000e+00 +0.0000e+00 +0.0000e+00 +0.0000e+00 +1.2000e+01 +0.0000e+00 +0.0000e+00 +0.0000e+00
85 +7.721891776e+01 +7.721891776e+01 -1.698910822e+02 -1.698910822e+02 +0.0000e+00 +0.0000e+00 +0.0000e+00 +0.0000e+00 +0.0000e+00 +0.0000e+00 +0.0000e+00 +0.0000e+00 +0.0000e+00 +0.0000e+00
% function evaluation | noise-free fitness - Fopt (-1.520400000000e+02) | best noise-free fitness - Fopt | measured fitness | best measured fitness | x1 | x2...
1 +1.691586342e+03 +1.691586342e+03 +1.539546342e+03 +1.539546342e+03 +1.0000e+00 +1.1000e+01 +1.0000e+00 +1.0000e+00 +1.1000e+01 +1.0000e+01 +9.0000e+00 +2.8000e+01 +2.2000e+01 +1.1000e+01
11 +7.979559418e+02 +7.979559418e+02 +6.459159418e+02 +6.459159418e+02 +1.0000e+01 +1.0000e+01 +1.0000e+01 +9.0000e+00 +1.0000e+01 +1.0000e+01 +8.0000e+00 +1.0000e+01 +0.0000e+00 +1.0000e+01
21 +5.546871418e+02 +5.546871418e+02 +4.026471418e+02 +4.026471418e+02 +1.0000e+00 +1.5000e+01 +9.0000e+00 +9.0000e+00 +7.0000e+00 +9.0000e+00 +0.0000e+00 +0.0000e+00 +9.0000e+00 +7.0000e+00
31 +3.642759418e+02 +3.642759418e+02 +2.122359418e+02 +2.122359418e+02 +6.0000e+00 +6.0000e+00 +8.0000e+00 +8.0000e+00 +0.0000e+00 +8.0000e+00 +0.0000e+00 +6.0000e+00 +6.0000e+00 +6.0000e+00
41 +1.897735418e+02 +1.897735418e+02 +3.773354176e+01 +3.773354176e+01 +7.0000e+00 +7.0000e+00 +0.0000e+00 +5.0000e+00 +0.0000e+00 +0.0000e+00 +5.0000e+00 +5.0000e+00 +0.0000e+00 +7.0000e+00
51 +1.415943418e+02 +1.415943418e+02 -1.044565824e+01 -1.044565824e+01 +0.0000e+00 +0.0000e+00 +6.0000e+00 +4.0000e+00 +4.0000e+00 +6.0000e+00 +0.0000e+00 +0.0000e+00 +0.0000e+00 +4.0000e+00
71 +7.708874176e+01 +7.708874176e+01 -7.495125824e+01 -7.495125824e+01 +0.0000e+00 +0.0000e+00 +2.0000e+00 +0.0000e+00 +0.0000e+00 +0.0000e+00 +2.0000e+00 +0.0000e+00 +0.0000e+00 +0.0000e+00
81 +4.744074176e+01 +4.744074176e+01 -1.045992582e+02 -1.045992582e+02 +0.0000e+00 +0.0000e+00 +0.0000e+00 +1.0000e+00 +0.0000e+00 +0.0000e+00 +1.0000e+00 +1.0000e+00 +1.0000e+00 +0.0000e+00
% function evaluation | noise-free fitness - Fopt (-2.525000000000e+01) | best noise-free fitness - Fopt | measured fitness | best measured fitness | x1 | x2...
1 +3.852174143e+03 +3.852174143e+03 +3.826924143e+03 +3.826924143e+03 +4.0000e+00 +2.0000e+01 +4.0000e+00 +4.0000e+00 +2.9000e+01 +4.0000e+00 +2.8000e+01 +4.0000e+00 +2.9000e+01 +2.9000e+01
6 +6.678765434e+02 +6.678765434e+02 +6.426265434e+02 +6.426265434e+02 +6.0000e+00 +1.2000e+01 +4.0000e+00 +4.0000e+00 +6.0000e+00 +4.0000e+00 +1.6000e+01 +4.0000e+00 +6.0000e+00 +4.0000e+00
52 +2.331101434e+02 +2.331101434e+02 +2.078601434e+02 +2.078601434e+02 +5.0000e+00 +3.0000e+00 +5.0000e+00 +3.0000e+00 +3.0000e+00 +3.0000e+00 +5.0000e+00 +5.0000e+00 +5.0000e+00 +3.0000e+00
62 +1.535917434e+02 +1.535917434e+02 +1.283417434e+02 +1.283417434e+02 +4.0000e+00 +2.0000e+00 +4.0000e+00 +2.0000e+00 +2.0000e+00 +2.0000e+00 +2.0000e+00 +4.0000e+00 +2.0000e+00 +4.0000e+00
72 +9.665894336e+01 +9.665894336e+01 +7.140894336e+01 +7.140894336e+01 +3.0000e+00 +3.0000e+00 +3.0000e+00 +1.0000e+00 +3.0000e+00 +3.0000e+00 +3.0000e+00 +1.0000e+00 +1.0000e+00 +1.0000e+00
102 +4.929094336e+01 +4.929094336e+01 +2.404094336e+01 +2.404094336e+01 +0.0000e+00 +0.0000e+00 +0.0000e+00 +0.0000e+00 +0.0000e+00 +0.0000e+00 +0.0000e+00 +0.0000e+00 +0.0000e+00 +0.0000e+00
% function evaluation | noise-free fitness - Fopt (2.230000000000e+00) | best noise-free fitness - Fopt | measured fitness | best measured fitness | x1 | x2...
1 +2.805589406e+03 +2.805589406e+03 +2.807819406e+03 +2.807819406e+03 +1.8000e+01 +7.0000e+00 +9.0000e+00 +6.0000e+00 +1.9000e+01 +2.2000e+01 +2.2000e+01 +1.9000e+01 +1.9000e+01 +9.0000e+00
3 +2.482368606e+03 +2.482368606e+03 +2.484598606e+03 +2.484598606e+03 +1.1000e+01 +0.0000e+00 +1.3000e+01 +3.0000e+00 +8.0000e+00 +1.3000e+01 +2.6000e+01 +2.8000e+01 +8.0000e+00 +1.3000e+01
16 +1.281863006e+03 +1.281863006e+03 +1.284093006e+03 +1.284093006e+03 +0.0000e+00 +1.6000e+01 +9.0000e+00 +1.1000e+01 +9.0000e+00 +1.1000e+01 +1.6000e+01 +0.0000e+00 +0.0000e+00 +1.1000e+01
26 +6.192406061e+02 +6.192406061e+02 +6.214706061e+02 +6.214706061e+02 +1.0000e+01 +1.0000e+01 +8.0000e+00 +0.0000e+00 +1.0000e+01 +0.0000e+00 +8.0000e+00 +1.0000e+01 +0.0000e+00 +8.0000e+00
36 +2.481990061e+02 +2.481990061e+02 +2.504290061e+02 +2.504290061e+02 +0.0000e+00 +0.0000e+00 +0.0000e+00 +0.0000e+00 +7.0000e+00 +7.0000e+00 +0.0000e+00 +0.0000e+00 +7.0000e+00 +7.0000e+00
56 +1.382678061e+02 +1.382678061e+02 +1.404978061e+02 +1.404978061e+02 +0.0000e+00 +0.0000e+00 +0.0000e+00 +0.0000e+00 +0.0000e+00 +0.0000e+00 +5.0000e+00 +0.0000e+00 +5.0000e+00 +0.0000e+00
86 +5.592220608e+01 +5.592220608e+01 +5.815220608e+01 +5.815220608e+01 +2.0000e+00 +2.0000e+00 +0.0000e+00 +0.0000e+00 +2.0000e+00 +0.0000e+00 +0.0000e+00 +0.0000e+00 +0.0000e+00 +0.0000e+00
% function evaluation | noise-free fitness - Fopt (-1.308000000000e+01) | best noise-free fitness - Fopt | measured fitness | best measured fitness | x1 | x2...
1 +4.654441667e+03 +4.654441667e+03 +4.641361667e+03 +4.641361667e+03 +1.8000e+01 +1.0000e+00 +2.5000e+01 +2.8000e+01 +1.7000e+01 +2.8000e+01 +2.5000e+01 +1.7000e+01 +2.8000e+01 +1.3000e+01
3 +2.110256067e+03 +2.110256067e+03 +2.097176067e+03 +2.097176067e+03 +2.0000e+00 +2.4000e+01 +2.0000e+01 +0.0000e+00 +0.0000e+00 +0.0000e+00 +2.0000e+01 +0.0000e+00 +0.0000e+00 +2.5000e+01
7 +1.397336067e+03 +1.397336067e+03 +1.384256067e+03 +1.384256067e+03 +1.7000e+01 +9.0000e+00 +4.0000e+00 +1.0000e+00 +1.7000e+01 +1.0000e+00 +4.0000e+00 +1.7000e+01 +1.0000e+00 +1.2000e+01
17 +6.967152672e+02 +6.967152672e+02 +6.836352672e+02 +6.836352672e+02 +0.0000e+00 +3.0000e+00 +3.0000e+00 +1.6000e+01 +0.0000e+00 +8.0000e+00 +3.0000e+00 +3.0000e+00 +0.0000e+00 +1.6000e+01
27 +4.006096672e+02 +4.006096672e+02 +3.875296672e+02 +3.875296672e+02 +2.0000e+00 +0.0000e+00 +2.0000e+00 +0.0000e+00 +0.0000e+00 +2.0000e+00 +7.0000e+00 +1.5000e+01 +2.0000e+00 +2.0000e+00
37 +3.683776672e+02 +3.683776672e+02 +3.552976672e+02 +3.552976672e+02 +2.0000e+00 +5.0000e+00 +1.4000e+01 +1.0000e+00 +0.0000e+00 +1.0000e+00 +1.4000e+01 +1.0000e+00 +0.0000e+00 +1.0000e+00
83 +5.977926720e+01 +5.977926720e+01 +4.669926720e+01 +4.669926720e+01 +0.0000e+00 +0.0000e+00 +0.0000e+00 +0.0000e+00 +0.0000e+00 +0.0000e+00 +0.0000e+00 +0.0000e+00 +0.0000e+00 +0.0000e+00
% function evaluation | noise-free fitness - Fopt (2.671600000000e+02) | best noise-free fitness - Fopt | measured fitness | best measured fitness | x1 | x2...
1 +4.862985157e+03 +4.862985157e+03 +5.130145157e+03 +5.130145157e+03 +2.6000e+01 +1.0000e+00 +2.9000e+01 +7.0000e+00 +2.3000e+01 +2.5000e+01 +7.0000e+00 +2.9000e+01 +2.4000e+01 +2.0000e+00
3 +2.861757957e+03 +2.861757957e+03 +3.128917957e+03 +3.128917957e+03 +1.2000e+01 +2.6000e+01 +5.0000e+00 +1.2000e+01 +1.9000e+01 +1.0000e+01 +1.2000e+01 +5.0000e+00 +1.2000e+01 +2.8000e+01
6 +1.071212357e+03 +1.071212357e+03 +1.338372357e+03 +1.338372357e+03 +0.0000e+00 +2.0000e+00 +8.0000e+00 +3.0000e+00 +1.0000e+01 +2.0000e+00 +3.0000e+00 +8.0000e+00 +2.3000e+01 +0.0000e+00
26 +8.594107571e+02 +8.594107571e+02 +1.126570757e+03 +1.126570757e+03 +6.0000e+00 +1.9000e+01 +8.0000e+00 +1.0000e+00 +1.0000e+00 +8.0000e+00 +1.0000e+00 +0.0000e+00 +1.0000e+00 +1.0000e+00
50 +1.466907571e+02 +1.466907571e+02 +4.138507571e+02 +4.138507571e+02 +0.0000e+00 +0.0000e+00 +0.0000e+00 +0.0000e+00 +9.0000e+00 +0.0000e+00 +0.0000e+00 +0.0000e+00 +0.0000e+00 +9.0000e+00
60 +8.346355712e+01 +8.346355712e+01 +3.506235571e+02 +3.506235571e+02 +0.0000e+00 +0.0000e+00 +0.0000e+00 +0.0000e+00 +8.0000e+00 +0.0000e+00 +0.0000e+00 +0.0000e+00 +0.0000e+00 +0.0000e+00
% function evaluation | noise-free fitness - Fopt (3.710000000000e+00) | best noise-free fitness - Fopt | measured fitness | best measured fitness | x1 | x2...
1 +1.901419065e+03 +1.901419065e+03 +1.905129065e+03 +1.905129065e+03 +1.7000e+01 +1.3000e+01 +1.3000e+01 +2.0000e+00 +2.0000e+00 +1.7000e+01 +1.7000e+01 +0.0000e+00 +2.8000e+01 +2.0000e+00
4 +8.062766650e+02 +8.062766650e+02 +8.099866650e+02 +8.099866650e+02 +4.0000e+00 +1.6000e+01 +1.6000e+01 +4.0000e+00 +4.0000e+00 +4.0000e+00 +4.0000e+00 +0.0000e+00 +1.1000e+01 +4.0000e+00
14 +1.187934650e+02 +1.187934650e+02 +1.225034650e+02 +1.225034650e+02 +3.0000e+00 +3.0000e+00 +3.0000e+00 +3.0000e+00 +3.0000e+00 +3.0000e+00 +3.0000e+00 +3.0000e+00 +0.0000e+00 +3.0000e+00
24 +4.603026496e+01 +4.603026496e+01 +4.974026496e+01 +4.974026496e+01 +2.0000e+00 +0.0000e+00 +2.0000e+00 +0.0000e+00 +2.0000e+00 +2.0000e+00 +2.0000e+00 +2.0000e+00 +2.0000e+00 +2.0000e+00
% function evaluation | noise-free fitness - Fopt (9.478000000000e+01) | best noise-free fitness - Fopt | measured fitness | best measured fitness | x1 | x2...
1 +2.438656908e+03 +2.438656908e+03 +2.533436908e+03 +2.533436908e+03 +1.4000e+01 +1.6000e+01 +1.0000e+01 +8.0000e+00 +3.0000e+01 +0.0000e+00 +3.0000e+01 +1.1000e+01 +1.3000e+01 +1.3000e+01
11 +1.505220108e+03 +1.505220108e+03 +1.600000108e+03 +1.600000108e+03 +1.1000e+01 +6.0000e+00 +1.0000e+01 +1.2000e+01 +1.2000e+01 +1.2000e+01 +2.9000e+01 +1.0000e+01 +1.2000e+01 +7.0000e+00
21 +9.744985082e+02 +9.744985082e+02 +1.069278508e+03 +1.069278508e+03 +1.1000e+01 +1.1000e+01 +9.0000e+00 +1.1000e+01 +1.1000e+01 +1.0000e+01 +1.1000e+01 +1.1000e+01 +1.1000e+01 +1.1000e+01
41 +6.173465082e+02 +6.173465082e+02 +7.121265082e+02 +7.121265082e+02 +9.0000e+00 +9.0000e+00 +9.0000e+00 +8.0000e+00 +9.0000e+00 +8.0000e+00 +9.0000e+00 +9.0000e+00 +8.0000e+00 +9.0000e+00
61 +3.746185082e+02 +3.746185082e+02 +4.693985082e+02 +4.693985082e+02 +7.0000e+00 +7.0000e+00 +7.0000e+00 +7.0000e+00 +6.0000e+00 +7.0000e+00 +7.0000e+00 +6.0000e+00 +6.0000e+00 +7.0000e+00
72 +2.076537082e+02 +2.076537082e+02 +3.024337082e+02 +3.024337082e+02 +5.0000e+00 +5.0000e+00 +5.0000e+00 +5.0000e+00 +5.0000e+00 +5.0000e+00 +5.0000e+00 +5.0000e+00 +5.0000e+00 +5.0000e+00
80 +1.422409082e+02 +1.422409082e+02 +2.370209082e+02 +2.370209082e+02 +4.0000e+00 +4.0000e+00 +4.0000e+00 +4.0000e+00 +4.0000e+00 +4.0000e+00 +4.0000e+00 +4.0000e+00 +4.0000e+00 +4.0000e+00
90 +9.682810816e+01 +9.682810816e+01 +1.916081082e+02 +1.916081082e+02 +3.0000e+00 +3.0000e+00 +3.0000e+00 +3.0000e+00 +3.0000e+00 +3.0000e+00 +3.0000e+00 +3.0000e+00 +3.0000e+00 +3.0000e+00
% function evaluation | noise-free fitness - Fopt (2.339200000000e+02) | best noise-free fitness - Fopt | measured fitness | best measured fitness | x1 | x2...
1 +3.440825648e+03 +3.440825648e+03 +3.674745648e+03 +3.674745648e+03 +2.2000e+01 +2.2000e+01 +6.0000e+00 +1.9000e+01 +2.6000e+01 +1.9000e+01 +2.0000e+00 +1.9000e+01 +2.2000e+01 +6.0000e+00
2 +1.074089648e+03 +1.074089648e+03 +1.308009648e+03 +1.308009648e+03 +0.0000e+00 +0.0000e+00 +0.0000e+00 +1.2000e+01 +2.3000e+01 +1.2000e+01 +1.0000e+01 +1.2000e+01 +0.0000e+00 +0.0000e+00
7 +9.787264480e+02 +9.787264480e+02 +1.212646448e+03 +1.212646448e+03 +3.0000e+00 +3.0000e+00 +1.1000e+01 +4.0000e+00 +1.6000e+01 +4.0000e+00 +1.9000e+01 +4.0000e+00 +3.0000e+00 +1.1000e+01
17 +3.054928480e+02 +3.054928480e+02 +5.394128480e+02 +5.394128480e+02 +3.0000e+00 +3.0000e+00 +2.0000e+00 +1.0000e+01 +3.0000e+00 +1.0000e+01 +3.0000e+00 +2.0000e+00 +3.0000e+00 +2.0000e+00
47 +2.306848480e+02 +2.306848480e+02 +4.646048480e+02 +4.646048480e+02 +4.0000e+00 +3.0000e+00 +0.0000e+00 +8.0000e+00 +0.0000e+00 +7.0000e+00 +0.0000e+00 +0.0000e+00 +0.0000e+00 +7.0000e+00
62 +1.428224480e+02 +1.428224480e+02 +3.767424480e+02 +3.767424480e+02 +6.0000e+00 +0.0000e+00 +0.0000e+00 +0.0000e+00 +0.0000e+00 +0.0000e+00 +6.0000e+00 +0.0000e+00 +0.0000e+00 +3.0000e+00
77 +8.359524800e+01 +8.359524800e+01 +3.175152480e+02 +3.175152480e+02 +1.0000e+00 +1.0000e+00 +1.0000e+00 +0.0000e+00 +5.0000e+00 +1.0000e+00 +1.0000e+00 +1.0000e+00 +0.0000e+00 +0.0000e+00
82 +5.455684800e+01 +5.455684800e+01 +2.884768480e+02 +2.884768480e+02 +0.0000e+00 +0.0000e+00 +0.0000e+00 +0.0000e+00 +1.0000e+00 +0.0000e+00 +4.0000e+00 +0.0000e+00 +0.0000e+00 +0.0000e+00
107 +3.853924800e+01 +3.853924800e+01 +2.724592480e+02 +2.724592480e+02 +0.0000e+00 +2.0000e+00 +0.0000e+00 +0.0000e+00 +0.0000e+00 +2.0000e+00 +0.0000e+00 +0.0000e+00 +0.0000e+00 +0.0000e+00
% function evaluation | noise-free fitness - Fopt (-6.092000000000e+01) | best noise-free fitness - Fopt | measured fitness | best measured fitness | x1 | x2...
1 +1.869758668e+03 +1.869758668e+03 +1.808838668e+03 +1.808838668e+03 +2.2000e+01 +9.0000e+00 +2.1000e+01 +1.9000e+01 +6.0000e+00 +1.0000e+00 +2.0000e+01 +1.0000e+01 +6.0000e+00 +6.0000e+00
10 +1.100093068e+03 +1.100093068e+03 +1.039173068e+03 +1.039173068e+03 +2.0000e+01 +1.0000e+00 +2.1000e+01 +0.0000e+00 +9.0000e+00 +6.0000e+00 +1.0000e+00 +0.0000e+00 +9.0000e+00 +9.0000e+00
20 +8.179042682e+02 +8.179042682e+02 +7.569842682e+02 +7.569842682e+02 +8.0000e+00 +8.0000e+00 +8.0000e+00 +8.0000e+00 +1.9000e+01 +8.0000e+00 +8.0000e+00 +8.0000e+00 +0.0000e+00 +0.0000e+00
30 +4.263218682e+02 +4.263218682e+02 +3.654018682e+02 +3.654018682e+02 +7.0000e+00 +7.0000e+00 +7.0000e+00 +0.0000e+00 +7.0000e+00 +0.0000e+00 +7.0000e+00 +7.0000e+00 +7.0000e+00 +7.0000e+00
31 +3.481234682e+02 +3.481234682e+02 +2.872034682e+02 +2.872034682e+02 +3.0000e+00 +3.0000e+00 +3.0000e+00 +3.0000e+00 +3.0000e+00 +3.0000e+00 +1.6000e+01 +3.0000e+00 +3.0000e+00 +3.0000e+00
50 +2.423602682e+02 +2.423602682e+02 +1.814402682e+02 +1.814402682e+02 +5.0000e+00 +5.0000e+00 +5.0000e+00 +0.0000e+00 +5.0000e+00 +5.0000e+00 +5.0000e+00 +5.0000e+00 +5.0000e+00 +5.0000e+00
61 +4.761626816e+01 +4.761626816e+01 -1.330373184e+01 -1.330373184e+01 +0.0000e+00 +0.0000e+00 +0.0000e+00 +0.0000e+00 +0.0000e+00 +0.0000e+00 +0.0000e+00 +0.0000e+00 +0.0000e+00 +0.0000e+00
% function evaluation | noise-free fitness - Fopt (-1.948000000000e+01) | best noise-free fitness - Fopt | measured fitness | best measured fitness | x1 | x2...
1 +2.332538350e+03 +2.332538350e+03 +2.313058350e+03 +2.313058350e+03 +2.0000e+00 +1.0000e+00 +1.2000e+01 +5.0000e+00 +2.0000e+01 +1.9000e+01 +2.0000e+01 +2.0000e+01 +1.3000e+01 +2.0000e+01
18 +5.613479501e+02 +5.613479501e+02 +5.418679501e+02 +5.418679501e+02 +7.0000e+00 +0.0000e+00 +0.0000e+00 +1.4000e+01 +3.0000e+00 +1.4000e+01 +0.0000e+00 +7.0000e+00 +0.0000e+00 +3.0000e+00
28 +1.707623501e+02 +1.707623501e+02 +1.512823501e+02 +1.512823501e+02 +0.0000e+00 +0.0000e+00 +2.0000e+00 +0.0000e+00 +2.0000e+00 +0.0000e+00 +0.0000e+00 +0.0000e+00 +6.0000e+00 +1.3000e+01
38 +5.112395008e+01 +5.112395008e+01 +3.164395008e+01 +3.164395008e+01 +0.0000e+00 +0.0000e+00 +0.0000e+00 +0.0000e+00 +0.0000e+00 +1.0000e+00 +0.0000e+00 +0.0000e+00 +5.0000e+00 +0.0000e+00
101 +3.224555008e+01 +3.224555008e+01 +1.276555008e+01 +1.276555008e+01 +0.0000e+00 +0.0000e+00 +2.0000e+00 +0.0000e+00 +2.0000e+00 +0.0000e+00 +0.0000e+00 +0.0000e+00 +0.0000e+00 +2.0000e+00
% function evaluation | noise-free fitness - Fopt (1.344700000000e+02) | best noise-free fitness - Fopt | measured fitness | best measured fitness | x1 | x2...
1 +2.637627660e+03 +2.637627660e+03 +2.772097660e+03 +2.772097660e+03 +1.0000e+00 +1.0000e+00 +1.0000e+00 +2.7000e+01 +1.5000e+01 +2.5000e+01 +6.0000e+00 +1.5000e+01 +1.8000e+01 +5.0000e+00
10 +2.410533260e+03 +2.410533260e+03 +2.545003260e+03 +2.545003260e+03 +1.1000e+01 +8.0000e+00 +1.1000e+01 +6.0000e+00 +2.3000e+01 +1.0000e+00 +2.5000e+01 +2.3000e+01 +7.0000e+00 +8.0000e+00
12 +7.707140595e+02 +7.707140595e+02 +9.051840595e+02 +9.051840595e+02 +3.0000e+00 +5.0000e+00 +1.0000e+00 +0.0000e+00 +0.0000e+00 +0.0000e+00 +0.0000e+00 +2.5000e+01 +0.0000e+00 +1.0000e+00
21 +1.401188595e+02 +1.401188595e+02 +2.745888595e+02 +2.745888595e+02 +1.0000e+00 +1.2000e+01 +0.0000e+00 +0.0000e+00 +0.0000e+00 +0.0000e+00 +0.0000e+00 +0.0000e+00 +0.0000e+00 +0.0000e+00
22 +5.509325952e+01 +5.509325952e+01 +1.895632595e+02 +1.895632595e+02 +0.0000e+00 +4.0000e+00 +0.0000e+00 +0.0000e+00 +0.0000e+00 +0.0000e+00 +0.0000e+00 +0.0000e+00 +0.0000e+00 +0.0000e+00
% function evaluation | noise-free fitness - Fopt (4.453500000000e+02) | best noise-free fitness - Fopt | measured fitness | best measured fitness | x1 | x2...
1 +3.154643105e+03 +3.154643105e+03 +3.599993105e+03 +3.599993105e+03 +6.0000e+00 +9.0000e+00 +1.9000e+01 +2.8000e+01 +1.5000e+01 +0.0000e+00 +2.1000e+01 +2.6000e+01 +2.1000e+01 +1.0000e+01
2 +1.782167905e+03 +1.782167905e+03 +2.227517905e+03 +2.227517905e+03 +1.2000e+01 +6.0000e+00 +1.6000e+01 +1.1000e+01 +1.2000e+01 +9.0000e+00 +2.1000e+01 +5.0000e+00 +2.1000e+01 +4.0000e+00
6 +1.403739105e+03 +1.403739105e+03 +1.849089105e+03 +1.849089105e+03 +1.6000e+01 +0.0000e+00 +1.8000e+01 +2.0000e+01 +1.8000e+01 +4.0000e+00 +4.0000e+00 +2.0000e+00 +4.0000e+00 +0.0000e+00
18 +7.865679053e+02 +7.865679053e+02 +1.231917905e+03 +1.231917905e+03 +4.0000e+00 +1.1000e+01 +9.0000e+00 +1.1000e+01 +0.0000e+00 +6.0000e+00 +4.0000e+00 +4.0000e+00 +2.1000e+01 +0.0000e+00
38 +3.971551053e+02 +3.971551053e+02 +8.425051053e+02 +8.425051053e+02 +2.0000e+00 +1.0000e+00 +2.0000e+00 +1.0000e+01 +2.0000e+00 +1.0000e+00 +9.0000e+00 +9.0000e+00 +2.0000e+00 +4.0000e+00
58 +1.491695053e+02 +1.491695053e+02 +5.945195053e+02 +5.945195053e+02 +0.0000e+00 +0.0000e+00 +0.0000e+00 +7.0000e+00 +0.0000e+00 +2.0000e+00 +2.0000e+00 +7.0000e+00 +0.0000e+00 +0.0000e+00
78 +7.874070528e+01 +7.874070528e+01 +5.240907053e+02 +5.240907053e+02 +0.0000e+00 +0.0000e+00 +0.0000e+00 +0.0000e+00 +5.0000e+00 +0.0000e+00 +0.0000e+00 +5.0000e+00 +5.0000e+00 +0.0000e+00
