% function evaluation | noise-free fitness - Fopt (7.948000000000e+01) | best noise-free fitness - Fopt | measured fitness | best measured fitness | x1 | x2...
1 +2.544041576e+03 +2.544041576e+03 +2.623521576e+03 +2.623521576e+03 +2.6000e+01 +2.7000e+01 +1.5000e+01 +2.0000e+01 +2.0000e+01
2 +2.034961576e+03 +2.034961576e+03 +2.114441576e+03 +2.114441576e+03 +7.0000e+00 +2.9000e+01 +1.5000e+01 +3.0000e+01 +4.0000e+00
3 +1.561630376e+03 +1.561630376e+03 +1.641110376e+03 +1.641110376e+03 +9.0000e+00 +1.0000e+01 +2.6000e+01 +2.5000e+01 +8.0000e+00
4 +8.554863757e+02 +8.554863757e+02 +9.349663757e+02 +9.349663757e+02 +2.0000e+01 +6.0000e+00 +1.2000e+01 +8.0000e+00 +1.2000e+01
34 +5.381919757e+02 +5.381919757e+02 +6.176719757e+02 +6.176719757e+02 +1.7000e+01 +3.0000e+00 +9.0000e+00 +5.0000e+00 +9.0000e+00
54 +3.766623757e+02 +3.766623757e+02 +4.561423757e+02 +4.561423757e+02 +1.5000e+01 +1.0000e+00 +7.0000e+00 +3.0000e+00 +7.0000e+00
84 +2.099951757e+02 +2.099951757e+02 +2.894751757e+02 +2.894751757e+02 +1.2000e+01 +0.0000e+00 +4.0000e+00 +0.0000e+00 +4.0000e+00
104 +1.293871757e+02 +1.293871757e+02 +2.088671757e+02 +2.088671757e+02 +1.0000e+01 +0.0000e+00 +2.0000e+00 +0.0000e+00 +2.0000e+00
114 +9.808317568e+01 +9.808317568e+01 +1.775631757e+02 +1.775631757e+02 +9.0000e+00 +0.0000e+00 +1.0000e+00 +0.0000e+00 +1.0000e+00
134 +5.828477568e+01 +5.828477568e+01 +1.377647757e+02 +1.377647757e+02 +7.0000e+00 +0.0000e+00 +0.0000e+00 +0.0000e+00 +0.0000e+00
145 +2.608157568e+01 +2.608157568e+01 +1.055615757e+02 +1.055615757e+02 +0.0000e+00 +0.0000e+00 +2.0000e+00 +0.0000e+00 +1.0000e+00
155 +1.527197568e+01 +1.527197568e+01 +9.475197568e+01 +9.475197568e+01 +0.0000e+00 +0.0000e+00 +1.0000e+00 +0.0000e+00 +0.0000e+00
292 +9.971175680e+00 +9.971175680e+00 +8.945117568e+01 +8.945117568e+01 +0.0000e+00 +0.0000e+00 +0.0000e+00 +1.0000e+00 +0.0000e+00
% function evaluation | noise-free fitness - Fopt (3.944800000000e+02) | best noise-free fitness - Fopt | measured fitness | best measured fitness | x1 | x2...
1 +1.773710916e+03 +1.773710916e+03 +2.168190916e+03 +2.168190916e+03 +2.4000e+01 +2.0000e+00 +1.9000e+01 +2.2000e+01 +1.2000e+01
2 +1.535056516e+03 +1.535056516e+03 +1.929536516e+03 +1.929536516e+03 +2.0000e+01 +7.0000e+00 +2.4000e+01 +7.0000e+00 +1.0000e+01
10 +6.686373165e+02 +6.686373165e+02 +1.063117316e+03 +1.063117316e+03 +1.4000e+01 +1.4000e+01 +4.0000e+00 +3.0000e+00 +2.0000e+00
20 +5.879845165e+02 +5.879845165e+02 +9.824645165e+02 +9.824645165e+02 +1.3000e+01 +1.3000e+01 +3.0000e+00 +2.0000e+00 +1.0000e+00
70 +3.452389165e+02 +3.452389165e+02 +7.397189165e+02 +7.397189165e+02 +0.0000e+00 +9.0000e+00 +6.0000e+00 +1.3000e+01 +4.0000e+00
90 +2.255269165e+02 +2.255269165e+02 +6.200069165e+02 +6.200069165e+02 +0.0000e+00 +7.0000e+00 +4.0000e+00 +1.1000e+01 +2.0000e+00
110 +1.378149165e+02 +1.378149165e+02 +5.322949165e+02 +5.322949165e+02 +0.0000e+00 +5.0000e+00 +2.0000e+00 +9.0000e+00 +0.0000e+00
130 +7.466611648e+01 +7.466611648e+01 +4.691461165e+02 +4.691461165e+02 +0.0000e+00 +3.0000e+00 +0.0000e+00 +7.0000e+00 +0.0000e+00
140 +5.869651648e+01 +5.869651648e+01 +4.531765165e+02 +4.531765165e+02 +0.0000e+00 +2.0000e+00 +0.0000e+00 +6.0000e+00 +0.0000e+00
160 +3.875731648e+01 +3.875731648e+01 +4.332373165e+02 +4.332373165e+02 +0.0000e+00 +0.0000e+00 +0.0000e+00 +4.0000e+00 +0.0000e+00
% function evaluation | noise-free fitness - Fopt (-2.471100000000e+02) | best noise-free fitness - Fopt | measured fitness | best measured fitness | x1 | x2...
1 +2.642138488e+03 +2.642138488e+03 +2.395028488e+03 +2.395028488e+03 +2.1000e+01 +9.0000e+00 +1.4000e+01 +2.4000e+01 +2.8000e+01
2 +1.387903288e+03 +1.387903288e+03 +1.140793288e+03 +1.140793288e+03 +4.0000e+00 +1.8000e+01 +2.7000e+01 +3.0000e+00 +1.1000e+01
9 +9.900584883e+02 +9.900584883e+02 +7.429484883e+02 +7.429484883e+02 +0.0000e+00 +5.0000e+00 +2.2000e+01 +1.7000e+01 +0.0000e+00
56 +6.262264883e+02 +6.262264883e+02 +3.791164883e+02 +3.791164883e+02 +9.0000e+00 +3.0000e+00 +0.0000e+00 +1.7000e+01 +2.0000e+00
93 +3.935976883e+02 +3.935976883e+02 +1.464876883e+02 +1.464876883e+02 +0.0000e+00 +7.0000e+00 +6.0000e+00 +1.3000e+01 +0.0000e+00
123 +2.395224883e+02 +2.395224883e+02 -7.587511680e+00 -7.587511680e+00 +0.0000e+00 +4.0000e+00 +3.0000e+00 +1.0000e+01 +0.0000e+00
149 +1.443832883e+02 +1.443832883e+02 -1.027267117e+02 -1.027267117e+02 +0.0000e+00 +0.0000e+00 +8.0000e+00 +3.0000e+00 +0.0000e+00
169 +9.085368832e+01 +9.085368832e+01 -1.562563117e+02 -1.562563117e+02 +0.0000e+00 +0.0000e+00 +6.0000e+00 +1.0000e+00 +0.0000e+00
189 +5.970648832e+01 +5.970648832e+01 -1.874035117e+02 -1.874035117e+02 +0.0000e+00 +0.0000e+00 +4.0000e+00 +0.0000e+00 +0.0000e+00
223 +3.817688832e+01 +3.817688832e+01 -2.089331117e+02 -2.089331117e+02 +0.0000e+00 +0.0000e+00 +0.0000e+00 +0.0000e+00 +0.0000e+00
% function evaluation | noise-free fitness - Fopt (-1.520400000000e+02) | best noise-free fitness - Fopt | measured fitness | best measured fitness | x1 | x2...
1 +2.238387846e+03 +2.238387846e+03 +2.086347846e+03 +2.086347846e+03 +2.9000e+01 +2.0000e+01 +1.6000e+01 +1.8000e+01 +2.3000e+01
2 +1.295850246e+03 +1.295850246e+03 +1.143810246e+03 +1.143810246e+03 +8.0000e+00 +1.4000e+01 +1.2000e+01 +1.6000e+01 +2.8000e+01
3 +6.775830458e+02 +6.775830458e+02 +5.255430458e+02 +5.255430458e+02 +1.1000e+01 +3.0000e+00 +7.0000e+00 +2.4000e+01 +2.0000e+00
13 +5.944790458e+02 +5.944790458e+02 +4.424390458e+02 +4.424390458e+02 +1.0000e+01 +2.0000e+00 +6.0000e+00 +2.3000e+01 +1.0000e+00
43 +3.876422458e+02 +3.876422458e+02 +2.356022458e+02 +2.356022458e+02 +7.0000e+00 +0.0000e+00 +3.0000e+00 +2.0000e+01 +0.0000e+00
73 +2.292710458e+02 +2.292710458e+02 +7.723104576e+01 +7.723104576e+01 +4.0000e+00 +0.0000e+00 +0.0000e+00 +1.7000e+01 +0.0000e+00
103 +1.394486458e+02 +1.394486458e+02 -1.259135424e+01 -1.259135424e+01 +1.0000e+00 +0.0000e+00 +0.0000e+00 +1.4000e+01 +0.0000e+00
123 +9.910144576e+01 +9.910144576e+01 -5.293855424e+01 -5.293855424e+01 +0.0000e+00 +0.0000e+00 +0.0000e+00 +1.2000e+01 +0.0000e+00
153 +5.588224576e+01 +5.588224576e+01 -9.615775424e+01 -9.615775424e+01 +0.0000e+00 +0.0000e+00 +0.0000e+00 +9.0000e+00 +0.0000e+00
173 +3.706944576e+01 +3.706944576e+01 -1.149705542e+02 -1.149705542e+02 +0.0000e+00 +0.0000e+00 +0.0000e+00 +7.0000e+00 +0.0000e+00
203 +2.385024576e+01 +2.385024576e+01 -1.281897542e+02 -1.281897542e+02 +0.0000e+00 +0.0000e+00 +0.0000e+00 +4.0000e+00 +0.0000e+00
% function evaluation | noise-free fitness - Fopt (-2.525000000000e+01) | best noise-free fitness - Fopt | measured fitness | best measured fitness | x1 | x2...
1 +1.541463751e+03 +1.541463751e+03 +1.516213751e+03 +1.516213751e+03 +1.1000e+01 +2.4000e+01 +1.0000e+01 +1.2000e+01 +2.8000e+01
3 +6.493133510e+02 +6.493133510e+02 +6.240633510e+02 +6.240633510e+02 +7.0000e+00 +2.0000e+01 +1.3000e+01 +1.0000e+00 +1.0000e+01
13 +5.602573510e+02 +5.602573510e+02 +5.350073510e+02 +5.350073510e+02 +6.0000e+00 +1.9000e+01 +1.2000e+01 +0.0000e+00 +9.0000e+00
43 +3.570061510e+02 +3.570061510e+02 +3.317561510e+02 +3.317561510e+02 +3.0000e+00 +1.6000e+01 +9.0000e+00 +0.0000e+00 +6.0000e+00
73 +2.257549510e+02 +2.257549510e+02 +2.005049510e+02 +2.005049510e+02 +0.0000e+00 +1.3000e+01 +6.0000e+00 +0.0000e+00 +3.0000e+00
96 +1.320557510e+02 +1.320557510e+02 +1.068057510e+02 +1.068057510e+02 +1.1000e+01 +2.0000e+00 +7.0000e+00 +0.0000e+00 +3.0000e+00
116 +8.055495104e+01 +8.055495104e+01 +5.530495104e+01 +5.530495104e+01 +9.0000e+00 +0.0000e+00 +5.0000e+00 +0.0000e+00 +1.0000e+00
136 +4.691975104e+01 +4.691975104e+01 +2.166975104e+01 +2.166975104e+01 +7.0000e+00 +0.0000e+00 +3.0000e+00 +0.0000e+00 +0.0000e+00
146 +3.330535104e+01 +3.330535104e+01 +8.055351040e+00 +8.055351040e+00 +6.0000e+00 +0.0000e+00 +2.0000e+00 +0.0000e+00 +0.0000e+00
156 +2.369095104e+01 +2.369095104e+01 -1.559048960e+00 -1.559048960e+00 +5.0000e+00 +0.0000e+00 +1.0000e+00 +0.0000e+00 +0.0000e+00
% function evaluation | noise-free fitness - Fopt (2.230000000000e+00) | best noise-free fitness - Fopt | measured fitness | best measured fitness | x1 | x2...
1 +8.844246016e+02 +8.844246016e+02 +8.866546016e+02 +8.866546016e+02 +1.8000e+01 +3.0000e+00 +1.0000e+00 +2.0000e+00 +2.9000e+01
6 +4.649206016e+02 +4.649206016e+02 +4.671506016e+02 +4.671506016e+02 +7.0000e+00 +5.0000e+00 +9.0000e+00 +1.4000e+01 +1.2000e+01
16 +3.826886016e+02 +3.826886016e+02 +3.849186016e+02 +3.849186016e+02 +6.0000e+00 +4.0000e+00 +8.0000e+00 +1.3000e+01 +1.1000e+01
36 +2.482246016e+02 +2.482246016e+02 +2.504546016e+02 +2.504546016e+02 +4.0000e+00 +2.0000e+00 +6.0000e+00 +1.1000e+01 +9.0000e+00
56 +1.537606016e+02 +1.537606016e+02 +1.559906016e+02 +1.559906016e+02 +2.0000e+00 +0.0000e+00 +4.0000e+00 +9.0000e+00 +7.0000e+00
86 +8.335900160e+01 +8.335900160e+01 +8.558900160e+01 +8.558900160e+01 +0.0000e+00 +0.0000e+00 +1.0000e+00 +6.0000e+00 +4.0000e+00
106 +5.767420160e+01 +5.767420160e+01 +5.990420160e+01 +5.990420160e+01 +0.0000e+00 +0.0000e+00 +0.0000e+00 +4.0000e+00 +2.0000e+00
127 +3.435420160e+01 +3.435420160e+01 +3.658420160e+01 +3.658420160e+01 +0.0000e+00 +0.0000e+00 +0.0000e+00 +1.0000e+00 +6.0000e+00
147 +2.436220160e+01 +2.436220160e+01 +2.659220160e+01 +2.659220160e+01 +0.0000e+00 +0.0000e+00 +0.0000e+00 +0.0000e+00 +4.0000e+00
% function evaluation | noise-free fitness - Fopt (-1.308000000000e+01) | best noise-free fitness - Fopt | measured fitness | best measured fitness | x1 | x2...
1 +7.746161523e+02 +7.746161523e+02 +7.615361523e+02 +7.615361523e+02 +7.0000e+00 +5.0000e+00 +2.9000e+01 +5.0000e+00 +3.0000e+00
8 +3.208593523e+02 +3.208593523e+02 +3.077793523e+02 +3.077793523e+02 +4.0000e+00 +3.0000e+00 +0.0000e+00 +5.0000e+00 +1.4000e+01
28 +2.309329523e+02 +2.309329523e+02 +2.178529523e+02 +2.178529523e+02 +2.0000e+00 +1.0000e+00 +0.0000e+00 +3.0000e+00 +1.2000e+01
58 +1.583537523e+02 +1.583537523e+02 +1.452737523e+02 +1.452737523e+02 +0.0000e+00 +0.0000e+00 +0.0000e+00 +0.0000e+00 +9.0000e+00
88 +9.914575232e+01 +9.914575232e+01 +8.606575232e+01 +8.606575232e+01 +0.0000e+00 +0.0000e+00 +0.0000e+00 +0.0000e+00 +6.0000e+00
118 +5.793775232e+01 +5.793775232e+01 +4.485775232e+01 +4.485775232e+01 +0.0000e+00 +0.0000e+00 +0.0000e+00 +0.0000e+00 +3.0000e+00
148 +3.472975232e+01 +3.472975232e+01 +2.164975232e+01 +2.164975232e+01 +0.0000e+00 +0.0000e+00 +0.0000e+00 +0.0000e+00 +0.0000e+00
241 +2.462575232e+01 +2.462575232e+01 +1.154575232e+01 +1.154575232e+01 +0.0000e+00 +0.0000e+00 +5.0000e+00 +0.0000e+00 +0.0000e+00
% function evaluation | noise-free fitness - Fopt (2.671600000000e+02) | best noise-free fitness - Fopt | measured fitness | best measured fitness | x1 | x2...
1 +9.502312685e+02 +9.502312685e+02 +1.217391268e+03 +1.217391268e+03 +1.4000e+01 +5.0000e+00 +1.7000e+01 +4.0000e+00 +1.5000e+01
26 +5.361944685e+02 +5.361944685e+02 +8.033544685e+02 +8.033544685e+02 +1.2000e+01 +1.0000e+01 +5.0000e+00 +3.0000e+00 +9.0000e+00
46 +3.659704685e+02 +3.659704685e+02 +6.331304685e+02 +6.331304685e+02 +1.0000e+01 +8.0000e+00 +3.0000e+00 +1.0000e+00 +7.0000e+00
66 +2.385016685e+02 +2.385016685e+02 +5.056616685e+02 +5.056616685e+02 +8.0000e+00 +6.0000e+00 +1.0000e+00 +0.0000e+00 +5.0000e+00
86 +1.537192685e+02 +1.537192685e+02 +4.208792685e+02 +4.208792685e+02 +6.0000e+00 +4.0000e+00 +0.0000e+00 +0.0000e+00 +3.0000e+00
116 +8.344246848e+01 +8.344246848e+01 +3.506024685e+02 +3.506024685e+02 +3.0000e+00 +1.0000e+00 +0.0000e+00 +0.0000e+00 +0.0000e+00
136 +5.545046848e+01 +5.545046848e+01 +3.226104685e+02 +3.226104685e+02 +1.0000e+00 +0.0000e+00 +0.0000e+00 +0.0000e+00 +0.0000e+00
214 +3.776246848e+01 +3.776246848e+01 +3.049224685e+02 +3.049224685e+02 +0.0000e+00 +0.0000e+00 +0.0000e+00 +0.0000e+00 +4.0000e+00
% function evaluation | noise-free fitness - Fopt (3.710000000000e+00) | best noise-free fitness - Fopt | measured fitness | best measured fitness | x1 | x2...
1 +1.285016255e+03 +1.285016255e+03 +1.288726255e+03 +1.288726255e+03 +2.6000e+01 +1.2000e+01 +1.0000e+00 +1.7000e+01 +1.5000e+01
4 +9.215314547e+02 +9.215314547e+02 +9.252414547e+02 +9.252414547e+02 +2.3000e+01 +1.0000e+00 +1.7000e+01 +1.3000e+01 +8.0000e+00
9 +5.823490547e+02 +5.823490547e+02 +5.860590547e+02 +5.860590547e+02 +1.0000e+00 +6.0000e+00 +5.0000e+00 +1.9000e+01 +6.0000e+00
39 +3.865586547e+02 +3.865586547e+02 +3.902686547e+02 +3.902686547e+02 +0.0000e+00 +3.0000e+00 +2.0000e+00 +1.6000e+01 +3.0000e+00
79 +2.241106547e+02 +2.241106547e+02 +2.278206547e+02 +2.278206547e+02 +0.0000e+00 +0.0000e+00 +0.0000e+00 +1.2000e+01 +0.0000e+00
104 +1.556450547e+02 +1.556450547e+02 +1.593550547e+02 +1.593550547e+02 +1.3000e+01 +0.0000e+00 +7.0000e+00 +3.0000e+00 +0.0000e+00
124 +8.671705472e+01 +8.671705472e+01 +9.042705472e+01 +9.042705472e+01 +1.1000e+01 +0.0000e+00 +5.0000e+00 +1.0000e+00 +0.0000e+00
134 +6.125305472e+01 +6.125305472e+01 +6.496305472e+01 +6.496305472e+01 +1.0000e+01 +0.0000e+00 +4.0000e+00 +0.0000e+00 +0.0000e+00
154 +3.244665472e+01 +3.244665472e+01 +3.615665472e+01 +3.615665472e+01 +8.0000e+00 +0.0000e+00 +2.0000e+00 +0.0000e+00 +0.0000e+00
164 +2.404345472e+01 +2.404345472e+01 +2.775345472e+01 +2.775345472e+01 +7.0000e+00 +0.0000e+00 +1.0000e+00 +0.0000e+00 +0.0000e+00
194 +1.555385472e+01 +1.555385472e+01 +1.926385472e+01 +1.926385472e+01 +4.0000e+00 +0.0000e+00 +0.0000e+00 +0.0000e+00 +0.0000e+00
% function evaluation | noise-free fitness - Fopt (9.478000000000e+01) | best noise-free fitness - Fopt | measured fitness | best measured fitness | x1 | x2...
1 +1.209332299e+03 +1.209332299e+03 +1.304112299e+03 +1.304112299e+03 +2.0000e+00 +5.0000e+00 +2.0000e+01 +2.6000e+01 +6.0000e+00
2 +1.261738989e+02 +1.261738989e+02 +2.209538989e+02 +2.209538989e+02 +2.0000e+00 +1.0000e+00 +0.0000e+00 +6.0000e+00 +4.0000e+00
12 +9.775789888e+01 +9.775789888e+01 +1.925378989e+02 +1.925378989e+02 +1.0000e+00 +0.0000e+00 +0.0000e+00 +5.0000e+00 +3.0000e+00
42 +6.269229888e+01 +6.269229888e+01 +1.574722989e+02 +1.574722989e+02 +0.0000e+00 +0.0000e+00 +0.0000e+00 +2.0000e+00 +0.0000e+00
218 +3.900589888e+01 +3.900589888e+01 +1.337858989e+02 +1.337858989e+02 +0.0000e+00 +0.0000e+00 +7.0000e+00 +0.0000e+00 +0.0000e+00
% function evaluation | noise-free fitness - Fopt (2.339200000000e+02) | best noise-free fitness - Fopt | measured fitness | best measured fitness | x1 | x2...
1 +1.968284309e+03 +1.968284309e+03 +2.202204309e+03 +2.202204309e+03 +1.4000e+01 +2.0000e+01 +2.6000e+01 +1.7000e+01 +7.0000e+00
5 +5.330347091e+02 +5.330347091e+02 +7.669547091e+02 +7.669547091e+02 +9.0000e+00 +1.3000e+01 +0.0000e+00 +3.0000e+00 +1.3000e+01
25 +3.721995091e+02 +3.721995091e+02 +6.061195091e+02 +6.061195091e+02 +7.0000e+00 +1.1000e+01 +0.0000e+00 +1.0000e+00 +1.1000e+01
45 +2.482139091e+02 +2.482139091e+02 +4.821339091e+02 +4.821339091e+02 +5.0000e+00 +9.0000e+00 +0.0000e+00 +0.0000e+00 +9.0000e+00
65 +1.550779091e+02 +1.550779091e+02 +3.889979091e+02 +3.889979091e+02 +3.0000e+00 +7.0000e+00 +0.0000e+00 +0.0000e+00 +7.0000e+00
85 +8.594190912e+01 +8.594190912e+01 +3.198619091e+02 +3.198619091e+02 +1.0000e+00 +5.0000e+00 +0.0000e+00 +0.0000e+00 +5.0000e+00
95 +6.037390912e+01 +6.037390912e+01 +2.942939091e+02 +2.942939091e+02 +0.0000e+00 +4.0000e+00 +0.0000e+00 +0.0000e+00 +4.0000e+00
115 +3.692750912e+01 +3.692750912e+01 +2.708475091e+02 +2.708475091e+02 +0.0000e+00 +2.0000e+00 +0.0000e+00 +0.0000e+00 +2.0000e+00
% function evaluation | noise-free fitness - Fopt (-6.092000000000e+01) | best noise-free fitness - Fopt | measured fitness | best measured fitness | x1 | x2...
1 +1.115323924e+03 +1.115323924e+03 +1.054403924e+03 +1.054403924e+03 +3.0000e+00 +2.2000e+01 +5.0000e+00 +1.9000e+01 +1.5000e+01
4 +6.258503245e+02 +6.258503245e+02 +5.649303245e+02 +5.649303245e+02 +4.0000e+00 +2.3000e+01 +4.0000e+00 +0.0000e+00 +1.1000e+01
6 +2.441479245e+02 +2.441479245e+02 +1.832279245e+02 +1.832279245e+02 +1.5000e+01 +7.0000e+00 +0.0000e+00 +1.0000e+00 +0.0000e+00
36 +1.478583245e+02 +1.478583245e+02 +8.693832448e+01 +8.693832448e+01 +1.2000e+01 +4.0000e+00 +0.0000e+00 +0.0000e+00 +0.0000e+00
66 +9.081032448e+01 +9.081032448e+01 +2.989032448e+01 +2.989032448e+01 +9.0000e+00 +1.0000e+00 +0.0000e+00 +0.0000e+00 +0.0000e+00
96 +5.534952448e+01 +5.534952448e+01 -5.570475520e+00 -5.570475520e+00 +6.0000e+00 +0.0000e+00 +0.0000e+00 +0.0000e+00 +0.0000e+00
116 +3.890472448e+01 +3.890472448e+01 -2.201527552e+01 -2.201527552e+01 +4.0000e+00 +0.0000e+00 +0.0000e+00 +0.0000e+00 +0.0000e+00
191 +2.339592448e+01 +2.339592448e+01 -3.752407552e+01 -3.752407552e+01 +0.0000e+00 +3.0000e+00 +0.0000e+00 +0.0000e+00 +0.0000e+00
% function evaluation | noise-free fitness - Fopt (-1.948000000000e+01) | best noise-free fitness - Fopt | measured fitness | best measured fitness | x1 | x2...
1 +1.066041522e+03 +1.066041522e+03 +1.046561522e+03 +1.046561522e+03 +9.0000e+00 +2.3000e+01 +1.3000e+01 +1.3000e+01 +1.9000e+01
5 +8.246351219e+02 +8.246351219e+02 +8.051551219e+02 +8.051551219e+02 +3.0000e+00 +0.0000e+00 +0.0000e+00 +2.5000e+01 +1.9000e+01
35 +5.917871219e+02 +5.917871219e+02 +5.723071219e+02 +5.723071219e+02 +0.0000e+00 +0.0000e+00 +0.0000e+00 +2.2000e+01 +1.6000e+01
71 +3.270991219e+02 +3.270991219e+02 +3.076191219e+02 +3.076191219e+02 +2.0000e+00 +1.6000e+01 +6.0000e+00 +6.0000e+00 +1.2000e+01
91 +2.059727219e+02 +2.059727219e+02 +1.864927219e+02 +1.864927219e+02 +0.0000e+00 +1.4000e+01 +4.0000e+00 +4.0000e+00 +1.0000e+01
111 +1.246671219e+02 +1.246671219e+02 +1.051871219e+02 +1.051871219e+02 +0.0000e+00 +1.2000e+01 +2.0000e+00 +2.0000e+00 +8.0000e+00
121 +9.601432192e+01 +9.601432192e+01 +7.653432192e+01 +7.653432192e+01 +0.0000e+00 +1.1000e+01 +1.0000e+00 +1.0000e+00 +7.0000e+00
141 +5.578552192e+01 +5.578552192e+01 +3.630552192e+01 +3.630552192e+01 +0.0000e+00 +9.0000e+00 +0.0000e+00 +0.0000e+00 +5.0000e+00
161 +2.863352192e+01 +2.863352192e+01 +9.153521920e+00 +9.153521920e+00 +0.0000e+00 +7.0000e+00 +0.0000e+00 +0.0000e+00 +3.0000e+00
171 +2.105752192e+01 +2.105752192e+01 +1.577521920e+00 +1.577521920e+00 +0.0000e+00 +6.0000e+00 +0.0000e+00 +0.0000e+00 +2.0000e+00
201 +1.499832192e+01 +1.499832192e+01 -4.481678080e+00 -4.481678080e+00 +0.0000e+00 +3.0000e+00 +0.0000e+00 +0.0000e+00 +0.0000e+00
273 +9.667121920e+00 +9.667121920e+00 -9.812878080e+00 -9.812878080e+00 +0.0000e+00 +3.0000e+00 +0.0000e+00 +0.0000e+00 +1.0000e+00
% function evaluation | noise-free fitness - Fopt (1.344700000000e+02) | best noise-free fitness - Fopt | measured fitness | best measured fitness | x1 | x2...
1 +5.587593670e+02 +5.587593670e+02 +6.932293670e+02 +6.932293670e+02 +1.1000e+01 +1.9000e+01 +2.0000e+00 +3.0000e+00 +5.0000e+00
21 +3.954473670e+02 +3.954473670e+02 +5.299173670e+02 +5.299173670e+02 +9.0000e+00 +1.7000e+01 +0.0000e+00 +1.0000e+00 +3.0000e+00
49 +1.951657670e+02 +1.951657670e+02 +3.296357670e+02 +3.296357670e+02 +3.0000e+00 +9.0000e+00 +3.0000e+00 +7.0000e+00 +1.0000e+00
59 +1.425097670e+02 +1.425097670e+02 +2.769797670e+02 +2.769797670e+02 +2.0000e+00 +8.0000e+00 +2.0000e+00 +6.0000e+00 +0.0000e+00
79 +7.602976704e+01 +7.602976704e+01 +2.104997670e+02 +2.104997670e+02 +0.0000e+00 +6.0000e+00 +0.0000e+00 +4.0000e+00 +0.0000e+00
89 +5.864416704e+01 +5.864416704e+01 +1.931141670e+02 +1.931141670e+02 +0.0000e+00 +5.0000e+00 +0.0000e+00 +3.0000e+00 +0.0000e+00
109 +3.587296704e+01 +3.587296704e+01 +1.703429670e+02 +1.703429670e+02 +0.0000e+00 +3.0000e+00 +0.0000e+00 +1.0000e+00 +0.0000e+00
% function evaluation | noise-free fitness - Fopt (4.453500000000e+02) | best noise-free fitness - Fopt | measured fitness | best measured fitness | x1 | x2...
1 +4.353715315e+02 +4.353715315e+02 +8.807215315e+02 +8.807215315e+02 +2.0000e+00 +1.4000e+01 +1.2000e+01 +9.0000e+00 +1.1000e+01
11 +3.505667315e+02 +3.505667315e+02 +7.959167315e+02 +7.959167315e+02 +1.0000e+00 +1.3000e+01 +1.1000e+01 +8.0000e+00 +1.0000e+01
31 +2.163443315e+02 +2.163443315e+02 +6.616943315e+02 +6.616943315e+02 +0.0000e+00 +1.1000e+01 +9.0000e+00 +6.0000e+00 +8.0000e+00
51 +1.215091315e+02 +1.215091315e+02 +5.668591315e+02 +5.668591315e+02 +0.0000e+00 +9.0000e+00 +7.0000e+00 +4.0000e+00 +6.0000e+00
61 +8.609153152e+01 +8.609153152e+01 +5.314415315e+02 +5.314415315e+02 +0.0000e+00 +8.0000e+00 +6.0000e+00 +3.0000e+00 +5.0000e+00
71 +5.867393152e+01 +5.867393152e+01 +5.040239315e+02 +5.040239315e+02 +0.0000e+00 +7.0000e+00 +5.0000e+00 +2.0000e+00 +4.0000e+00
81 +3.925633152e+01 +3.925633152e+01 +4.846063315e+02 +4.846063315e+02 +0.0000e+00 +6.0000e+00 +4.0000e+00 +1.0000e+00 +3.0000e+00
101 +2.282433152e+01 +2.282433152e+01 +4.681743315e+02 +4.681743315e+02 +0.0000e+00 +4.0000e+00 +2.0000e+00 +0.0000e+00 +1.0000e+00
