% function evaluation | noise-free fitness - Fopt (7.948000000000e+01) | best noise-free fitness - Fopt | measured fitness | best measured fitness | x1 | x2...
1 +4.323722870e+03 +4.323722870e+03 +4.403202870e+03 +4.403202870e+03 +2.1000e+01 +8.0000e+00 +1.9000e+01 +2.3000e+01 +1.6000e+01 +2.2000e+01 +2.3000e+01 +2.3000e+01 +1.9000e+01 +2.3000e+01
2 +2.794166070e+03 +2.794166070e+03 +2.873646070e+03 +2.873646070e+03 +1.8000e+01 +2.0000e+00 +5.0000e+00 +0.0000e+00 +1.8000e+01 +2.4000e+01 +0.0000e+00 +2.5000e+01 +5.0000e+00 +2.5000e+01
17 +2.473900470e+03 +2.473900470e+03 +2.553380470e+03 +2.553380470e+03 +1.5000e+01 +1.5000e+01 +1.5000e+01 +1.5000e+01 +1.5000e+01 +1.5000e+01 +1.5000e+01 +1.5000e+01 +1.5000e+01 +1.5000e+01
25 +1.380870070e+03 +1.380870070e+03 +1.460350070e+03 +1.460350070e+03 +1.1000e+01 +1.1000e+01 +1.1000e+01 +1.1000e+01 +1.1000e+01 +1.1000e+01 +1.1000e+01 +1.1000e+01 +1.1000e+01 +1.1000e+01
29 +9.543548698e+02 +9.543548698e+02 +1.033834870e+03 +1.033834870e+03 +9.0000e+00 +9.0000e+00 +9.0000e+00 +9.0000e+00 +9.0000e+00 +9.0000e+00 +9.0000e+00 +9.0000e+00 +9.0000e+00 +9.0000e+00
33 +6.078396698e+02 +6.078396698e+02 +6.873196698e+02 +6.873196698e+02 +7.0000e+00 +7.0000e+00 +7.0000e+00 +7.0000e+00 +7.0000e+00 +7.0000e+00 +7.0000e+00 +7.0000e+00 +7.0000e+00 +7.0000e+00
37 +3.413244698e+02 +3.413244698e+02 +4.208044698e+02 +4.208044698e+02 +5.0000e+00 +5.0000e+00 +5.0000e+00 +5.0000e+00 +5.0000e+00 +5.0000e+00 +5.0000e+00 +5.0000e+00 +5.0000e+00 +5.0000e+00
39 +2.380668698e+02 +2.380668698e+02 +3.175468698e+02 +3.175468698e+02 +4.0000e+00 +4.0000e+00 +4.0000e+00 +4.0000e+00 +4.0000e+00 +4.0000e+00 +4.0000e+00 +4.0000e+00 +4.0000e+00 +4.0000e+00
41 +1.548092698e+02 +1.548092698e+02 +2.342892698e+02 +2.342892698e+02 +3.0000e+00 +3.0000e+00 +3.0000e+00 +3.0000e+00 +3.0000e+00 +3.0000e+00 +3.0000e+00 +3.0000e+00 +3.0000e+00 +3.0000e+00
43 +9.155166976e+01 +9.155166976e+01 +1.710316698e+02 +1.710316698e+02 +2.0000e+00 +2.0000e+00 +2.0000e+00 +2.0000e+00 +2.0000e+00 +2.0000e+00 +2.0000e+00 +2.0000e+00 +2.0000e+00 +2.0000e+00
45 +4.829406976e+01 +4.829406976e+01 +1.277740698e+02 +1.277740698e+02 +1.0000e+00 +1.0000e+00 +1.0000e+00 +1.0000e+00 +1.0000e+00 +1.0000e+00 +1.0000e+00 +1.0000e+00 +1.0000e+00 +1.0000e+00
47 +2.503646976e+01 +2.503646976e+01 +1.045164698e+02 +1.045164698e+02 +0.0000e+00 +0.0000e+00 +0.0000e+00 +0.0000e+00 +0.0000e+00 +0.0000e+00 +0.0000e+00 +0.0000e+00 +0.0000e+00 +0.0000e+00
% function evaluation | noise-free fitness - Fopt (3.944800000000e+02) | best noise-free fitness - Fopt | measured fitness | best measured fitness | x1 | x2...
1 +6.066532975e+03 +6.066532975e+03 +6.461012975e+03 +6.461012975e+03 +2.5000e+01 +2.0000e+01 +3.0000e+01 +2.5000e+01 +1.7000e+01 +2.0000e+01 +1.7000e+01 +2.5000e+01 +2.5000e+01 +2.5000e+01
13 +3.957748975e+03 +3.957748975e+03 +4.352228975e+03 +4.352228975e+03 +1.9000e+01 +1.9000e+01 +1.9000e+01 +1.9000e+01 +1.9000e+01 +1.9000e+01 +1.9000e+01 +1.5000e+01 +1.9000e+01 +1.9000e+01
19 +2.473857775e+03 +2.473857775e+03 +2.868337775e+03 +2.868337775e+03 +8.0000e+00 +2.0000e+01 +1.2000e+01 +1.2000e+01 +1.6000e+01 +1.6000e+01 +1.2000e+01 +1.2000e+01 +1.6000e+01 +1.6000e+01
28 +1.530484975e+03 +1.530484975e+03 +1.924964975e+03 +1.924964975e+03 +1.1000e+01 +1.1000e+01 +1.1000e+01 +1.1000e+01 +1.1000e+01 +1.1000e+01 +1.1000e+01 +1.1000e+01 +1.1000e+01 +1.1000e+01
34 +8.974609754e+02 +8.974609754e+02 +1.291940975e+03 +1.291940975e+03 +8.0000e+00 +8.0000e+00 +8.0000e+00 +8.0000e+00 +8.0000e+00 +8.0000e+00 +8.0000e+00 +8.0000e+00 +8.0000e+00 +8.0000e+00
38 +5.754449754e+02 +5.754449754e+02 +9.699249754e+02 +9.699249754e+02 +6.0000e+00 +6.0000e+00 +6.0000e+00 +6.0000e+00 +6.0000e+00 +6.0000e+00 +6.0000e+00 +6.0000e+00 +6.0000e+00 +6.0000e+00
42 +3.334289754e+02 +3.334289754e+02 +7.279089754e+02 +7.279089754e+02 +4.0000e+00 +4.0000e+00 +4.0000e+00 +4.0000e+00 +4.0000e+00 +4.0000e+00 +4.0000e+00 +4.0000e+00 +4.0000e+00 +4.0000e+00
44 +2.424209754e+02 +2.424209754e+02 +6.369009754e+02 +6.369009754e+02 +3.0000e+00 +3.0000e+00 +3.0000e+00 +3.0000e+00 +3.0000e+00 +3.0000e+00 +3.0000e+00 +3.0000e+00 +3.0000e+00 +3.0000e+00
48 +1.204049754e+02 +1.204049754e+02 +5.148849754e+02 +5.148849754e+02 +1.0000e+00 +1.0000e+00 +1.0000e+00 +1.0000e+00 +1.0000e+00 +1.0000e+00 +1.0000e+00 +1.0000e+00 +1.0000e+00 +1.0000e+00
50 +8.939697536e+01 +8.939697536e+01 +4.838769754e+02 +4.838769754e+02 +0.0000e+00 +0.0000e+00 +0.0000e+00 +0.0000e+00 +0.0000e+00 +0.0000e+00 +0.0000e+00 +0.0000e+00 +0.0000e+00 +0.0000e+00
% function evaluation | noise-free fitness - Fopt (-2.471100000000e+02) | best noise-free fitness - Fopt | measured fitness | best measured fitness | x1 | x2...
1 +4.232585318e+03 +4.232585318e+03 +3.985475318e+03 +3.985475318e+03 +3.0000e+01 +5.0000e+00 +8.0000e+00 +1.7000e+01 +2.7000e+01 +2.7000e+01 +4.0000e+00 +2.7000e+01 +8.0000e+00 +8.0000e+00
8 +3.530262118e+03 +3.530262118e+03 +3.283152118e+03 +3.283152118e+03 +1.7000e+01 +1.0000e+00 +2.7000e+01 +1.5000e+01 +2.6000e+01 +1.7000e+01 +2.6000e+01 +1.0000e+00 +1.5000e+01 +1.5000e+01
15 +2.474892518e+03 +2.474892518e+03 +2.227782518e+03 +2.227782518e+03 +1.6000e+01 +5.0000e+00 +0.0000e+00 +6.0000e+00 +2.1000e+01 +2.1000e+01 +6.0000e+00 +2.1000e+01 +0.0000e+00 +2.3000e+01
17 +1.556343718e+03 +1.556343718e+03 +1.309233718e+03 +1.309233718e+03 +0.0000e+00 +0.0000e+00 +2.2000e+01 +2.0000e+01 +5.0000e+00 +0.0000e+00 +2.0000e+01 +5.0000e+00 +5.0000e+00 +0.0000e+00
23 +5.790653178e+02 +5.790653178e+02 +3.319553178e+02 +3.319553178e+02 +2.0000e+00 +1.0000e+00 +2.0000e+00 +1.8000e+01 +2.0000e+00 +2.0000e+00 +2.0000e+00 +2.0000e+00 +1.0000e+00 +1.0000e+00
25 +2.810973178e+02 +2.810973178e+02 +3.398731776e+01 +3.398731776e+01 +1.0000e+00 +1.0000e+00 +1.0000e+00 +0.0000e+00 +1.0000e+00 +1.0000e+00 +1.0000e+00 +0.0000e+00 +1.0000e+00 +1.7000e+01
29 +7.721891776e+01 +7.721891776e+01 -1.698910822e+02 -1.698910822e+02 +0.0000e+00 +0.0000e+00 +0.0000e+00 +0.0000e+00 +0.0000e+00 +0.0000e+00 +0.0000e+00 +0.0000e+00 +0.0000e+00 +0.0000e+00
% function evaluation | noise-free fitness - Fopt (-1.520400000000e+02) | best noise-free fitness - Fopt | measured fitness | best measured fitness | x1 | x2...
1 +2.486813542e+03 +2.486813542e+03 +2.334773542e+03 +2.334773542e+03 +4.0000e+00 +2.2000e+01 +7.0000e+00 +1.8000e+01 +2.8000e+01 +7.0000e+00 +7.0000e+00 +1.0000e+00 +2.0000e+01 +2.8000e+01
5 +1.443047142e+03 +1.443047142e+03 +1.291007142e+03 +1.291007142e+03 +1.6000e+01 +2.0000e+01 +5.0000e+00 +5.0000e+00 +2.0000e+01 +2.0000e+01 +0.0000e+00 +5.0000e+00 +5.0000e+00 +2.0000e+00
9 +4.385671418e+02 +4.385671418e+02 +2.865271418e+02 +2.865271418e+02 +3.0000e+00 +3.0000e+00 +3.0000e+00 +3.0000e+00 +3.0000e+00 +1.4000e+01 +3.0000e+00 +3.0000e+00 +1.4000e+01 +3.0000e+00
15 +3.078919418e+02 +3.078919418e+02 +1.558519418e+02 +1.558519418e+02 +0.0000e+00 +0.0000e+00 +0.0000e+00 +0.0000e+00 +0.0000e+00 +1.1000e+01 +1.1000e+01 +0.0000e+00 +0.0000e+00 +0.0000e+00
17 +1.772519418e+02 +1.772519418e+02 +2.521194176e+01 +2.521194176e+01 +0.0000e+00 +0.0000e+00 +0.0000e+00 +0.0000e+00 +0.0000e+00 +1.0000e+01 +0.0000e+00 +0.0000e+00 +0.0000e+00 +1.0000e+01
19 +1.434903418e+02 +1.434903418e+02 -8.549658240e+00 -8.549658240e+00 +0.0000e+00 +0.0000e+00 +0.0000e+00 +0.0000e+00 +0.0000e+00 +0.0000e+00 +0.0000e+00 +9.0000e+00 +0.0000e+00 +0.0000e+00
21 +4.987594176e+01 +4.987594176e+01 -1.021640582e+02 -1.021640582e+02 +0.0000e+00 +0.0000e+00 +0.0000e+00 +0.0000e+00 +0.0000e+00 +0.0000e+00 +0.0000e+00 +0.0000e+00 +0.0000e+00 +0.0000e+00
% function evaluation | noise-free fitness - Fopt (-2.525000000000e+01) | best noise-free fitness - Fopt | measured fitness | best measured fitness | x1 | x2...
1 +5.125697343e+03 +5.125697343e+03 +5.100447343e+03 +5.100447343e+03 +2.6000e+01 +0.0000e+00 +2.7000e+01 +2.7000e+01 +2.7000e+01 +2.2000e+01 +2.2000e+01 +2.7000e+01 +2.2000e+01 +5.0000e+00
17 +3.692556543e+03 +3.692556543e+03 +3.667306543e+03 +3.667306543e+03 +1.9000e+01 +1.9000e+01 +1.9000e+01 +1.9000e+01 +1.9000e+01 +1.9000e+01 +1.9000e+01 +1.9000e+01 +1.8000e+01 +1.9000e+01
25 +2.302554943e+03 +2.302554943e+03 +2.277304943e+03 +2.277304943e+03 +1.5000e+01 +1.4000e+01 +1.5000e+01 +1.5000e+01 +1.4000e+01 +1.5000e+01 +1.5000e+01 +1.5000e+01 +1.5000e+01 +1.5000e+01
31 +1.457447743e+03 +1.457447743e+03 +1.432197743e+03 +1.432197743e+03 +1.2000e+01 +1.2000e+01 +1.1000e+01 +1.2000e+01 +1.2000e+01 +1.2000e+01 +1.2000e+01 +1.2000e+01 +1.1000e+01 +1.1000e+01
35 +9.725565434e+02 +9.725565434e+02 +9.473065434e+02 +9.473065434e+02 +9.0000e+00 +9.0000e+00 +1.0000e+01 +9.0000e+00 +1.0000e+01 +9.0000e+00 +9.0000e+00 +1.0000e+01 +9.0000e+00 +1.0000e+01
41 +5.293933434e+02 +5.293933434e+02 +5.041433434e+02 +5.041433434e+02 +6.0000e+00 +7.0000e+00 +6.0000e+00 +7.0000e+00 +7.0000e+00 +6.0000e+00 +7.0000e+00 +7.0000e+00 +7.0000e+00 +7.0000e+00
45 +2.939085434e+02 +2.939085434e+02 +2.686585434e+02 +2.686585434e+02 +4.0000e+00 +5.0000e+00 +5.0000e+00 +5.0000e+00 +4.0000e+00 +5.0000e+00 +5.0000e+00 +4.0000e+00 +4.0000e+00 +5.0000e+00
47 +1.988285434e+02 +1.988285434e+02 +1.735785434e+02 +1.735785434e+02 +4.0000e+00 +4.0000e+00 +4.0000e+00 +4.0000e+00 +3.0000e+00 +4.0000e+00 +3.0000e+00 +4.0000e+00 +4.0000e+00 +3.0000e+00
49 +1.429341434e+02 +1.429341434e+02 +1.176841434e+02 +1.176841434e+02 +3.0000e+00 +3.0000e+00 +3.0000e+00 +3.0000e+00 +2.0000e+00 +3.0000e+00 +3.0000e+00 +2.0000e+00 +3.0000e+00 +3.0000e+00
51 +8.621094336e+01 +8.621094336e+01 +6.096094336e+01 +6.096094336e+01 +2.0000e+00 +2.0000e+00 +1.0000e+00 +2.0000e+00 +1.0000e+00 +2.0000e+00 +1.0000e+00 +2.0000e+00 +2.0000e+00 +2.0000e+00
53 +6.012454336e+01 +6.012454336e+01 +3.487454336e+01 +3.487454336e+01 +0.0000e+00 +1.0000e+00 +1.0000e+00 +1.0000e+00 +1.0000e+00 +1.0000e+00 +0.0000e+00 +0.0000e+00 +0.0000e+00 +1.0000e+00
% function evaluation | noise-free fitness - Fopt (2.230000000000e+00) | best noise-free fitness - Fopt | measured fitness | best measured fitness | x1 | x2...
1 +5.710419806e+03 +5.710419806e+03 +5.712649806e+03 +5.712649806e+03 +2.4000e+01 +3.1000e+01 +1.6000e+01 +2.7000e+01 +2.7000e+01 +2.0000e+01 +3.0000e+01 +1.6000e+01 +1.6000e+01 +2.0000e+01
7 +3.971170206e+03 +3.971170206e+03 +3.973400206e+03 +3.973400206e+03 +2.5000e+01 +1.2000e+01 +2.1000e+01 +2.4000e+01 +1.3000e+01 +2.4000e+01 +2.4000e+01 +1.3000e+01 +1.3000e+01 +1.7000e+01
25 +2.437747806e+03 +2.437747806e+03 +2.439977806e+03 +2.439977806e+03 +1.5000e+01 +1.5000e+01 +1.5000e+01 +1.5000e+01 +1.5000e+01 +1.5000e+01 +1.5000e+01 +1.5000e+01 +1.5000e+01 +1.5000e+01
33 +1.364973406e+03 +1.364973406e+03 +1.367203406e+03 +1.367203406e+03 +1.1000e+01 +1.1000e+01 +1.1000e+01 +1.1000e+01 +1.1000e+01 +1.1000e+01 +1.1000e+01 +1.1000e+01 +1.1000e+01 +1.1000e+01
37 +9.485862061e+02 +9.485862061e+02 +9.508162061e+02 +9.508162061e+02 +9.0000e+00 +9.0000e+00 +9.0000e+00 +9.0000e+00 +9.0000e+00 +9.0000e+00 +9.0000e+00 +9.0000e+00 +9.0000e+00 +9.0000e+00
41 +6.121990061e+02 +6.121990061e+02 +6.144290061e+02 +6.144290061e+02 +7.0000e+00 +7.0000e+00 +7.0000e+00 +7.0000e+00 +7.0000e+00 +7.0000e+00 +7.0000e+00 +7.0000e+00 +7.0000e+00 +7.0000e+00
45 +3.558118061e+02 +3.558118061e+02 +3.580418061e+02 +3.580418061e+02 +5.0000e+00 +5.0000e+00 +5.0000e+00 +5.0000e+00 +5.0000e+00 +5.0000e+00 +5.0000e+00 +5.0000e+00 +5.0000e+00 +5.0000e+00
49 +1.794246061e+02 +1.794246061e+02 +1.816546061e+02 +1.816546061e+02 +3.0000e+00 +3.0000e+00 +3.0000e+00 +3.0000e+00 +3.0000e+00 +3.0000e+00 +3.0000e+00 +3.0000e+00 +3.0000e+00 +3.0000e+00
51 +1.212310061e+02 +1.212310061e+02 +1.234610061e+02 +1.234610061e+02 +2.0000e+00 +2.0000e+00 +2.0000e+00 +2.0000e+00 +2.0000e+00 +2.0000e+00 +2.0000e+00 +2.0000e+00 +2.0000e+00 +2.0000e+00
53 +8.303740608e+01 +8.303740608e+01 +8.526740608e+01 +8.526740608e+01 +1.0000e+00 +1.0000e+00 +1.0000e+00 +1.0000e+00 +1.0000e+00 +1.0000e+00 +1.0000e+00 +1.0000e+00 +1.0000e+00 +1.0000e+00
% function evaluation | noise-free fitness - Fopt (-1.308000000000e+01) | best noise-free fitness - Fopt | measured fitness | best measured fitness | x1 | x2...
1 +6.398028867e+03 +6.398028867e+03 +6.384948867e+03 +6.384948867e+03 +2.7000e+01 +2.2000e+01 +2.8000e+01 +1.7000e+01 +2.8000e+01 +2.6000e+01 +8.0000e+00 +2.6000e+01 +2.8000e+01 +2.8000e+01
2 +4.033972867e+03 +4.033972867e+03 +4.020892867e+03 +4.020892867e+03 +5.0000e+00 +1.7000e+01 +2.9000e+01 +7.0000e+00 +2.9000e+01 +5.0000e+00 +7.0000e+00 +5.0000e+00 +2.9000e+01 +2.9000e+01
19 +3.793416067e+03 +3.793416067e+03 +3.780336067e+03 +3.780336067e+03 +1.9000e+01 +1.9000e+01 +1.9000e+01 +1.9000e+01 +1.9000e+01 +1.9000e+01 +1.9000e+01 +1.9000e+01 +1.9000e+01 +1.9000e+01
27 +2.407387267e+03 +2.407387267e+03 +2.394307267e+03 +2.394307267e+03 +1.5000e+01 +1.5000e+01 +1.5000e+01 +1.5000e+01 +1.5000e+01 +1.5000e+01 +1.5000e+01 +1.5000e+01 +1.5000e+01 +1.5000e+01
33 +1.577865667e+03 +1.577865667e+03 +1.564785667e+03 +1.564785667e+03 +1.2000e+01 +1.2000e+01 +1.2000e+01 +1.2000e+01 +1.2000e+01 +1.2000e+01 +1.2000e+01 +1.2000e+01 +1.2000e+01 +1.2000e+01
39 +9.283440672e+02 +9.283440672e+02 +9.152640672e+02 +9.152640672e+02 +9.0000e+00 +9.0000e+00 +9.0000e+00 +9.0000e+00 +9.0000e+00 +9.0000e+00 +9.0000e+00 +9.0000e+00 +9.0000e+00 +9.0000e+00
43 +5.953296672e+02 +5.953296672e+02 +5.822496672e+02 +5.822496672e+02 +7.0000e+00 +7.0000e+00 +7.0000e+00 +7.0000e+00 +7.0000e+00 +7.0000e+00 +7.0000e+00 +7.0000e+00 +7.0000e+00 +7.0000e+00
47 +3.423152672e+02 +3.423152672e+02 +3.292352672e+02 +3.292352672e+02 +5.0000e+00 +5.0000e+00 +5.0000e+00 +5.0000e+00 +5.0000e+00 +5.0000e+00 +5.0000e+00 +5.0000e+00 +5.0000e+00 +5.0000e+00
49 +2.458080672e+02 +2.458080672e+02 +2.327280672e+02 +2.327280672e+02 +4.0000e+00 +4.0000e+00 +4.0000e+00 +4.0000e+00 +4.0000e+00 +4.0000e+00 +4.0000e+00 +4.0000e+00 +4.0000e+00 +4.0000e+00
53 +1.127936672e+02 +1.127936672e+02 +9.971366720e+01 +9.971366720e+01 +2.0000e+00 +2.0000e+00 +2.0000e+00 +2.0000e+00 +2.0000e+00 +2.0000e+00 +2.0000e+00 +2.0000e+00 +2.0000e+00 +2.0000e+00
55 +7.628646720e+01 +7.628646720e+01 +6.320646720e+01 +6.320646720e+01 +1.0000e+00 +1.0000e+00 +1.0000e+00 +1.0000e+00 +1.0000e+00 +1.0000e+00 +1.0000e+00 +1.0000e+00 +1.0000e+00 +1.0000e+00
57 +5.977926720e+01 +5.977926720e+01 +4.669926720e+01 +4.669926720e+01 +0.0000e+00 +0.0000e+00 +0.0000e+00 +0.0000e+00 +0.0000e+00 +0.0000e+00 +0.0000e+00 +0.0000e+00 +0.0000e+00 +0.0000e+00
% function evaluation | noise-free fitness - Fopt (2.671600000000e+02) | best noise-free fitness - Fopt | measured fitness | best measured fitness | x1 | x2...
1 +2.779839557e+03 +2.779839557e+03 +3.046999557e+03 +3.046999557e+03 +2.8000e+01 +1.0000e+01 +8.0000e+00 +9.0000e+00 +9.0000e+00 +2.2000e+01 +8.0000e+00 +1.1000e+01 +2.0000e+01 +5.0000e+00
10 +2.471721157e+03 +2.471721157e+03 +2.738881157e+03 +2.738881157e+03 +1.1000e+01 +3.0000e+00 +1.1000e+01 +3.0000e+00 +1.1000e+01 +2.2000e+01 +1.1000e+01 +2.2000e+01 +2.1000e+01 +1.1000e+01
14 +8.589915571e+02 +8.589915571e+02 +1.126151557e+03 +1.126151557e+03 +1.1000e+01 +1.0000e+00 +9.0000e+00 +1.0000e+00 +2.0000e+01 +1.0000e+00 +1.0000e+00 +1.1000e+01 +1.0000e+00 +1.0000e+00
16 +2.210155571e+02 +2.210155571e+02 +4.881755571e+02 +4.881755571e+02 +0.0000e+00 +0.0000e+00 +0.0000e+00 +1.0000e+01 +8.0000e+00 +0.0000e+00 +0.0000e+00 +0.0000e+00 +0.0000e+00 +0.0000e+00
20 +7.312115712e+01 +7.312115712e+01 +3.402811571e+02 +3.402811571e+02 +0.0000e+00 +0.0000e+00 +0.0000e+00 +0.0000e+00 +0.0000e+00 +0.0000e+00 +0.0000e+00 +0.0000e+00 +0.0000e+00 +0.0000e+00
% function evaluation | noise-free fitness - Fopt (3.710000000000e+00) | best noise-free fitness - Fopt | measured fitness | best measured fitness | x1 | x2...
1 +4.770558265e+03 +4.770558265e+03 +4.774268265e+03 +4.774268265e+03 +1.6000e+01 +1.5000e+01 +1.9000e+01 +2.8000e+01 +2.8000e+01 +1.9000e+01 +1.9000e+01 +2.8000e+01 +1.3000e+01 +2.8000e+01
17 +3.892145465e+03 +3.892145465e+03 +3.895855465e+03 +3.895855465e+03 +2.0000e+01 +2.0000e+01 +2.0000e+01 +2.0000e+01 +2.0000e+01 +2.0000e+01 +2.0000e+01 +2.0000e+01 +2.0000e+01 +2.0000e+01
25 +2.483895865e+03 +2.483895865e+03 +2.487605865e+03 +2.487605865e+03 +1.6000e+01 +1.6000e+01 +1.6000e+01 +1.6000e+01 +1.6000e+01 +1.6000e+01 +1.6000e+01 +1.6000e+01 +1.6000e+01 +1.6000e+01
33 +1.395646265e+03 +1.395646265e+03 +1.399356265e+03 +1.399356265e+03 +1.2000e+01 +1.2000e+01 +1.2000e+01 +1.2000e+01 +1.2000e+01 +1.2000e+01 +1.2000e+01 +1.2000e+01 +1.2000e+01 +1.2000e+01
37 +9.715214650e+02 +9.715214650e+02 +9.752314650e+02 +9.752314650e+02 +1.0000e+01 +1.0000e+01 +1.0000e+01 +1.0000e+01 +1.0000e+01 +1.0000e+01 +1.0000e+01 +1.0000e+01 +1.0000e+01 +1.0000e+01
41 +6.273966650e+02 +6.273966650e+02 +6.311066650e+02 +6.311066650e+02 +8.0000e+00 +8.0000e+00 +8.0000e+00 +8.0000e+00 +8.0000e+00 +8.0000e+00 +8.0000e+00 +8.0000e+00 +8.0000e+00 +8.0000e+00
45 +3.632718650e+02 +3.632718650e+02 +3.669818650e+02 +3.669818650e+02 +6.0000e+00 +6.0000e+00 +6.0000e+00 +6.0000e+00 +6.0000e+00 +6.0000e+00 +6.0000e+00 +6.0000e+00 +6.0000e+00 +6.0000e+00
49 +1.791470650e+02 +1.791470650e+02 +1.828570650e+02 +1.828570650e+02 +4.0000e+00 +4.0000e+00 +4.0000e+00 +4.0000e+00 +4.0000e+00 +4.0000e+00 +4.0000e+00 +4.0000e+00 +4.0000e+00 +4.0000e+00
51 +1.170846650e+02 +1.170846650e+02 +1.207946650e+02 +1.207946650e+02 +3.0000e+00 +3.0000e+00 +3.0000e+00 +3.0000e+00 +3.0000e+00 +3.0000e+00 +3.0000e+00 +3.0000e+00 +3.0000e+00 +3.0000e+00
53 +7.502226496e+01 +7.502226496e+01 +7.873226496e+01 +7.873226496e+01 +2.0000e+00 +2.0000e+00 +2.0000e+00 +2.0000e+00 +2.0000e+00 +2.0000e+00 +2.0000e+00 +2.0000e+00 +2.0000e+00 +2.0000e+00
55 +5.295986496e+01 +5.295986496e+01 +5.666986496e+01 +5.666986496e+01 +1.0000e+00 +1.0000e+00 +1.0000e+00 +1.0000e+00 +1.0000e+00 +1.0000e+00 +1.0000e+00 +1.0000e+00 +1.0000e+00 +1.0000e+00
% function evaluation | noise-free fitness - Fopt (9.478000000000e+01) | best noise-free fitness - Fopt | measured fitness | best measured fitness | x1 | x2...
1 +2.855554508e+03 +2.855554508e+03 +2.950334508e+03 +2.950334508e+03 +2.9000e+01 +8.0000e+00 +2.9000e+01 +1.7000e+01 +2.0000e+01 +1.2000e+01 +8.0000e+00 +1.7000e+01 +1.7000e+01 +2.0000e+00
12 +2.210370508e+03 +2.210370508e+03 +2.305150508e+03 +2.305150508e+03 +1.1000e+01 +1.1000e+01 +1.1000e+01 +2.1000e+01 +2.1000e+01 +1.1000e+01 +2.1000e+01 +2.1000e+01 +1.1000e+01 +1.1000e+01
20 +1.537791308e+03 +1.537791308e+03 +1.632571308e+03 +1.632571308e+03 +7.0000e+00 +1.0000e+00 +2.3000e+01 +2.5000e+01 +7.0000e+00 +7.0000e+00 +7.0000e+00 +7.0000e+00 +1.0000e+00 +1.7000e+01
27 +8.482697082e+02 +8.482697082e+02 +9.430497082e+02 +9.430497082e+02 +2.0000e+01 +0.0000e+00 +0.0000e+00 +0.0000e+00 +0.0000e+00 +2.0000e+01 +0.0000e+00 +0.0000e+00 +0.0000e+00 +0.0000e+00
29 +8.058970816e+01 +8.058970816e+01 +1.753697082e+02 +1.753697082e+02 +0.0000e+00 +0.0000e+00 +0.0000e+00 +0.0000e+00 +0.0000e+00 +0.0000e+00 +0.0000e+00 +0.0000e+00 +0.0000e+00 +0.0000e+00
% function evaluation | noise-free fitness - Fopt (2.339200000000e+02) | best noise-free fitness - Fopt | measured fitness | best measured fitness | x1 | x2...
1 +7.335652848e+03 +7.335652848e+03 +7.569572848e+03 +7.569572848e+03 +3.0000e+01 +3.0000e+01 +2.9000e+01 +2.3000e+01 +1.0000e+00 +2.2000e+01 +3.0000e+01 +3.0000e+01 +3.0000e+01 +2.9000e+01
2 +4.191136048e+03 +4.191136048e+03 +4.425056048e+03 +4.425056048e+03 +2.9000e+01 +2.1000e+01 +6.0000e+00 +4.0000e+00 +2.6000e+01 +1.9000e+01 +2.1000e+01 +2.1000e+01 +2.9000e+01 +6.0000e+00
18 +3.672416048e+03 +3.672416048e+03 +3.906336048e+03 +3.906336048e+03 +2.1000e+01 +1.3000e+01 +1.3000e+01 +2.1000e+01 +1.3000e+01 +2.1000e+01 +2.1000e+01 +2.1000e+01 +2.1000e+01 +2.1000e+01
28 +2.494308848e+03 +2.494308848e+03 +2.728228848e+03 +2.728228848e+03 +1.6000e+01 +1.6000e+01 +1.6000e+01 +1.6000e+01 +1.6000e+01 +1.6000e+01 +8.0000e+00 +1.6000e+01 +1.6000e+01 +1.6000e+01
36 +1.530526448e+03 +1.530526448e+03 +1.764446448e+03 +1.764446448e+03 +1.2000e+01 +1.2000e+01 +1.2000e+01 +1.2000e+01 +1.2000e+01 +1.2000e+01 +1.2000e+01 +1.2000e+01 +1.2000e+01 +1.2000e+01
42 +8.897024480e+02 +8.897024480e+02 +1.123622448e+03 +1.123622448e+03 +9.0000e+00 +9.0000e+00 +9.0000e+00 +9.0000e+00 +9.0000e+00 +9.0000e+00 +9.0000e+00 +9.0000e+00 +9.0000e+00 +9.0000e+00
46 +5.624864480e+02 +5.624864480e+02 +7.964064480e+02 +7.964064480e+02 +7.0000e+00 +7.0000e+00 +7.0000e+00 +7.0000e+00 +7.0000e+00 +7.0000e+00 +7.0000e+00 +7.0000e+00 +7.0000e+00 +7.0000e+00
50 +3.152704480e+02 +3.152704480e+02 +5.491904480e+02 +5.491904480e+02 +5.0000e+00 +5.0000e+00 +5.0000e+00 +5.0000e+00 +5.0000e+00 +5.0000e+00 +5.0000e+00 +5.0000e+00 +5.0000e+00 +5.0000e+00
52 +2.216624480e+02 +2.216624480e+02 +4.555824480e+02 +4.555824480e+02 +4.0000e+00 +4.0000e+00 +4.0000e+00 +4.0000e+00 +4.0000e+00 +4.0000e+00 +4.0000e+00 +4.0000e+00 +4.0000e+00 +4.0000e+00
54 +1.480544480e+02 +1.480544480e+02 +3.819744480e+02 +3.819744480e+02 +3.0000e+00 +3.0000e+00 +3.0000e+00 +3.0000e+00 +3.0000e+00 +3.0000e+00 +3.0000e+00 +3.0000e+00 +3.0000e+00 +3.0000e+00
56 +9.444644800e+01 +9.444644800e+01 +3.283664480e+02 +3.283664480e+02 +2.0000e+00 +2.0000e+00 +2.0000e+00 +2.0000e+00 +2.0000e+00 +2.0000e+00 +2.0000e+00 +2.0000e+00 +2.0000e+00 +2.0000e+00
58 +6.083844800e+01 +6.083844800e+01 +2.947584480e+02 +2.947584480e+02 +1.0000e+00 +1.0000e+00 +1.0000e+00 +1.0000e+00 +1.0000e+00 +1.0000e+00 +1.0000e+00 +1.0000e+00 +1.0000e+00 +1.0000e+00
% function evaluation | noise-free fitness - Fopt (-6.092000000000e+01) | best noise-free fitness - Fopt | measured fitness | best measured fitness | x1 | x2...
1 +3.214597068e+03 +3.214597068e+03 +3.153677068e+03 +3.153677068e+03 +2.0000e+01 +6.0000e+00 +1.4000e+01 +1.4000e+01 +2.2000e+01 +1.5000e+01 +3.0000e+01 +2.2000e+01 +8.0000e+00 +1.5000e+01
4 +1.674869068e+03 +1.674869068e+03 +1.613949068e+03 +1.613949068e+03 +1.5000e+01 +1.1000e+01 +1.5000e+01 +1.1000e+01 +7.0000e+00 +1.5000e+01 +2.5000e+01 +1.1000e+01 +7.0000e+00 +7.0000e+00
6 +1.440371468e+03 +1.440371468e+03 +1.379451468e+03 +1.379451468e+03 +1.4000e+01 +6.0000e+00 +1.0000e+01 +6.0000e+00 +1.4000e+01 +1.0000e+01 +6.0000e+00 +6.0000e+00 +2.4000e+01 +6.0000e+00
8 +6.944338682e+02 +6.944338682e+02 +6.335138682e+02 +6.335138682e+02 +1.3000e+01 +1.3000e+01 +5.0000e+00 +5.0000e+00 +5.0000e+00 +1.3000e+01 +5.0000e+00 +5.0000e+00 +9.0000e+00 +5.0000e+00
10 +4.490690682e+02 +4.490690682e+02 +3.881490682e+02 +3.881490682e+02 +4.0000e+00 +4.0000e+00 +4.0000e+00 +4.0000e+00 +4.0000e+00 +1.2000e+01 +4.0000e+00 +4.0000e+00 +1.2000e+01 +4.0000e+00
12 +2.232114682e+02 +2.232114682e+02 +1.622914682e+02 +1.622914682e+02 +3.0000e+00 +3.0000e+00 +3.0000e+00 +3.0000e+00 +3.0000e+00 +3.0000e+00 +3.0000e+00 +1.1000e+01 +3.0000e+00 +3.0000e+00
16 +5.380666816e+01 +5.380666816e+01 -7.113331840e+00 -7.113331840e+00 +1.0000e+00 +1.0000e+00 +1.0000e+00 +1.0000e+00 +1.0000e+00 +1.0000e+00 +1.0000e+00 +1.0000e+00 +1.0000e+00 +1.0000e+00
% function evaluation | noise-free fitness - Fopt (-1.948000000000e+01) | best noise-free fitness - Fopt | measured fitness | best measured fitness | x1 | x2...
1 +3.621602350e+03 +3.621602350e+03 +3.602122350e+03 +3.602122350e+03 +9.0000e+00 +9.0000e+00 +2.5000e+01 +1.8000e+01 +2.3000e+01 +2.5000e+01 +9.0000e+00 +2.6000e+01 +2.5000e+01 +9.0000e+00
10 +2.509987950e+03 +2.509987950e+03 +2.490507950e+03 +2.490507950e+03 +1.5000e+01 +1.5000e+01 +2.0000e+01 +2.0000e+01 +1.5000e+01 +1.5000e+01 +1.5000e+01 +1.5000e+01 +1.5000e+01 +1.5000e+01
16 +1.396424750e+03 +1.396424750e+03 +1.376944750e+03 +1.376944750e+03 +1.2000e+01 +1.2000e+01 +1.2000e+01 +1.2000e+01 +1.2000e+01 +1.2000e+01 +1.2000e+01 +1.2000e+01 +1.2000e+01 +1.2000e+01
20 +9.709719501e+02 +9.709719501e+02 +9.514919501e+02 +9.514919501e+02 +1.0000e+01 +1.0000e+01 +1.0000e+01 +1.0000e+01 +1.0000e+01 +1.0000e+01 +1.0000e+01 +1.0000e+01 +1.0000e+01 +1.0000e+01
24 +6.255191501e+02 +6.255191501e+02 +6.060391501e+02 +6.060391501e+02 +8.0000e+00 +8.0000e+00 +8.0000e+00 +8.0000e+00 +8.0000e+00 +8.0000e+00 +8.0000e+00 +8.0000e+00 +8.0000e+00 +8.0000e+00
28 +3.600663501e+02 +3.600663501e+02 +3.405863501e+02 +3.405863501e+02 +6.0000e+00 +6.0000e+00 +6.0000e+00 +6.0000e+00 +6.0000e+00 +6.0000e+00 +6.0000e+00 +6.0000e+00 +6.0000e+00 +6.0000e+00
32 +1.746135501e+02 +1.746135501e+02 +1.551335501e+02 +1.551335501e+02 +4.0000e+00 +4.0000e+00 +4.0000e+00 +4.0000e+00 +4.0000e+00 +4.0000e+00 +4.0000e+00 +4.0000e+00 +4.0000e+00 +4.0000e+00
34 +1.118871501e+02 +1.118871501e+02 +9.240715008e+01 +9.240715008e+01 +3.0000e+00 +3.0000e+00 +3.0000e+00 +3.0000e+00 +3.0000e+00 +3.0000e+00 +3.0000e+00 +3.0000e+00 +3.0000e+00 +3.0000e+00
36 +6.916075008e+01 +6.916075008e+01 +4.968075008e+01 +4.968075008e+01 +2.0000e+00 +2.0000e+00 +2.0000e+00 +2.0000e+00 +2.0000e+00 +2.0000e+00 +2.0000e+00 +2.0000e+00 +2.0000e+00 +2.0000e+00
38 +4.643435008e+01 +4.643435008e+01 +2.695435008e+01 +2.695435008e+01 +1.0000e+00 +1.0000e+00 +1.0000e+00 +1.0000e+00 +1.0000e+00 +1.0000e+00 +1.0000e+00 +1.0000e+00 +1.0000e+00 +1.0000e+00
% function evaluation | noise-free fitness - Fopt (1.344700000000e+02) | best noise-free fitness - Fopt | measured fitness | best measured fitness | x1 | x2...
1 +3.439622860e+03 +3.439622860e+03 +3.574092860e+03 +3.574092860e+03 +2.4000e+01 +2.4000e+01 +2.0000e+00 +2.0000e+00 +1.5000e+01 +1.9000e+01 +2.8000e+01 +1.9000e+01 +2.0000e+00 +1.9000e+01
9 +2.458792460e+03 +2.458792460e+03 +2.593262460e+03 +2.593262460e+03 +0.0000e+00 +0.0000e+00 +0.0000e+00 +0.0000e+00 +2.4000e+01 +0.0000e+00 +0.0000e+00 +2.4000e+01 +2.0000e+01 +2.0000e+01
11 +1.176838860e+03 +1.176838860e+03 +1.311308860e+03 +1.311308860e+03 +3.0000e+00 +1.6000e+01 +0.0000e+00 +0.0000e+00 +0.0000e+00 +1.9000e+01 +0.0000e+00 +2.3000e+01 +0.0000e+00 +0.0000e+00
13 +9.462804595e+02 +9.462804595e+02 +1.080750460e+03 +1.080750460e+03 +1.6000e+01 +2.0000e+00 +0.0000e+00 +0.0000e+00 +0.0000e+00 +0.0000e+00 +0.0000e+00 +2.2000e+01 +0.0000e+00 +0.0000e+00
19 +4.126644595e+02 +4.126644595e+02 +5.471344595e+02 +5.471344595e+02 +0.0000e+00 +0.0000e+00 +1.9000e+01 +0.0000e+00 +0.0000e+00 +0.0000e+00 +0.0000e+00 +0.0000e+00 +0.0000e+00 +0.0000e+00
21 +6.434125952e+01 +6.434125952e+01 +1.988112595e+02 +1.988112595e+02 +0.0000e+00 +0.0000e+00 +0.0000e+00 +0.0000e+00 +0.0000e+00 +0.0000e+00 +0.0000e+00 +0.0000e+00 +0.0000e+00 +0.0000e+00
% function evaluation | noise-free fitness - Fopt (4.453500000000e+02) | best noise-free fitness - Fopt | measured fitness | best measured fitness | x1 | x2...
1 +3.241924705e+03 +3.241924705e+03 +3.687274705e+03 +3.687274705e+03 +2.7000e+01 +2.0000e+01 +8.0000e+00 +2.7000e+01 +2.0000e+00 +2.7000e+01 +1.9000e+01 +8.0000e+00 +8.0000e+00 +8.0000e+00
22 +2.507287905e+03 +2.507287905e+03 +2.952637905e+03 +2.952637905e+03 +1.6000e+01 +1.6000e+01 +1.6000e+01 +1.6000e+01 +1.6000e+01 +1.6000e+01 +1.6000e+01 +1.6000e+01 +1.6000e+01 +1.6000e+01
30 +1.417419105e+03 +1.417419105e+03 +1.862769105e+03 +1.862769105e+03 +1.2000e+01 +1.2000e+01 +1.2000e+01 +1.2000e+01 +1.2000e+01 +1.2000e+01 +1.2000e+01 +1.2000e+01 +1.2000e+01 +1.2000e+01
34 +9.924847053e+02 +9.924847053e+02 +1.437834705e+03 +1.437834705e+03 +1.0000e+01 +1.0000e+01 +1.0000e+01 +1.0000e+01 +1.0000e+01 +1.0000e+01 +1.0000e+01 +1.0000e+01 +1.0000e+01 +1.0000e+01
40 +5.050831053e+02 +5.050831053e+02 +9.504331053e+02 +9.504331053e+02 +7.0000e+00 +7.0000e+00 +7.0000e+00 +7.0000e+00 +7.0000e+00 +7.0000e+00 +7.0000e+00 +7.0000e+00 +7.0000e+00 +7.0000e+00
42 +3.826159053e+02 +3.826159053e+02 +8.279659053e+02 +8.279659053e+02 +6.0000e+00 +6.0000e+00 +6.0000e+00 +6.0000e+00 +6.0000e+00 +6.0000e+00 +6.0000e+00 +6.0000e+00 +6.0000e+00 +6.0000e+00
46 +1.976815053e+02 +1.976815053e+02 +6.430315053e+02 +6.430315053e+02 +4.0000e+00 +4.0000e+00 +4.0000e+00 +4.0000e+00 +4.0000e+00 +4.0000e+00 +4.0000e+00 +4.0000e+00 +4.0000e+00 +4.0000e+00
48 +1.352143053e+02 +1.352143053e+02 +5.805643053e+02 +5.805643053e+02 +3.0000e+00 +3.0000e+00 +3.0000e+00 +3.0000e+00 +3.0000e+00 +3.0000e+00 +3.0000e+00 +3.0000e+00 +3.0000e+00 +3.0000e+00
50 +9.274710528e+01 +9.274710528e+01 +5.380971053e+02 +5.380971053e+02 +2.0000e+00 +2.0000e+00 +2.0000e+00 +2.0000e+00 +2.0000e+00 +2.0000e+00 +2.0000e+00 +2.0000e+00 +2.0000e+00 +2.0000e+00
