% function evaluation | noise-free fitness - Fopt (7.948000000000e+01) | best noise-free fitness - Fopt | measured fitness | best measured fitness | x1 | x2...
1 +1.126994562e+04 +1.126994562e+04 +1.134942562e+04 +1.134942562e+04 +2.3000e+01 +1.7000e+01 +3.0000e+01 +1.7000e+01 +2.3000e+01 +3.0000e+01 +2.9000e+01 +2.2000e+01 +2.8000e+01 +7.0000e+00 +2.9000e+01 +2.5000e+01 +1.2000e+01 +2.8000e+01 +2.1000e+01 +2.8000e+01 +2.5000e+01 +2.2000e+01 +1.9000e+01 +2.1000e+01
2 +8.939683217e+03 +8.939683217e+03 +9.019163217e+03 +9.019163217e+03 +2.6000e+01 +3.0000e+01 +3.0000e+01 +3.0000e+01 +2.6000e+01 +3.0000e+01 +2.2000e+01 +2.0000e+01 +3.0000e+00 +2.6000e+01 +2.2000e+01 +1.6000e+01 +1.8000e+01 +1.0000e+00 +6.0000e+00 +1.0000e+00 +1.6000e+01 +2.0000e+01 +1.3000e+01 +6.0000e+00
27 +5.912014417e+03 +5.912014417e+03 +5.991494417e+03 +5.991494417e+03 +1.7000e+01 +1.7000e+01 +1.7000e+01 +1.7000e+01 +1.7000e+01 +1.7000e+01 +1.7000e+01 +1.7000e+01 +1.7000e+01 +1.7000e+01 +1.7000e+01 +1.7000e+01 +1.7000e+01 +1.7000e+01 +1.7000e+01 +1.7000e+01 +1.7000e+01 +1.7000e+01 +1.7000e+01 +1.7000e+01
35 +3.502075217e+03 +3.502075217e+03 +3.581555217e+03 +3.581555217e+03 +1.3000e+01 +1.3000e+01 +1.3000e+01 +1.3000e+01 +1.3000e+01 +1.3000e+01 +1.3000e+01 +1.3000e+01 +1.3000e+01 +1.3000e+01 +1.3000e+01 +1.3000e+01 +1.3000e+01 +1.3000e+01 +1.3000e+01 +1.3000e+01 +1.3000e+01 +1.3000e+01 +1.3000e+01 +1.3000e+01
41 +2.114620817e+03 +2.114620817e+03 +2.194100817e+03 +2.194100817e+03 +1.0000e+01 +1.0000e+01 +1.0000e+01 +1.0000e+01 +1.0000e+01 +1.0000e+01 +1.0000e+01 +1.0000e+01 +1.0000e+01 +1.0000e+01 +1.0000e+01 +1.0000e+01 +1.0000e+01 +1.0000e+01 +1.0000e+01 +1.0000e+01 +1.0000e+01 +1.0000e+01 +1.0000e+01 +1.0000e+01
45 +1.389651217e+03 +1.389651217e+03 +1.469131217e+03 +1.469131217e+03 +8.0000e+00 +8.0000e+00 +8.0000e+00 +8.0000e+00 +8.0000e+00 +8.0000e+00 +8.0000e+00 +8.0000e+00 +8.0000e+00 +8.0000e+00 +8.0000e+00 +8.0000e+00 +8.0000e+00 +8.0000e+00 +8.0000e+00 +8.0000e+00 +8.0000e+00 +8.0000e+00 +8.0000e+00 +8.0000e+00
49 +8.246816173e+02 +8.246816173e+02 +9.041616173e+02 +9.041616173e+02 +6.0000e+00 +6.0000e+00 +6.0000e+00 +6.0000e+00 +6.0000e+00 +6.0000e+00 +6.0000e+00 +6.0000e+00 +6.0000e+00 +6.0000e+00 +6.0000e+00 +6.0000e+00 +6.0000e+00 +6.0000e+00 +6.0000e+00 +6.0000e+00 +6.0000e+00 +6.0000e+00 +6.0000e+00 +6.0000e+00
51 +6.021968173e+02 +6.021968173e+02 +6.816768173e+02 +6.816768173e+02 +5.0000e+00 +5.0000e+00 +5.0000e+00 +5.0000e+00 +5.0000e+00 +5.0000e+00 +5.0000e+00 +5.0000e+00 +5.0000e+00 +5.0000e+00 +5.0000e+00 +5.0000e+00 +5.0000e+00 +5.0000e+00 +5.0000e+00 +5.0000e+00 +5.0000e+00 +5.0000e+00 +5.0000e+00 +5.0000e+00
55 +2.772272173e+02 +2.772272173e+02 +3.567072173e+02 +3.567072173e+02 +3.0000e+00 +3.0000e+00 +3.0000e+00 +3.0000e+00 +3.0000e+00 +3.0000e+00 +3.0000e+00 +3.0000e+00 +3.0000e+00 +3.0000e+00 +3.0000e+00 +3.0000e+00 +3.0000e+00 +3.0000e+00 +3.0000e+00 +3.0000e+00 +3.0000e+00 +3.0000e+00 +3.0000e+00 +3.0000e+00
57 +1.747424173e+02 +1.747424173e+02 +2.542224173e+02 +2.542224173e+02 +2.0000e+00 +2.0000e+00 +2.0000e+00 +2.0000e+00 +2.0000e+00 +2.0000e+00 +2.0000e+00 +2.0000e+00 +2.0000e+00 +2.0000e+00 +2.0000e+00 +2.0000e+00 +2.0000e+00 +2.0000e+00 +2.0000e+00 +2.0000e+00 +2.0000e+00 +2.0000e+00 +2.0000e+00 +2.0000e+00
59 +1.122576173e+02 +1.122576173e+02 +1.917376173e+02 +1.917376173e+02 +1.0000e+00 +1.0000e+00 +1.0000e+00 +1.0000e+00 +1.0000e+00 +1.0000e+00 +1.0000e+00 +1.0000e+00 +1.0000e+00 +1.0000e+00 +1.0000e+00 +1.0000e+00 +1.0000e+00 +1.0000e+00 +1.0000e+00 +1.0000e+00 +1.0000e+00 +1.0000e+00 +1.0000e+00 +1.0000e+00
61 +8.977281728e+01 +8.977281728e+01 +1.692528173e+02 +1.692528173e+02 +0.0000e+00 +0.0000e+00 +0.0000e+00 +0.0000e+00 +0.0000e+00 +0.0000e+00 +0.0000e+00 +0.0000e+00 +0.0000e+00 +0.0000e+00 +0.0000e+00 +0.0000e+00 +0.0000e+00 +0.0000e+00 +0.0000e+00 +0.0000e+00 +0.0000e+00 +0.0000e+00 +0.0000e+00 +0.0000e+00
% function evaluation | noise-free fitness - Fopt (3.944800000000e+02) | best noise-free fitness - Fopt | measured fitness | best measured fitness | x1 | x2...
1 +1.042816208e+04 +1.042816208e+04 +1.082264208e+04 +1.082264208e+04 +1.7000e+01 +1.8000e+01 +2.3000e+01 +2.2000e+01 +2.7000e+01 +1.0000e+00 +2.7000e+01 +1.5000e+01 +1.8000e+01 +2.7000e+01 +2.7000e+01 +1.0000e+00 +3.0000e+01 +2.7000e+01 +2.2000e+01 +2.2000e+01 +2.7000e+01 +3.0000e+01 +1.0000e+00 +3.0000e+01
2 +6.811390882e+03 +6.811390882e+03 +7.205870882e+03 +7.205870882e+03 +2.0000e+01 +1.8000e+01 +1.1000e+01 +2.2000e+01 +2.3000e+01 +2.2000e+01 +2.3000e+01 +2.0000e+01 +1.8000e+01 +1.0000e+00 +1.0000e+00 +2.2000e+01 +1.5000e+01 +2.3000e+01 +2.2000e+01 +2.2000e+01 +1.0000e+00 +1.5000e+01 +2.2000e+01 +1.5000e+01
4 +3.862949282e+03 +3.862949282e+03 +4.257429282e+03 +4.257429282e+03 +6.0000e+00 +1.6000e+01 +2.1000e+01 +1.4000e+01 +2.1000e+01 +1.0000e+01 +1.4000e+01 +0.0000e+00 +0.0000e+00 +0.0000e+00 +0.0000e+00 +0.0000e+00 +2.1000e+01 +1.4000e+01 +0.0000e+00 +0.0000e+00 +2.1000e+01 +0.0000e+00 +2.2000e+01 +2.2000e+01
24 +2.496283682e+03 +2.496283682e+03 +2.890763682e+03 +2.890763682e+03 +1.2000e+01 +3.0000e+00 +1.1000e+01 +1.2000e+01 +1.1000e+01 +1.2000e+01 +1.2000e+01 +4.0000e+00 +4.0000e+00 +1.1000e+01 +1.2000e+01 +1.1000e+01 +1.1000e+01 +1.1000e+01 +1.2000e+01 +1.1000e+01 +1.2000e+01 +1.1000e+01 +1.2000e+01 +1.1000e+01
32 +1.483874082e+03 +1.483874082e+03 +1.878354082e+03 +1.878354082e+03 +7.0000e+00 +8.0000e+00 +8.0000e+00 +8.0000e+00 +8.0000e+00 +8.0000e+00 +8.0000e+00 +8.0000e+00 +8.0000e+00 +8.0000e+00 +8.0000e+00 +8.0000e+00 +7.0000e+00 +8.0000e+00 +8.0000e+00 +8.0000e+00 +8.0000e+00 +8.0000e+00 +8.0000e+00 +8.0000e+00
36 +8.830676819e+02 +8.830676819e+02 +1.277547682e+03 +1.277547682e+03 +6.0000e+00 +5.0000e+00 +6.0000e+00 +6.0000e+00 +6.0000e+00 +6.0000e+00 +6.0000e+00 +6.0000e+00 +6.0000e+00 +5.0000e+00 +6.0000e+00 +6.0000e+00 +6.0000e+00 +5.0000e+00 +6.0000e+00 +6.0000e+00 +6.0000e+00 +5.0000e+00 +6.0000e+00 +6.0000e+00
40 +4.514628819e+02 +4.514628819e+02 +8.459428819e+02 +8.459428819e+02 +4.0000e+00 +4.0000e+00 +3.0000e+00 +4.0000e+00 +4.0000e+00 +4.0000e+00 +4.0000e+00 +4.0000e+00 +4.0000e+00 +3.0000e+00 +3.0000e+00 +3.0000e+00 +4.0000e+00 +4.0000e+00 +3.0000e+00 +4.0000e+00 +4.0000e+00 +3.0000e+00 +4.0000e+00 +4.0000e+00
42 +3.335172819e+02 +3.335172819e+02 +7.279972819e+02 +7.279972819e+02 +3.0000e+00 +3.0000e+00 +3.0000e+00 +3.0000e+00 +3.0000e+00 +3.0000e+00 +3.0000e+00 +3.0000e+00 +2.0000e+00 +3.0000e+00 +3.0000e+00 +3.0000e+00 +3.0000e+00 +2.0000e+00 +3.0000e+00 +3.0000e+00 +2.0000e+00 +2.0000e+00 +2.0000e+00 +3.0000e+00
44 +2.248740819e+02 +2.248740819e+02 +6.193540819e+02 +6.193540819e+02 +2.0000e+00 +2.0000e+00 +1.0000e+00 +2.0000e+00 +2.0000e+00 +1.0000e+00 +1.0000e+00 +2.0000e+00 +2.0000e+00 +2.0000e+00 +2.0000e+00 +2.0000e+00 +2.0000e+00 +2.0000e+00 +2.0000e+00 +2.0000e+00 +1.0000e+00 +2.0000e+00 +2.0000e+00 +1.0000e+00
48 +1.466628819e+02 +1.466628819e+02 +5.411428819e+02 +5.411428819e+02 +0.0000e+00 +0.0000e+00 +0.0000e+00 +0.0000e+00 +0.0000e+00 +0.0000e+00 +0.0000e+00 +0.0000e+00 +0.0000e+00 +0.0000e+00 +0.0000e+00 +0.0000e+00 +0.0000e+00 +0.0000e+00 +0.0000e+00 +0.0000e+00 +0.0000e+00 +0.0000e+00 +0.0000e+00 +0.0000e+00
% function evaluation | noise-free fitness - Fopt (-2.471100000000e+02) | best noise-free fitness - Fopt | measured fitness | best measured fitness | x1 | x2...
1 +4.377114196e+03 +4.377114196e+03 +4.130004196e+03 +4.130004196e+03 +1.5000e+01 +9.0000e+00 +1.5000e+01 +2.3000e+01 +4.0000e+00 +2.6000e+01 +1.5000e+01 +8.0000e+00 +2.0000e+01 +4.0000e+00 +2.0000e+00 +2.3000e+01 +2.0000e+01 +2.0000e+01 +3.0000e+00 +2.1000e+01 +4.0000e+00 +9.0000e+00 +3.0000e+00 +8.0000e+00
3 +3.387464596e+03 +3.387464596e+03 +3.140354596e+03 +3.140354596e+03 +3.0000e+00 +1.4000e+01 +2.2000e+01 +3.0000e+00 +1.4000e+01 +1.9000e+01 +7.0000e+00 +1.4000e+01 +3.0000e+00 +1.4000e+01 +2.5000e+01 +2.2000e+01 +1.4000e+01 +2.0000e+00 +2.5000e+01 +1.0000e+00 +8.0000e+00 +3.0000e+00 +3.0000e+00 +3.0000e+00
9 +2.061134996e+03 +2.061134996e+03 +1.814024996e+03 +1.814024996e+03 +1.2000e+01 +3.0000e+00 +1.1000e+01 +4.0000e+00 +1.9000e+01 +5.0000e+00 +1.1000e+01 +4.0000e+00 +1.9000e+01 +1.1000e+01 +4.0000e+00 +1.1000e+01 +1.1000e+01 +1.1000e+01 +0.0000e+00 +4.0000e+00 +1.1000e+01 +1.1000e+01 +1.1000e+01 +0.0000e+00
15 +6.977877958e+02 +6.977877958e+02 +4.506777958e+02 +4.506777958e+02 +9.0000e+00 +0.0000e+00 +8.0000e+00 +1.0000e+00 +8.0000e+00 +1.0000e+00 +8.0000e+00 +1.0000e+00 +8.0000e+00 +8.0000e+00 +8.0000e+00 +1.0000e+00 +1.0000e+00 +8.0000e+00 +9.0000e+00 +1.0000e+00 +8.0000e+00 +1.0000e+00 +8.0000e+00 +1.0000e+00
17 +3.436997958e+02 +3.436997958e+02 +9.658979584e+01 +9.658979584e+01 +0.0000e+00 +0.0000e+00 +0.0000e+00 +0.0000e+00 +0.0000e+00 +0.0000e+00 +0.0000e+00 +0.0000e+00 +7.0000e+00 +7.0000e+00 +7.0000e+00 +0.0000e+00 +0.0000e+00 +7.0000e+00 +8.0000e+00 +7.0000e+00 +0.0000e+00 +8.0000e+00 +0.0000e+00 +0.0000e+00
23 +1.503317958e+02 +1.503317958e+02 -9.677820416e+01 -9.677820416e+01 +0.0000e+00 +0.0000e+00 +5.0000e+00 +0.0000e+00 +0.0000e+00 +5.0000e+00 +0.0000e+00 +0.0000e+00 +0.0000e+00 +4.0000e+00 +0.0000e+00 +0.0000e+00 +0.0000e+00 +0.0000e+00 +0.0000e+00 +0.0000e+00 +0.0000e+00 +0.0000e+00 +0.0000e+00 +0.0000e+00
% function evaluation | noise-free fitness - Fopt (-1.520400000000e+02) | best noise-free fitness - Fopt | measured fitness | best measured fitness | x1 | x2...
1 +7.415751235e+03 +7.415751235e+03 +7.263711235e+03 +7.263711235e+03 +2.4000e+01 +1.8000e+01 +1.5000e+01 +1.9000e+01 +2.2000e+01 +1.8000e+01 +1.5000e+01 +8.0000e+00 +1.1000e+01 +1.6000e+01 +1.8000e+01 +2.6000e+01 +1.9000e+01 +2.5000e+01 +1.5000e+01 +2.2000e+01 +2.9000e+01 +2.2000e+01 +2.5000e+01 +1.0000e+01
13 +5.549269635e+03 +5.549269635e+03 +5.397229635e+03 +5.397229635e+03 +2.1000e+01 +1.1000e+01 +1.3000e+01 +1.3000e+01 +1.9000e+01 +1.3000e+01 +2.0000e+01 +1.9000e+01 +1.3000e+01 +1.3000e+01 +1.3000e+01 +2.0000e+01 +1.9000e+01 +1.3000e+01 +2.0000e+01 +2.0000e+01 +2.0000e+01 +1.3000e+01 +1.9000e+01 +1.9000e+01
30 +3.925133635e+03 +3.925133635e+03 +3.773093635e+03 +3.773093635e+03 +1.9000e+01 +1.3000e+01 +1.5000e+01 +1.5000e+01 +1.1000e+01 +1.5000e+01 +1.5000e+01 +1.3000e+01 +1.3000e+01 +1.3000e+01 +1.7000e+01 +1.1000e+01 +1.3000e+01 +1.1000e+01 +1.7000e+01 +1.7000e+01 +1.3000e+01 +1.3000e+01 +1.5000e+01 +1.3000e+01
36 +2.072370435e+03 +2.072370435e+03 +1.920330435e+03 +1.920330435e+03 +1.0000e+01 +1.0000e+01 +1.0000e+01 +1.0000e+01 +1.0000e+01 +1.0000e+01 +1.0000e+01 +1.0000e+01 +1.0000e+01 +1.0000e+01 +1.0000e+01 +1.0000e+01 +1.6000e+01 +1.0000e+01 +1.0000e+01 +8.0000e+00 +1.0000e+01 +1.0000e+01 +1.0000e+01 +1.0000e+01
40 +1.312575235e+03 +1.312575235e+03 +1.160535235e+03 +1.160535235e+03 +8.0000e+00 +8.0000e+00 +8.0000e+00 +8.0000e+00 +8.0000e+00 +8.0000e+00 +8.0000e+00 +8.0000e+00 +8.0000e+00 +1.4000e+01 +8.0000e+00 +8.0000e+00 +8.0000e+00 +8.0000e+00 +8.0000e+00 +8.0000e+00 +8.0000e+00 +8.0000e+00 +8.0000e+00 +8.0000e+00
44 +7.041720352e+02 +7.041720352e+02 +5.521320352e+02 +5.521320352e+02 +6.0000e+00 +6.0000e+00 +6.0000e+00 +6.0000e+00 +6.0000e+00 +6.0000e+00 +6.0000e+00 +6.0000e+00 +6.0000e+00 +6.0000e+00 +6.0000e+00 +6.0000e+00 +6.0000e+00 +6.0000e+00 +6.0000e+00 +6.0000e+00 +6.0000e+00 +6.0000e+00 +6.0000e+00 +6.0000e+00
46 +5.050856352e+02 +5.050856352e+02 +3.530456352e+02 +3.530456352e+02 +5.0000e+00 +5.0000e+00 +5.0000e+00 +5.0000e+00 +5.0000e+00 +5.0000e+00 +5.0000e+00 +5.0000e+00 +5.0000e+00 +5.0000e+00 +5.0000e+00 +5.0000e+00 +5.0000e+00 +5.0000e+00 +5.0000e+00 +5.0000e+00 +5.0000e+00 +5.0000e+00 +5.0000e+00 +5.0000e+00
48 +3.459992352e+02 +3.459992352e+02 +1.939592352e+02 +1.939592352e+02 +4.0000e+00 +4.0000e+00 +4.0000e+00 +4.0000e+00 +4.0000e+00 +4.0000e+00 +4.0000e+00 +4.0000e+00 +4.0000e+00 +4.0000e+00 +4.0000e+00 +4.0000e+00 +4.0000e+00 +4.0000e+00 +4.0000e+00 +4.0000e+00 +4.0000e+00 +4.0000e+00 +4.0000e+00 +4.0000e+00
50 +2.269128352e+02 +2.269128352e+02 +7.487283520e+01 +7.487283520e+01 +3.0000e+00 +3.0000e+00 +3.0000e+00 +3.0000e+00 +3.0000e+00 +3.0000e+00 +3.0000e+00 +3.0000e+00 +3.0000e+00 +3.0000e+00 +3.0000e+00 +3.0000e+00 +3.0000e+00 +3.0000e+00 +3.0000e+00 +3.0000e+00 +3.0000e+00 +3.0000e+00 +3.0000e+00 +3.0000e+00
52 +1.478264352e+02 +1.478264352e+02 -4.213564800e+00 -4.213564800e+00 +2.0000e+00 +2.0000e+00 +2.0000e+00 +2.0000e+00 +2.0000e+00 +2.0000e+00 +2.0000e+00 +2.0000e+00 +2.0000e+00 +2.0000e+00 +2.0000e+00 +2.0000e+00 +2.0000e+00 +2.0000e+00 +2.0000e+00 +2.0000e+00 +2.0000e+00 +2.0000e+00 +2.0000e+00 +2.0000e+00
% function evaluation | noise-free fitness - Fopt (-2.525000000000e+01) | best noise-free fitness - Fopt | measured fitness | best measured fitness | x1 | x2...
1 +7.329266828e+03 +7.329266828e+03 +7.304016828e+03 +7.304016828e+03 +1.3000e+01 +3.0000e+01 +1.6000e+01 +1.4000e+01 +1.0000e+00 +1.6000e+01 +2.2000e+01 +2.9000e+01 +2.9000e+01 +2.9000e+01 +0.0000e+00 +8.0000e+00 +1.2000e+01 +2.3000e+01 +2.7000e+01 +1.2000e+01 +1.6000e+01 +1.0000e+00 +1.2000e+01 +1.5000e+01
25 +5.883390028e+03 +5.883390028e+03 +5.858140028e+03 +5.858140028e+03 +1.7000e+01 +1.7000e+01 +1.7000e+01 +1.7000e+01 +1.7000e+01 +1.7000e+01 +1.7000e+01 +1.7000e+01 +1.7000e+01 +1.7000e+01 +1.7000e+01 +1.7000e+01 +1.7000e+01 +1.7000e+01 +1.7000e+01 +1.7000e+01 +1.7000e+01 +1.7000e+01 +1.7000e+01 +1.7000e+01
33 +3.475998028e+03 +3.475998028e+03 +3.450748028e+03 +3.450748028e+03 +1.3000e+01 +1.3000e+01 +1.3000e+01 +1.3000e+01 +1.3000e+01 +1.3000e+01 +1.3000e+01 +1.3000e+01 +1.3000e+01 +1.3000e+01 +1.3000e+01 +1.3000e+01 +1.3000e+01 +1.3000e+01 +1.3000e+01 +1.3000e+01 +1.3000e+01 +1.3000e+01 +1.3000e+01 +1.3000e+01
39 +2.090454028e+03 +2.090454028e+03 +2.065204028e+03 +2.065204028e+03 +1.0000e+01 +1.0000e+01 +1.0000e+01 +1.0000e+01 +1.0000e+01 +1.0000e+01 +1.0000e+01 +1.0000e+01 +1.0000e+01 +1.0000e+01 +1.0000e+01 +1.0000e+01 +1.0000e+01 +1.0000e+01 +1.0000e+01 +1.0000e+01 +1.0000e+01 +1.0000e+01 +1.0000e+01 +1.0000e+01
43 +1.366758028e+03 +1.366758028e+03 +1.341508028e+03 +1.341508028e+03 +8.0000e+00 +8.0000e+00 +8.0000e+00 +8.0000e+00 +8.0000e+00 +8.0000e+00 +8.0000e+00 +8.0000e+00 +8.0000e+00 +8.0000e+00 +8.0000e+00 +8.0000e+00 +8.0000e+00 +8.0000e+00 +8.0000e+00 +8.0000e+00 +8.0000e+00 +8.0000e+00 +8.0000e+00 +8.0000e+00
47 +8.030620282e+02 +8.030620282e+02 +7.778120282e+02 +7.778120282e+02 +6.0000e+00 +6.0000e+00 +6.0000e+00 +6.0000e+00 +6.0000e+00 +6.0000e+00 +6.0000e+00 +6.0000e+00 +6.0000e+00 +6.0000e+00 +6.0000e+00 +6.0000e+00 +6.0000e+00 +6.0000e+00 +6.0000e+00 +6.0000e+00 +6.0000e+00 +6.0000e+00 +6.0000e+00 +6.0000e+00
49 +5.812140282e+02 +5.812140282e+02 +5.559640282e+02 +5.559640282e+02 +5.0000e+00 +5.0000e+00 +5.0000e+00 +5.0000e+00 +5.0000e+00 +5.0000e+00 +5.0000e+00 +5.0000e+00 +5.0000e+00 +5.0000e+00 +5.0000e+00 +5.0000e+00 +5.0000e+00 +5.0000e+00 +5.0000e+00 +5.0000e+00 +5.0000e+00 +5.0000e+00 +5.0000e+00 +5.0000e+00
53 +2.575180282e+02 +2.575180282e+02 +2.322680282e+02 +2.322680282e+02 +3.0000e+00 +3.0000e+00 +3.0000e+00 +3.0000e+00 +3.0000e+00 +3.0000e+00 +3.0000e+00 +3.0000e+00 +3.0000e+00 +3.0000e+00 +3.0000e+00 +3.0000e+00 +3.0000e+00 +3.0000e+00 +3.0000e+00 +3.0000e+00 +3.0000e+00 +3.0000e+00 +3.0000e+00 +3.0000e+00
55 +1.556700282e+02 +1.556700282e+02 +1.304200282e+02 +1.304200282e+02 +2.0000e+00 +2.0000e+00 +2.0000e+00 +2.0000e+00 +2.0000e+00 +2.0000e+00 +2.0000e+00 +2.0000e+00 +2.0000e+00 +2.0000e+00 +2.0000e+00 +2.0000e+00 +2.0000e+00 +2.0000e+00 +2.0000e+00 +2.0000e+00 +2.0000e+00 +2.0000e+00 +2.0000e+00 +2.0000e+00
57 +9.382202816e+01 +9.382202816e+01 +6.857202816e+01 +6.857202816e+01 +1.0000e+00 +1.0000e+00 +1.0000e+00 +1.0000e+00 +1.0000e+00 +1.0000e+00 +1.0000e+00 +1.0000e+00 +1.0000e+00 +1.0000e+00 +1.0000e+00 +1.0000e+00 +1.0000e+00 +1.0000e+00 +1.0000e+00 +1.0000e+00 +1.0000e+00 +1.0000e+00 +1.0000e+00 +1.0000e+00
% function evaluation | noise-free fitness - Fopt (2.230000000000e+00) | best noise-free fitness - Fopt | measured fitness | best measured fitness | x1 | x2...
1 +8.710182583e+03 +8.710182583e+03 +8.712412583e+03 +8.712412583e+03 +1.5000e+01 +1.8000e+01 +1.4000e+01 +3.0000e+00 +2.3000e+01 +2.1000e+01 +1.7000e+01 +2.8000e+01 +2.0000e+01 +1.7000e+01 +2.1000e+01 +3.0000e+00 +1.4000e+01 +2.6000e+01 +2.3000e+01 +2.6000e+01 +2.3000e+01 +2.8000e+01 +1.8000e+01 +2.8000e+01
21 +5.805878583e+03 +5.805878583e+03 +5.808108583e+03 +5.808108583e+03 +1.8000e+01 +1.4000e+01 +1.8000e+01 +1.8000e+01 +1.8000e+01 +1.8000e+01 +1.8000e+01 +1.8000e+01 +1.8000e+01 +1.4000e+01 +1.4000e+01 +1.4000e+01 +1.8000e+01 +1.8000e+01 +1.8000e+01 +1.4000e+01 +1.8000e+01 +1.4000e+01 +1.4000e+01 +1.8000e+01
29 +3.835836983e+03 +3.835836983e+03 +3.838066983e+03 +3.838066983e+03 +1.4000e+01 +1.4000e+01 +1.0000e+01 +1.4000e+01 +1.4000e+01 +1.0000e+01 +1.4000e+01 +1.4000e+01 +1.4000e+01 +1.4000e+01 +1.4000e+01 +1.4000e+01 +1.4000e+01 +1.4000e+01 +1.4000e+01 +1.4000e+01 +1.4000e+01 +1.4000e+01 +1.0000e+01 +1.4000e+01
35 +2.349139383e+03 +2.349139383e+03 +2.351369383e+03 +2.351369383e+03 +1.1000e+01 +1.1000e+01 +1.1000e+01 +7.0000e+00 +7.0000e+00 +1.1000e+01 +1.1000e+01 +1.1000e+01 +1.1000e+01 +1.1000e+01 +7.0000e+00 +1.1000e+01 +1.1000e+01 +1.1000e+01 +1.1000e+01 +1.1000e+01 +1.1000e+01 +1.1000e+01 +7.0000e+00 +1.1000e+01
41 +1.351600183e+03 +1.351600183e+03 +1.353830183e+03 +1.353830183e+03 +0.0000e+00 +1.2000e+01 +8.0000e+00 +8.0000e+00 +8.0000e+00 +8.0000e+00 +8.0000e+00 +4.0000e+00 +8.0000e+00 +8.0000e+00 +4.0000e+00 +4.0000e+00 +8.0000e+00 +8.0000e+00 +8.0000e+00 +8.0000e+00 +4.0000e+00 +8.0000e+00 +8.0000e+00 +8.0000e+00
43 +8.498241830e+02 +8.498241830e+02 +8.520541830e+02 +8.520541830e+02 +7.0000e+00 +3.0000e+00 +7.0000e+00 +3.0000e+00 +3.0000e+00 +7.0000e+00 +0.0000e+00 +7.0000e+00 +7.0000e+00 +7.0000e+00 +3.0000e+00 +3.0000e+00 +7.0000e+00 +1.1000e+01 +3.0000e+00 +7.0000e+00 +7.0000e+00 +3.0000e+00 +7.0000e+00 +7.0000e+00
51 +6.137457830e+02 +6.137457830e+02 +6.159757830e+02 +6.159757830e+02 +7.0000e+00 +7.0000e+00 +0.0000e+00 +3.0000e+00 +7.0000e+00 +7.0000e+00 +0.0000e+00 +0.0000e+00 +0.0000e+00 +0.0000e+00 +0.0000e+00 +0.0000e+00 +7.0000e+00 +7.0000e+00 +7.0000e+00 +7.0000e+00 +7.0000e+00 +3.0000e+00 +0.0000e+00 +7.0000e+00
59 +3.132993830e+02 +3.132993830e+02 +3.155293830e+02 +3.155293830e+02 +3.0000e+00 +3.0000e+00 +3.0000e+00 +3.0000e+00 +3.0000e+00 +3.0000e+00 +3.0000e+00 +3.0000e+00 +3.0000e+00 +3.0000e+00 +3.0000e+00 +3.0000e+00 +3.0000e+00 +3.0000e+00 +3.0000e+00 +3.0000e+00 +3.0000e+00 +3.0000e+00 +3.0000e+00 +3.0000e+00
61 +2.050657830e+02 +2.050657830e+02 +2.072957830e+02 +2.072957830e+02 +2.0000e+00 +2.0000e+00 +2.0000e+00 +2.0000e+00 +2.0000e+00 +2.0000e+00 +2.0000e+00 +2.0000e+00 +2.0000e+00 +2.0000e+00 +2.0000e+00 +2.0000e+00 +2.0000e+00 +2.0000e+00 +2.0000e+00 +2.0000e+00 +2.0000e+00 +2.0000e+00 +2.0000e+00 +2.0000e+00
63 +1.368321830e+02 +1.368321830e+02 +1.390621830e+02 +1.390621830e+02 +1.0000e+00 +1.0000e+00 +1.0000e+00 +1.0000e+00 +1.0000e+00 +1.0000e+00 +1.0000e+00 +1.0000e+00 +1.0000e+00 +1.0000e+00 +1.0000e+00 +1.0000e+00 +1.0000e+00 +1.0000e+00 +1.0000e+00 +1.0000e+00 +1.0000e+00 +1.0000e+00 +1.0000e+00 +1.0000e+00
% function evaluation | noise-free fitness - Fopt (-1.308000000000e+01) | best noise-free fitness - Fopt | measured fitness | best measured fitness | x1 | x2...
1 +8.013969747e+03 +8.013969747e+03 +8.000889747e+03 +8.000889747e+03 +2.5000e+01 +2.1000e+01 +1.9000e+01 +2.3000e+01 +2.9000e+01 +1.8000e+01 +2.9000e+01 +3.0000e+00 +2.3000e+01 +1.8000e+01 +1.5000e+01 +1.6000e+01 +2.3000e+01 +1.5000e+01 +2.3000e+01 +2.3000e+01 +5.0000e+00 +3.0000e+00 +2.9000e+01 +1.0000e+01
25 +5.747288147e+03 +5.747288147e+03 +5.734208147e+03 +5.734208147e+03 +1.7000e+01 +1.7000e+01 +1.7000e+01 +1.7000e+01 +1.7000e+01 +1.7000e+01 +1.7000e+01 +1.7000e+01 +1.7000e+01 +1.7000e+01 +1.7000e+01 +1.7000e+01 +1.7000e+01 +1.7000e+01 +1.7000e+01 +1.7000e+01 +1.7000e+01 +1.7000e+01 +1.7000e+01 +1.7000e+01
31 +3.908460947e+03 +3.908460947e+03 +3.895380947e+03 +3.895380947e+03 +1.4000e+01 +1.4000e+01 +1.4000e+01 +1.4000e+01 +1.4000e+01 +1.4000e+01 +1.4000e+01 +1.4000e+01 +1.4000e+01 +1.4000e+01 +1.4000e+01 +1.4000e+01 +1.4000e+01 +1.4000e+01 +1.4000e+01 +1.4000e+01 +1.4000e+01 +1.4000e+01 +1.4000e+01 +1.4000e+01
37 +2.429633747e+03 +2.429633747e+03 +2.416553747e+03 +2.416553747e+03 +1.1000e+01 +1.1000e+01 +1.1000e+01 +1.1000e+01 +1.1000e+01 +1.1000e+01 +1.1000e+01 +1.1000e+01 +1.1000e+01 +1.1000e+01 +1.1000e+01 +1.1000e+01 +1.1000e+01 +1.1000e+01 +1.1000e+01 +1.1000e+01 +1.1000e+01 +1.1000e+01 +1.1000e+01 +1.1000e+01
43 +1.310806547e+03 +1.310806547e+03 +1.297726547e+03 +1.297726547e+03 +8.0000e+00 +8.0000e+00 +8.0000e+00 +8.0000e+00 +8.0000e+00 +8.0000e+00 +8.0000e+00 +8.0000e+00 +8.0000e+00 +8.0000e+00 +8.0000e+00 +8.0000e+00 +8.0000e+00 +8.0000e+00 +8.0000e+00 +8.0000e+00 +8.0000e+00 +8.0000e+00 +8.0000e+00 +8.0000e+00
47 +7.649217466e+02 +7.649217466e+02 +7.518417466e+02 +7.518417466e+02 +6.0000e+00 +6.0000e+00 +6.0000e+00 +6.0000e+00 +6.0000e+00 +6.0000e+00 +6.0000e+00 +6.0000e+00 +6.0000e+00 +6.0000e+00 +6.0000e+00 +6.0000e+00 +6.0000e+00 +6.0000e+00 +6.0000e+00 +6.0000e+00 +6.0000e+00 +6.0000e+00 +6.0000e+00 +6.0000e+00
49 +5.519793466e+02 +5.519793466e+02 +5.388993466e+02 +5.388993466e+02 +5.0000e+00 +5.0000e+00 +5.0000e+00 +5.0000e+00 +5.0000e+00 +5.0000e+00 +5.0000e+00 +5.0000e+00 +5.0000e+00 +5.0000e+00 +5.0000e+00 +5.0000e+00 +5.0000e+00 +5.0000e+00 +5.0000e+00 +5.0000e+00 +5.0000e+00 +5.0000e+00 +5.0000e+00 +5.0000e+00
51 +3.790369466e+02 +3.790369466e+02 +3.659569466e+02 +3.659569466e+02 +4.0000e+00 +4.0000e+00 +4.0000e+00 +4.0000e+00 +4.0000e+00 +4.0000e+00 +4.0000e+00 +4.0000e+00 +4.0000e+00 +4.0000e+00 +4.0000e+00 +4.0000e+00 +4.0000e+00 +4.0000e+00 +4.0000e+00 +4.0000e+00 +4.0000e+00 +4.0000e+00 +4.0000e+00 +4.0000e+00
53 +2.460945466e+02 +2.460945466e+02 +2.330145466e+02 +2.330145466e+02 +3.0000e+00 +3.0000e+00 +3.0000e+00 +3.0000e+00 +3.0000e+00 +3.0000e+00 +3.0000e+00 +3.0000e+00 +3.0000e+00 +3.0000e+00 +3.0000e+00 +3.0000e+00 +3.0000e+00 +3.0000e+00 +3.0000e+00 +3.0000e+00 +3.0000e+00 +3.0000e+00 +3.0000e+00 +3.0000e+00
55 +1.531521466e+02 +1.531521466e+02 +1.400721466e+02 +1.400721466e+02 +2.0000e+00 +2.0000e+00 +2.0000e+00 +2.0000e+00 +2.0000e+00 +2.0000e+00 +2.0000e+00 +2.0000e+00 +2.0000e+00 +2.0000e+00 +2.0000e+00 +2.0000e+00 +2.0000e+00 +2.0000e+00 +2.0000e+00 +2.0000e+00 +2.0000e+00 +2.0000e+00 +2.0000e+00 +2.0000e+00
59 +8.726734656e+01 +8.726734656e+01 +7.418734656e+01 +7.418734656e+01 +0.0000e+00 +0.0000e+00 +0.0000e+00 +0.0000e+00 +0.0000e+00 +0.0000e+00 +0.0000e+00 +0.0000e+00 +0.0000e+00 +0.0000e+00 +0.0000e+00 +0.0000e+00 +0.0000e+00 +0.0000e+00 +0.0000e+00 +0.0000e+00 +0.0000e+00 +0.0000e+00 +0.0000e+00 +0.0000e+00
% function evaluation | noise-free fitness - Fopt (2.671600000000e+02) | best noise-free fitness - Fopt | measured fitness | best measured fitness | x1 | x2...
1 +9.755113784e+03 +9.755113784e+03 +1.002227378e+04 +1.002227378e+04 +2.6000e+01 +1.7000e+01 +1.0000e+01 +3.0000e+01 +1.0000e+01 +2.6000e+01 +3.0000e+01 +1.6000e+01 +3.0000e+00 +1.6000e+01 +3.0000e+01 +2.0000e+00 +2.6000e+01 +2.0000e+00 +2.8000e+01 +0.0000e+00 +1.7000e+01 +3.0000e+01 +1.7000e+01 +3.0000e+01
20 +5.922179384e+03 +5.922179384e+03 +6.189339384e+03 +6.189339384e+03 +8.0000e+00 +2.3000e+01 +1.6000e+01 +1.6000e+01 +1.6000e+01 +1.6000e+01 +1.6000e+01 +1.6000e+01 +1.6000e+01 +1.6000e+01 +1.6000e+01 +1.6000e+01 +1.6000e+01 +1.6000e+01 +1.6000e+01 +1.6000e+01 +1.6000e+01 +1.6000e+01 +1.6000e+01 +1.6000e+01
24 +3.448561784e+03 +3.448561784e+03 +3.715721784e+03 +3.715721784e+03 +6.0000e+00 +6.0000e+00 +1.4000e+01 +1.4000e+01 +1.4000e+01 +1.4000e+01 +1.4000e+01 +1.4000e+01 +1.4000e+01 +1.4000e+01 +6.0000e+00 +1.4000e+01 +1.4000e+01 +6.0000e+00 +1.4000e+01 +6.0000e+00 +1.4000e+01 +1.4000e+01 +6.0000e+00 +1.4000e+01
28 +1.951531384e+03 +1.951531384e+03 +2.218691384e+03 +2.218691384e+03 +1.2000e+01 +1.2000e+01 +1.2000e+01 +4.0000e+00 +1.2000e+01 +4.0000e+00 +4.0000e+00 +4.0000e+00 +4.0000e+00 +1.2000e+01 +4.0000e+00 +1.2000e+01 +1.2000e+01 +4.0000e+00 +1.2000e+01 +1.2000e+01 +4.0000e+00 +4.0000e+00 +1.2000e+01 +4.0000e+00
30 +1.465960184e+03 +1.465960184e+03 +1.733120184e+03 +1.733120184e+03 +3.0000e+00 +1.1000e+01 +1.1000e+01 +3.0000e+00 +3.0000e+00 +1.1000e+01 +3.0000e+00 +3.0000e+00 +3.0000e+00 +3.0000e+00 +1.1000e+01 +3.0000e+00 +1.1000e+01 +3.0000e+00 +1.1000e+01 +3.0000e+00 +3.0000e+00 +1.1000e+01 +1.1000e+01 +3.0000e+00
34 +2.612561843e+02 +2.612561843e+02 +5.284161843e+02 +5.284161843e+02 +1.0000e+00 +1.0000e+00 +1.0000e+00 +1.0000e+00 +9.0000e+00 +1.0000e+00 +1.0000e+00 +1.0000e+00 +1.0000e+00 +1.0000e+00 +1.0000e+00 +1.0000e+00 +1.0000e+00 +1.0000e+00 +1.0000e+00 +1.0000e+00 +1.0000e+00 +1.0000e+00 +9.0000e+00 +1.0000e+00
40 +1.991985843e+02 +1.991985843e+02 +4.663585843e+02 +4.663585843e+02 +0.0000e+00 +0.0000e+00 +0.0000e+00 +6.0000e+00 +0.0000e+00 +0.0000e+00 +0.0000e+00 +0.0000e+00 +0.0000e+00 +0.0000e+00 +0.0000e+00 +6.0000e+00 +0.0000e+00 +0.0000e+00 +0.0000e+00 +0.0000e+00 +0.0000e+00 +6.0000e+00 +0.0000e+00 +0.0000e+00
42 +1.038129843e+02 +1.038129843e+02 +3.709729843e+02 +3.709729843e+02 +0.0000e+00 +0.0000e+00 +0.0000e+00 +0.0000e+00 +0.0000e+00 +0.0000e+00 +0.0000e+00 +0.0000e+00 +0.0000e+00 +0.0000e+00 +0.0000e+00 +0.0000e+00 +0.0000e+00 +0.0000e+00 +0.0000e+00 +0.0000e+00 +0.0000e+00 +0.0000e+00 +0.0000e+00 +0.0000e+00
% function evaluation | noise-free fitness - Fopt (3.710000000000e+00) | best noise-free fitness - Fopt | measured fitness | best measured fitness | x1 | x2...
1 +9.950322909e+03 +9.950322909e+03 +9.954032909e+03 +9.954032909e+03 +1.5000e+01 +1.5000e+01 +2.6000e+01 +1.9000e+01 +1.5000e+01 +3.0000e+01 +1.9000e+01 +3.0000e+01 +2.2000e+01 +2.6000e+01 +2.2000e+01 +2.6000e+01 +2.0000e+00 +2.6000e+01 +2.0000e+00 +3.0000e+01 +1.3000e+01 +1.9000e+01 +2.6000e+01 +1.9000e+01
26 +5.663452509e+03 +5.663452509e+03 +5.667162509e+03 +5.667162509e+03 +1.6000e+01 +1.6000e+01 +1.6000e+01 +1.6000e+01 +1.6000e+01 +1.6000e+01 +1.6000e+01 +1.6000e+01 +1.6000e+01 +1.6000e+01 +1.6000e+01 +1.6000e+01 +1.6000e+01 +1.6000e+01 +1.6000e+01 +1.6000e+01 +1.6000e+01 +1.6000e+01 +1.6000e+01 +1.6000e+01
32 +3.839558109e+03 +3.839558109e+03 +3.843268109e+03 +3.843268109e+03 +1.3000e+01 +1.3000e+01 +1.3000e+01 +1.3000e+01 +1.3000e+01 +1.3000e+01 +1.3000e+01 +1.3000e+01 +1.3000e+01 +1.3000e+01 +1.3000e+01 +1.3000e+01 +1.3000e+01 +1.3000e+01 +1.3000e+01 +1.3000e+01 +1.3000e+01 +1.3000e+01 +1.3000e+01 +1.3000e+01
38 +2.375663709e+03 +2.375663709e+03 +2.379373709e+03 +2.379373709e+03 +1.0000e+01 +1.0000e+01 +1.0000e+01 +1.0000e+01 +1.0000e+01 +1.0000e+01 +1.0000e+01 +1.0000e+01 +1.0000e+01 +1.0000e+01 +1.0000e+01 +1.0000e+01 +1.0000e+01 +1.0000e+01 +1.0000e+01 +1.0000e+01 +1.0000e+01 +1.0000e+01 +1.0000e+01 +1.0000e+01
44 +1.271769309e+03 +1.271769309e+03 +1.275479309e+03 +1.275479309e+03 +7.0000e+00 +7.0000e+00 +7.0000e+00 +7.0000e+00 +7.0000e+00 +7.0000e+00 +7.0000e+00 +7.0000e+00 +7.0000e+00 +7.0000e+00 +7.0000e+00 +7.0000e+00 +7.0000e+00 +7.0000e+00 +7.0000e+00 +7.0000e+00 +7.0000e+00 +7.0000e+00 +7.0000e+00 +7.0000e+00
46 +9.838045094e+02 +9.838045094e+02 +9.875145094e+02 +9.875145094e+02 +6.0000e+00 +6.0000e+00 +6.0000e+00 +6.0000e+00 +6.0000e+00 +6.0000e+00 +6.0000e+00 +6.0000e+00 +6.0000e+00 +6.0000e+00 +6.0000e+00 +6.0000e+00 +6.0000e+00 +6.0000e+00 +6.0000e+00 +6.0000e+00 +6.0000e+00 +6.0000e+00 +6.0000e+00 +6.0000e+00
50 +5.278749094e+02 +5.278749094e+02 +5.315849094e+02 +5.315849094e+02 +4.0000e+00 +4.0000e+00 +4.0000e+00 +4.0000e+00 +4.0000e+00 +4.0000e+00 +4.0000e+00 +4.0000e+00 +4.0000e+00 +4.0000e+00 +4.0000e+00 +4.0000e+00 +4.0000e+00 +4.0000e+00 +4.0000e+00 +4.0000e+00 +4.0000e+00 +4.0000e+00 +4.0000e+00 +4.0000e+00
52 +3.599101094e+02 +3.599101094e+02 +3.636201094e+02 +3.636201094e+02 +3.0000e+00 +3.0000e+00 +3.0000e+00 +3.0000e+00 +3.0000e+00 +3.0000e+00 +3.0000e+00 +3.0000e+00 +3.0000e+00 +3.0000e+00 +3.0000e+00 +3.0000e+00 +3.0000e+00 +3.0000e+00 +3.0000e+00 +3.0000e+00 +3.0000e+00 +3.0000e+00 +3.0000e+00 +3.0000e+00
54 +2.319453094e+02 +2.319453094e+02 +2.356553094e+02 +2.356553094e+02 +2.0000e+00 +2.0000e+00 +2.0000e+00 +2.0000e+00 +2.0000e+00 +2.0000e+00 +2.0000e+00 +2.0000e+00 +2.0000e+00 +2.0000e+00 +2.0000e+00 +2.0000e+00 +2.0000e+00 +2.0000e+00 +2.0000e+00 +2.0000e+00 +2.0000e+00 +2.0000e+00 +2.0000e+00 +2.0000e+00
56 +1.439805094e+02 +1.439805094e+02 +1.476905094e+02 +1.476905094e+02 +1.0000e+00 +1.0000e+00 +1.0000e+00 +1.0000e+00 +1.0000e+00 +1.0000e+00 +1.0000e+00 +1.0000e+00 +1.0000e+00 +1.0000e+00 +1.0000e+00 +1.0000e+00 +1.0000e+00 +1.0000e+00 +1.0000e+00 +1.0000e+00 +1.0000e+00 +1.0000e+00 +1.0000e+00 +1.0000e+00
58 +9.601570944e+01 +9.601570944e+01 +9.972570944e+01 +9.972570944e+01 +0.0000e+00 +0.0000e+00 +0.0000e+00 +0.0000e+00 +0.0000e+00 +0.0000e+00 +0.0000e+00 +0.0000e+00 +0.0000e+00 +0.0000e+00 +0.0000e+00 +0.0000e+00 +0.0000e+00 +0.0000e+00 +0.0000e+00 +0.0000e+00 +0.0000e+00 +0.0000e+00 +0.0000e+00 +0.0000e+00
% function evaluation | noise-free fitness - Fopt (9.478000000000e+01) | best noise-free fitness - Fopt | measured fitness | best measured fitness | x1 | x2...
1 +7.233213433e+03 +7.233213433e+03 +7.327993433e+03 +7.327993433e+03 +3.0000e+01 +6.0000e+00 +2.6000e+01 +5.0000e+00 +2.6000e+01 +2.0000e+01 +2.8000e+01 +6.0000e+00 +2.5000e+01 +1.3000e+01 +1.3000e+01 +3.0000e+01 +5.0000e+00 +2.6000e+01 +6.0000e+00 +2.5000e+01 +2.4000e+01 +1.3000e+01 +5.0000e+00 +1.3000e+01
3 +5.938003833e+03 +5.938003833e+03 +6.032783833e+03 +6.032783833e+03 +5.0000e+00 +5.0000e+00 +2.5000e+01 +4.0000e+00 +2.9000e+01 +4.0000e+00 +1.2000e+01 +1.9000e+01 +1.9000e+01 +1.2000e+01 +2.4000e+01 +4.0000e+00 +5.0000e+00 +2.7000e+01 +2.5000e+01 +2.9000e+01 +5.0000e+00 +1.9000e+01 +2.3000e+01 +5.0000e+00
22 +3.803288633e+03 +3.803288633e+03 +3.898068633e+03 +3.898068633e+03 +1.4000e+01 +1.4000e+01 +1.4000e+01 +1.4000e+01 +1.4000e+01 +1.4000e+01 +1.4000e+01 +1.4000e+01 +1.4000e+01 +1.4000e+01 +1.4000e+01 +1.4000e+01 +1.4000e+01 +1.4000e+01 +1.4000e+01 +1.4000e+01 +1.4000e+01 +1.4000e+01 +1.4000e+01 +1.4000e+01
28 +2.352675833e+03 +2.352675833e+03 +2.447455833e+03 +2.447455833e+03 +1.1000e+01 +1.1000e+01 +1.1000e+01 +1.1000e+01 +1.1000e+01 +1.1000e+01 +1.1000e+01 +1.1000e+01 +1.1000e+01 +1.1000e+01 +1.1000e+01 +1.1000e+01 +1.1000e+01 +1.1000e+01 +1.1000e+01 +1.1000e+01 +1.1000e+01 +1.1000e+01 +1.1000e+01 +1.1000e+01
34 +1.262063033e+03 +1.262063033e+03 +1.356843033e+03 +1.356843033e+03 +8.0000e+00 +8.0000e+00 +8.0000e+00 +8.0000e+00 +8.0000e+00 +8.0000e+00 +8.0000e+00 +8.0000e+00 +8.0000e+00 +8.0000e+00 +8.0000e+00 +8.0000e+00 +8.0000e+00 +8.0000e+00 +8.0000e+00 +8.0000e+00 +8.0000e+00 +8.0000e+00 +8.0000e+00 +8.0000e+00
36 +9.785254330e+02 +9.785254330e+02 +1.073305433e+03 +1.073305433e+03 +7.0000e+00 +7.0000e+00 +7.0000e+00 +7.0000e+00 +7.0000e+00 +7.0000e+00 +7.0000e+00 +7.0000e+00 +7.0000e+00 +7.0000e+00 +7.0000e+00 +7.0000e+00 +7.0000e+00 +7.0000e+00 +7.0000e+00 +7.0000e+00 +7.0000e+00 +7.0000e+00 +7.0000e+00 +7.0000e+00
40 +5.314502330e+02 +5.314502330e+02 +6.262302330e+02 +6.262302330e+02 +5.0000e+00 +5.0000e+00 +5.0000e+00 +5.0000e+00 +5.0000e+00 +5.0000e+00 +5.0000e+00 +5.0000e+00 +5.0000e+00 +5.0000e+00 +5.0000e+00 +5.0000e+00 +5.0000e+00 +5.0000e+00 +5.0000e+00 +5.0000e+00 +5.0000e+00 +5.0000e+00 +5.0000e+00 +5.0000e+00
42 +3.679126330e+02 +3.679126330e+02 +4.626926330e+02 +4.626926330e+02 +4.0000e+00 +4.0000e+00 +4.0000e+00 +4.0000e+00 +4.0000e+00 +4.0000e+00 +4.0000e+00 +4.0000e+00 +4.0000e+00 +4.0000e+00 +4.0000e+00 +4.0000e+00 +4.0000e+00 +4.0000e+00 +4.0000e+00 +4.0000e+00 +4.0000e+00 +4.0000e+00 +4.0000e+00 +4.0000e+00
44 +2.443750330e+02 +2.443750330e+02 +3.391550330e+02 +3.391550330e+02 +3.0000e+00 +3.0000e+00 +3.0000e+00 +3.0000e+00 +3.0000e+00 +3.0000e+00 +3.0000e+00 +3.0000e+00 +3.0000e+00 +3.0000e+00 +3.0000e+00 +3.0000e+00 +3.0000e+00 +3.0000e+00 +3.0000e+00 +3.0000e+00 +3.0000e+00 +3.0000e+00 +3.0000e+00 +3.0000e+00
48 +1.172998330e+02 +1.172998330e+02 +2.120798330e+02 +2.120798330e+02 +1.0000e+00 +1.0000e+00 +1.0000e+00 +1.0000e+00 +1.0000e+00 +1.0000e+00 +1.0000e+00 +1.0000e+00 +1.0000e+00 +1.0000e+00 +1.0000e+00 +1.0000e+00 +1.0000e+00 +1.0000e+00 +1.0000e+00 +1.0000e+00 +1.0000e+00 +1.0000e+00 +1.0000e+00 +1.0000e+00
% function evaluation | noise-free fitness - Fopt (2.339200000000e+02) | best noise-free fitness - Fopt | measured fitness | best measured fitness | x1 | x2...
1 +9.240135820e+03 +9.240135820e+03 +9.474055820e+03 +9.474055820e+03 +1.7000e+01 +1.7000e+01 +2.9000e+01 +1.0000e+01 +2.9000e+01 +4.0000e+00 +1.7000e+01 +1.5000e+01 +4.0000e+00 +2.9000e+01 +1.6000e+01 +2.9000e+01 +2.9000e+01 +1.4000e+01 +2.9000e+01 +1.7000e+01 +1.5000e+01 +7.0000e+00 +2.9000e+01 +2.9000e+01
8 +4.167022220e+03 +4.167022220e+03 +4.400942220e+03 +4.400942220e+03 +1.1000e+01 +2.7000e+01 +1.1000e+01 +1.1000e+01 +1.1000e+01 +2.3000e+01 +1.1000e+01 +1.1000e+01 +1.1000e+01 +1.1000e+01 +1.1000e+01 +1.1000e+01 +1.1000e+01 +2.7000e+01 +1.1000e+01 +1.1000e+01 +2.0000e+00 +1.8000e+01 +1.1000e+01 +1.1000e+01
12 +3.148879820e+03 +3.148879820e+03 +3.382799820e+03 +3.382799820e+03 +2.1000e+01 +9.0000e+00 +9.0000e+00 +9.0000e+00 +2.1000e+01 +2.1000e+01 +2.1000e+01 +9.0000e+00 +9.0000e+00 +9.0000e+00 +9.0000e+00 +9.0000e+00 +9.0000e+00 +9.0000e+00 +9.0000e+00 +9.0000e+00 +9.0000e+00 +9.0000e+00 +9.0000e+00 +9.0000e+00
14 +2.510537420e+03 +2.510537420e+03 +2.744457420e+03 +2.744457420e+03 +8.0000e+00 +8.0000e+00 +8.0000e+00 +8.0000e+00 +8.0000e+00 +8.0000e+00 +8.0000e+00 +8.0000e+00 +8.0000e+00 +8.0000e+00 +2.0000e+01 +8.0000e+00 +8.0000e+00 +8.0000e+00 +8.0000e+00 +8.0000e+00 +8.0000e+00 +2.0000e+01 +2.0000e+01 +8.0000e+00
18 +1.364604620e+03 +1.364604620e+03 +1.598524620e+03 +1.598524620e+03 +6.0000e+00 +1.8000e+01 +6.0000e+00 +6.0000e+00 +6.0000e+00 +6.0000e+00 +6.0000e+00 +1.8000e+01 +6.0000e+00 +6.0000e+00 +6.0000e+00 +6.0000e+00 +6.0000e+00 +6.0000e+00 +6.0000e+00 +6.0000e+00 +6.0000e+00 +6.0000e+00 +6.0000e+00 +6.0000e+00
20 +5.959134195e+02 +5.959134195e+02 +8.298334195e+02 +8.298334195e+02 +5.0000e+00 +5.0000e+00 +5.0000e+00 +5.0000e+00 +5.0000e+00 +5.0000e+00 +5.0000e+00 +5.0000e+00 +5.0000e+00 +5.0000e+00 +5.0000e+00 +5.0000e+00 +5.0000e+00 +5.0000e+00 +5.0000e+00 +5.0000e+00 +5.0000e+00 +5.0000e+00 +5.0000e+00 +5.0000e+00
24 +2.680926195e+02 +2.680926195e+02 +5.020126195e+02 +5.020126195e+02 +3.0000e+00 +3.0000e+00 +3.0000e+00 +3.0000e+00 +3.0000e+00 +3.0000e+00 +3.0000e+00 +3.0000e+00 +3.0000e+00 +3.0000e+00 +3.0000e+00 +3.0000e+00 +3.0000e+00 +3.0000e+00 +3.0000e+00 +3.0000e+00 +3.0000e+00 +3.0000e+00 +3.0000e+00 +3.0000e+00
26 +1.641822195e+02 +1.641822195e+02 +3.981022195e+02 +3.981022195e+02 +2.0000e+00 +2.0000e+00 +2.0000e+00 +2.0000e+00 +2.0000e+00 +2.0000e+00 +2.0000e+00 +2.0000e+00 +2.0000e+00 +2.0000e+00 +2.0000e+00 +2.0000e+00 +2.0000e+00 +2.0000e+00 +2.0000e+00 +2.0000e+00 +2.0000e+00 +2.0000e+00 +2.0000e+00 +2.0000e+00
28 +1.002718195e+02 +1.002718195e+02 +3.341918195e+02 +3.341918195e+02 +1.0000e+00 +1.0000e+00 +1.0000e+00 +1.0000e+00 +1.0000e+00 +1.0000e+00 +1.0000e+00 +1.0000e+00 +1.0000e+00 +1.0000e+00 +1.0000e+00 +1.0000e+00 +1.0000e+00 +1.0000e+00 +1.0000e+00 +1.0000e+00 +1.0000e+00 +1.0000e+00 +1.0000e+00 +1.0000e+00
30 +7.636141952e+01 +7.636141952e+01 +3.102814195e+02 +3.102814195e+02 +0.0000e+00 +0.0000e+00 +0.0000e+00 +0.0000e+00 +0.0000e+00 +0.0000e+00 +0.0000e+00 +0.0000e+00 +0.0000e+00 +0.0000e+00 +0.0000e+00 +0.0000e+00 +0.0000e+00 +0.0000e+00 +0.0000e+00 +0.0000e+00 +0.0000e+00 +0.0000e+00 +0.0000e+00 +0.0000e+00
% function evaluation | noise-free fitness - Fopt (-6.092000000000e+01) | best noise-free fitness - Fopt | measured fitness | best measured fitness | x1 | x2...
1 +1.135529484e+04 +1.135529484e+04 +1.129437484e+04 +1.129437484e+04 +2.6000e+01 +1.9000e+01 +2.9000e+01 +1.0000e+01 +2.9000e+01 +2.9000e+01 +1.9000e+01 +1.9000e+01 +6.0000e+00 +3.0000e+01 +1.0000e+01 +2.9000e+01 +3.0000e+01 +2.9000e+01 +3.0000e+01 +2.6000e+01 +1.2000e+01 +2.2000e+01 +6.0000e+00 +3.0000e+01
2 +7.288027636e+03 +7.288027636e+03 +7.227107636e+03 +7.227107636e+03 +2.4000e+01 +1.9000e+01 +1.8000e+01 +2.4000e+01 +1.8000e+01 +1.3000e+01 +1.9000e+01 +1.9000e+01 +8.0000e+00 +8.0000e+00 +2.4000e+01 +1.8000e+01 +2.1000e+01 +1.3000e+01 +2.1000e+01 +2.4000e+01 +2.8000e+01 +9.0000e+00 +8.0000e+00 +2.1000e+01
6 +4.966141236e+03 +4.966141236e+03 +4.905221236e+03 +4.905221236e+03 +1.1000e+01 +1.1000e+01 +1.9000e+01 +1.1000e+01 +1.1000e+01 +1.6000e+01 +1.1000e+01 +1.9000e+01 +1.6000e+01 +1.1000e+01 +1.9000e+01 +1.7000e+01 +1.6000e+01 +1.9000e+01 +1.1000e+01 +1.1000e+01 +2.2000e+01 +2.2000e+01 +1.1000e+01 +1.9000e+01
10 +3.959690036e+03 +3.959690036e+03 +3.898770036e+03 +3.898770036e+03 +9.0000e+00 +9.0000e+00 +1.7000e+01 +1.7000e+01 +9.0000e+00 +9.0000e+00 +9.0000e+00 +1.7000e+01 +9.0000e+00 +2.0000e+01 +1.4000e+01 +1.7000e+01 +9.0000e+00 +9.0000e+00 +1.7000e+01 +9.0000e+00 +1.7000e+01 +1.7000e+01 +1.7000e+01 +1.7000e+01
39 +2.113280436e+03 +2.113280436e+03 +2.052360436e+03 +2.052360436e+03 +1.0000e+01 +1.0000e+01 +1.0000e+01 +1.0000e+01 +1.0000e+01 +1.0000e+01 +1.0000e+01 +1.0000e+01 +1.0000e+01 +1.0000e+01 +1.0000e+01 +1.0000e+01 +1.0000e+01 +1.0000e+01 +1.0000e+01 +1.0000e+01 +1.0000e+01 +1.0000e+01 +1.0000e+01 +1.0000e+01
43 +1.391526836e+03 +1.391526836e+03 +1.330606836e+03 +1.330606836e+03 +8.0000e+00 +8.0000e+00 +8.0000e+00 +8.0000e+00 +8.0000e+00 +8.0000e+00 +8.0000e+00 +8.0000e+00 +8.0000e+00 +8.0000e+00 +8.0000e+00 +8.0000e+00 +8.0000e+00 +8.0000e+00 +8.0000e+00 +8.0000e+00 +8.0000e+00 +8.0000e+00 +8.0000e+00 +8.0000e+00
47 +8.297732365e+02 +8.297732365e+02 +7.688532365e+02 +7.688532365e+02 +6.0000e+00 +6.0000e+00 +6.0000e+00 +6.0000e+00 +6.0000e+00 +6.0000e+00 +6.0000e+00 +6.0000e+00 +6.0000e+00 +6.0000e+00 +6.0000e+00 +6.0000e+00 +6.0000e+00 +6.0000e+00 +6.0000e+00 +6.0000e+00 +6.0000e+00 +6.0000e+00 +6.0000e+00 +6.0000e+00
49 +6.088964365e+02 +6.088964365e+02 +5.479764365e+02 +5.479764365e+02 +5.0000e+00 +5.0000e+00 +5.0000e+00 +5.0000e+00 +5.0000e+00 +5.0000e+00 +5.0000e+00 +5.0000e+00 +5.0000e+00 +5.0000e+00 +5.0000e+00 +5.0000e+00 +5.0000e+00 +5.0000e+00 +5.0000e+00 +5.0000e+00 +5.0000e+00 +5.0000e+00 +5.0000e+00 +5.0000e+00
53 +2.871428365e+02 +2.871428365e+02 +2.262228365e+02 +2.262228365e+02 +3.0000e+00 +3.0000e+00 +3.0000e+00 +3.0000e+00 +3.0000e+00 +3.0000e+00 +3.0000e+00 +3.0000e+00 +3.0000e+00 +3.0000e+00 +3.0000e+00 +3.0000e+00 +3.0000e+00 +3.0000e+00 +3.0000e+00 +3.0000e+00 +3.0000e+00 +3.0000e+00 +3.0000e+00 +3.0000e+00
55 +1.862660365e+02 +1.862660365e+02 +1.253460365e+02 +1.253460365e+02 +2.0000e+00 +2.0000e+00 +2.0000e+00 +2.0000e+00 +2.0000e+00 +2.0000e+00 +2.0000e+00 +2.0000e+00 +2.0000e+00 +2.0000e+00 +2.0000e+00 +2.0000e+00 +2.0000e+00 +2.0000e+00 +2.0000e+00 +2.0000e+00 +2.0000e+00 +2.0000e+00 +2.0000e+00 +2.0000e+00
57 +1.253892365e+02 +1.253892365e+02 +6.446923648e+01 +6.446923648e+01 +1.0000e+00 +1.0000e+00 +1.0000e+00 +1.0000e+00 +1.0000e+00 +1.0000e+00 +1.0000e+00 +1.0000e+00 +1.0000e+00 +1.0000e+00 +1.0000e+00 +1.0000e+00 +1.0000e+00 +1.0000e+00 +1.0000e+00 +1.0000e+00 +1.0000e+00 +1.0000e+00 +1.0000e+00 +1.0000e+00
% function evaluation | noise-free fitness - Fopt (-1.948000000000e+01) | best noise-free fitness - Fopt | measured fitness | best measured fitness | x1 | x2...
1 +7.845103372e+03 +7.845103372e+03 +7.825623372e+03 +7.825623372e+03 +1.3000e+01 +2.6000e+01 +8.0000e+00 +2.3000e+01 +1.6000e+01 +2.3000e+01 +8.0000e+00 +1.1000e+01 +2.9000e+01 +1.1000e+01 +2.4000e+01 +2.2000e+01 +2.2000e+01 +1.2000e+01 +2.2000e+01 +2.8000e+01 +2.4000e+01 +1.2000e+01 +2.9000e+01 +8.0000e+00
17 +6.021472972e+03 +6.021472972e+03 +6.001992972e+03 +6.001992972e+03 +1.6000e+01 +2.0000e+01 +1.6000e+01 +2.0000e+01 +1.6000e+01 +2.0000e+01 +2.0000e+01 +1.6000e+01 +1.6000e+01 +1.6000e+01 +2.0000e+01 +1.6000e+01 +1.6000e+01 +1.6000e+01 +2.0000e+01 +1.6000e+01 +1.6000e+01 +2.0000e+01 +1.6000e+01 +1.6000e+01
27 +3.573205772e+03 +3.573205772e+03 +3.553725772e+03 +3.553725772e+03 +3.1000e+01 +1.1000e+01 +1.1000e+01 +0.0000e+00 +1.1000e+01 +0.0000e+00 +1.1000e+01 +1.1000e+01 +0.0000e+00 +1.1000e+01 +1.1000e+01 +1.1000e+01 +1.5000e+01 +0.0000e+00 +2.7000e+01 +1.1000e+01 +1.1000e+01 +1.1000e+01 +1.1000e+01 +1.1000e+01
46 +1.006808972e+03 +1.006808972e+03 +9.873289722e+02 +9.873289722e+02 +5.0000e+00 +5.0000e+00 +5.0000e+00 +5.0000e+00 +5.0000e+00 +5.0000e+00 +5.0000e+00 +5.0000e+00 +5.0000e+00 +5.0000e+00 +5.0000e+00 +5.0000e+00 +5.0000e+00 +5.0000e+00 +5.0000e+00 +5.0000e+00 +2.1000e+01 +5.0000e+00 +5.0000e+00 +5.0000e+00
48 +7.081993722e+02 +7.081993722e+02 +6.887193722e+02 +6.887193722e+02 +4.0000e+00 +4.0000e+00 +4.0000e+00 +2.0000e+01 +4.0000e+00 +4.0000e+00 +4.0000e+00 +4.0000e+00 +4.0000e+00 +4.0000e+00 +4.0000e+00 +4.0000e+00 +4.0000e+00 +4.0000e+00 +4.0000e+00 +4.0000e+00 +4.0000e+00 +4.0000e+00 +4.0000e+00 +4.0000e+00
50 +4.910617722e+02 +4.910617722e+02 +4.715817722e+02 +4.715817722e+02 +3.0000e+00 +3.0000e+00 +3.0000e+00 +3.0000e+00 +3.0000e+00 +3.0000e+00 +3.0000e+00 +3.0000e+00 +3.0000e+00 +3.0000e+00 +3.0000e+00 +3.0000e+00 +3.0000e+00 +1.9000e+01 +3.0000e+00 +3.0000e+00 +3.0000e+00 +3.0000e+00 +3.0000e+00 +3.0000e+00
54 +3.327417722e+02 +3.327417722e+02 +3.132617722e+02 +3.132617722e+02 +1.0000e+00 +1.0000e+00 +1.0000e+00 +1.0000e+00 +1.0000e+00 +1.0000e+00 +1.0000e+00 +1.0000e+00 +1.7000e+01 +1.0000e+00 +1.0000e+00 +1.0000e+00 +1.0000e+00 +1.0000e+00 +1.0000e+00 +1.0000e+00 +1.0000e+00 +1.0000e+00 +1.0000e+00 +1.0000e+00
64 +1.034057722e+02 +1.034057722e+02 +8.392577216e+01 +8.392577216e+01 +0.0000e+00 +0.0000e+00 +0.0000e+00 +0.0000e+00 +0.0000e+00 +0.0000e+00 +0.0000e+00 +0.0000e+00 +0.0000e+00 +0.0000e+00 +0.0000e+00 +0.0000e+00 +0.0000e+00 +0.0000e+00 +0.0000e+00 +0.0000e+00 +0.0000e+00 +0.0000e+00 +0.0000e+00 +0.0000e+00
% function evaluation | noise-free fitness - Fopt (1.344700000000e+02) | best noise-free fitness - Fopt | measured fitness | best measured fitness | x1 | x2...
1 +6.665371866e+03 +6.665371866e+03 +6.799841866e+03 +6.799841866e+03 +0.0000e+00 +1.5000e+01 +7.0000e+00 +2.5000e+01 +5.0000e+00 +3.0000e+00 +2.8000e+01 +2.5000e+01 +7.0000e+00 +2.1000e+01 +5.0000e+00 +8.0000e+00 +5.0000e+00 +3.0000e+00 +3.0000e+01 +2.5000e+01 +7.0000e+00 +8.0000e+00 +2.5000e+01 +2.8000e+01
25 +5.903290266e+03 +5.903290266e+03 +6.037760266e+03 +6.037760266e+03 +1.6000e+01 +1.6000e+01 +1.6000e+01 +1.6000e+01 +1.6000e+01 +1.6000e+01 +1.6000e+01 +1.6000e+01 +1.6000e+01 +1.6000e+01 +1.6000e+01 +1.6000e+01 +1.6000e+01 +1.6000e+01 +1.6000e+01 +1.6000e+01 +1.6000e+01 +1.6000e+01 +1.6000e+01 +1.6000e+01
33 +3.496256666e+03 +3.496256666e+03 +3.630726666e+03 +3.630726666e+03 +1.2000e+01 +1.2000e+01 +1.2000e+01 +1.2000e+01 +1.2000e+01 +1.2000e+01 +1.2000e+01 +1.2000e+01 +1.2000e+01 +1.2000e+01 +1.2000e+01 +1.2000e+01 +1.2000e+01 +1.2000e+01 +1.2000e+01 +1.2000e+01 +1.2000e+01 +1.2000e+01 +1.2000e+01 +1.2000e+01
39 +2.110981466e+03 +2.110981466e+03 +2.245451466e+03 +2.245451466e+03 +9.0000e+00 +9.0000e+00 +9.0000e+00 +9.0000e+00 +9.0000e+00 +9.0000e+00 +9.0000e+00 +9.0000e+00 +9.0000e+00 +9.0000e+00 +9.0000e+00 +9.0000e+00 +9.0000e+00 +9.0000e+00 +9.0000e+00 +9.0000e+00 +9.0000e+00 +9.0000e+00 +9.0000e+00 +9.0000e+00
43 +1.387464666e+03 +1.387464666e+03 +1.521934666e+03 +1.521934666e+03 +7.0000e+00 +7.0000e+00 +7.0000e+00 +7.0000e+00 +7.0000e+00 +7.0000e+00 +7.0000e+00 +7.0000e+00 +7.0000e+00 +7.0000e+00 +7.0000e+00 +7.0000e+00 +7.0000e+00 +7.0000e+00 +7.0000e+00 +7.0000e+00 +7.0000e+00 +7.0000e+00 +7.0000e+00 +7.0000e+00
47 +8.239478662e+02 +8.239478662e+02 +9.584178662e+02 +9.584178662e+02 +5.0000e+00 +5.0000e+00 +5.0000e+00 +5.0000e+00 +5.0000e+00 +5.0000e+00 +5.0000e+00 +5.0000e+00 +5.0000e+00 +5.0000e+00 +5.0000e+00 +5.0000e+00 +5.0000e+00 +5.0000e+00 +5.0000e+00 +5.0000e+00 +5.0000e+00 +5.0000e+00 +5.0000e+00 +5.0000e+00
49 +6.021894662e+02 +6.021894662e+02 +7.366594662e+02 +7.366594662e+02 +4.0000e+00 +4.0000e+00 +4.0000e+00 +4.0000e+00 +4.0000e+00 +4.0000e+00 +4.0000e+00 +4.0000e+00 +4.0000e+00 +4.0000e+00 +4.0000e+00 +4.0000e+00 +4.0000e+00 +4.0000e+00 +4.0000e+00 +4.0000e+00 +4.0000e+00 +4.0000e+00 +4.0000e+00 +4.0000e+00
53 +2.786726662e+02 +2.786726662e+02 +4.131426662e+02 +4.131426662e+02 +2.0000e+00 +2.0000e+00 +2.0000e+00 +2.0000e+00 +2.0000e+00 +2.0000e+00 +2.0000e+00 +2.0000e+00 +2.0000e+00 +2.0000e+00 +2.0000e+00 +2.0000e+00 +2.0000e+00 +2.0000e+00 +2.0000e+00 +2.0000e+00 +2.0000e+00 +2.0000e+00 +2.0000e+00 +2.0000e+00
55 +1.769142662e+02 +1.769142662e+02 +3.113842662e+02 +3.113842662e+02 +1.0000e+00 +1.0000e+00 +1.0000e+00 +1.0000e+00 +1.0000e+00 +1.0000e+00 +1.0000e+00 +1.0000e+00 +1.0000e+00 +1.0000e+00 +1.0000e+00 +1.0000e+00 +1.0000e+00 +1.0000e+00 +1.0000e+00 +1.0000e+00 +1.0000e+00 +1.0000e+00 +1.0000e+00 +1.0000e+00
57 +1.151558662e+02 +1.151558662e+02 +2.496258662e+02 +2.496258662e+02 +0.0000e+00 +0.0000e+00 +0.0000e+00 +0.0000e+00 +0.0000e+00 +0.0000e+00 +0.0000e+00 +0.0000e+00 +0.0000e+00 +0.0000e+00 +0.0000e+00 +0.0000e+00 +0.0000e+00 +0.0000e+00 +0.0000e+00 +0.0000e+00 +0.0000e+00 +0.0000e+00 +0.0000e+00 +0.0000e+00
% function evaluation | noise-free fitness - Fopt (4.453500000000e+02) | best noise-free fitness - Fopt | measured fitness | best measured fitness | x1 | x2...
1 +5.524002745e+03 +5.524002745e+03 +5.969352745e+03 +5.969352745e+03 +4.0000e+00 +2.3000e+01 +2.0000e+01 +2.4000e+01 +4.0000e+00 +2.3000e+01 +1.1000e+01 +2.3000e+01 +1.4000e+01 +4.0000e+00 +7.0000e+00 +2.3000e+01 +2.3000e+01 +2.0000e+01 +6.0000e+00 +3.0000e+01 +7.0000e+00 +1.1000e+01 +9.0000e+00 +1.1000e+01
17 +3.652951545e+03 +3.652951545e+03 +4.098301545e+03 +4.098301545e+03 +1.2000e+01 +1.2000e+01 +1.2000e+01 +1.2000e+01 +1.2000e+01 +2.8000e+01 +1.2000e+01 +0.0000e+00 +1.5000e+01 +1.2000e+01 +1.2000e+01 +1.2000e+01 +1.5000e+01 +1.2000e+01 +1.2000e+01 +1.2000e+01 +1.5000e+01 +1.5000e+01 +1.5000e+01 +1.5000e+01
31 +2.042471545e+03 +2.042471545e+03 +2.487821545e+03 +2.487821545e+03 +0.0000e+00 +0.0000e+00 +0.0000e+00 +0.0000e+00 +1.8000e+01 +0.0000e+00 +0.0000e+00 +0.0000e+00 +1.0000e+00 +1.8000e+01 +0.0000e+00 +0.0000e+00 +0.0000e+00 +0.0000e+00 +0.0000e+00 +0.0000e+00 +2.1000e+01 +2.1000e+01 +0.0000e+00 +2.1000e+01
35 +1.060721145e+03 +1.060721145e+03 +1.506071145e+03 +1.506071145e+03 +3.0000e+00 +1.6000e+01 +0.0000e+00 +0.0000e+00 +0.0000e+00 +0.0000e+00 +0.0000e+00 +1.9000e+01 +0.0000e+00 +0.0000e+00 +0.0000e+00 +1.9000e+01 +0.0000e+00 +0.0000e+00 +0.0000e+00 +0.0000e+00 +0.0000e+00 +0.0000e+00 +1.9000e+01 +0.0000e+00
41 +9.337067450e+02 +9.337067450e+02 +1.379056745e+03 +1.379056745e+03 +1.6000e+01 +1.6000e+01 +0.0000e+00 +0.0000e+00 +0.0000e+00 +0.0000e+00 +0.0000e+00 +0.0000e+00 +0.0000e+00 +0.0000e+00 +0.0000e+00 +0.0000e+00 +0.0000e+00 +0.0000e+00 +0.0000e+00 +0.0000e+00 +0.0000e+00 +1.6000e+01 +0.0000e+00 +0.0000e+00
55 +5.368043450e+02 +5.368043450e+02 +9.821543450e+02 +9.821543450e+02 +0.0000e+00 +0.0000e+00 +0.0000e+00 +0.0000e+00 +9.0000e+00 +0.0000e+00 +0.0000e+00 +0.0000e+00 +0.0000e+00 +0.0000e+00 +0.0000e+00 +9.0000e+00 +0.0000e+00 +9.0000e+00 +0.0000e+00 +0.0000e+00 +9.0000e+00 +9.0000e+00 +7.0000e+00 +9.0000e+00
59 +2.866123450e+02 +2.866123450e+02 +7.319623450e+02 +7.319623450e+02 +4.0000e+00 +3.0000e+00 +0.0000e+00 +0.0000e+00 +0.0000e+00 +0.0000e+00 +0.0000e+00 +7.0000e+00 +7.0000e+00 +7.0000e+00 +0.0000e+00 +0.0000e+00 +0.0000e+00 +0.0000e+00 +0.0000e+00 +0.0000e+00 +0.0000e+00 +0.0000e+00 +0.0000e+00 +0.0000e+00
61 +2.369387450e+02 +2.369387450e+02 +6.822887450e+02 +6.822887450e+02 +0.0000e+00 +0.0000e+00 +0.0000e+00 +0.0000e+00 +0.0000e+00 +0.0000e+00 +0.0000e+00 +6.0000e+00 +0.0000e+00 +0.0000e+00 +6.0000e+00 +0.0000e+00 +0.0000e+00 +6.0000e+00 +6.0000e+00 +0.0000e+00 +0.0000e+00 +0.0000e+00 +0.0000e+00 +0.0000e+00
63 +1.222875450e+02 +1.222875450e+02 +5.676375450e+02 +5.676375450e+02 +0.0000e+00 +5.0000e+00 +0.0000e+00 +0.0000e+00 +0.0000e+00 +0.0000e+00 +0.0000e+00 +0.0000e+00 +5.0000e+00 +0.0000e+00 +0.0000e+00 +5.0000e+00 +0.0000e+00 +0.0000e+00 +0.0000e+00 +0.0000e+00 +0.0000e+00 +0.0000e+00 +0.0000e+00 +0.0000e+00
