% function evaluation | noise-free fitness - Fopt (7.948000000000e+01) | best noise-free fitness - Fopt | measured fitness | best measured fitness | x1 | x2...
1 +4.146335670e+03 +4.146335670e+03 +4.225815670e+03 +4.225815670e+03 +3.0000e+01 +1.3000e+01 +2.4000e+01 +2.4000e+01 +3.0000e+00 +2.8000e+01 +3.0000e+00 +2.8000e+01 +8.0000e+00 +1.4000e+01
2 +2.987164470e+03 +2.987164470e+03 +3.066644470e+03 +3.066644470e+03 +1.1000e+01 +2.0000e+01 +1.8000e+01 +1.8000e+01 +1.4000e+01 +1.2000e+01 +1.4000e+01 +1.2000e+01 +1.1000e+01 +2.7000e+01
3 +2.422532470e+03 +2.422532470e+03 +2.502012470e+03 +2.502012470e+03 +1.4000e+01 +0.0000e+00 +9.0000e+00 +9.0000e+00 +6.0000e+00 +2.4000e+01 +6.0000e+00 +2.4000e+01 +2.2000e+01 +1.4000e+01
24 +8.303420698e+02 +8.303420698e+02 +9.098220698e+02 +9.098220698e+02 +1.8000e+01 +6.0000e+00 +7.0000e+00 +7.0000e+00 +4.0000e+00 +3.0000e+00 +4.0000e+00 +3.0000e+00 +1.5000e+01 +2.0000e+00
56 +4.111580698e+02 +4.111580698e+02 +4.906380698e+02 +4.906380698e+02 +0.0000e+00 +0.0000e+00 +4.0000e+00 +4.0000e+00 +8.0000e+00 +8.0000e+00 +8.0000e+00 +8.0000e+00 +7.0000e+00 +0.0000e+00
292 +3.093100698e+02 +3.093100698e+02 +3.887900698e+02 +3.887900698e+02 +3.0000e+00 +6.0000e+00 +3.0000e+00 +3.0000e+00 +0.0000e+00 +1.0000e+01 +0.0000e+00 +1.0000e+01 +0.0000e+00 +3.0000e+00
% function evaluation | noise-free fitness - Fopt (3.944800000000e+02) | best noise-free fitness - Fopt | measured fitness | best measured fitness | x1 | x2...
1 +4.361243375e+03 +4.361243375e+03 +4.755723375e+03 +4.755723375e+03 +2.6000e+01 +2.8000e+01 +4.0000e+00 +3.0000e+01 +1.5000e+01 +2.6000e+01 +4.0000e+00 +1.5000e+01 +1.1000e+01 +1.5000e+01
2 +3.788110575e+03 +3.788110575e+03 +4.182590575e+03 +4.182590575e+03 +1.2000e+01 +2.0000e+01 +2.7000e+01 +1.9000e+01 +8.0000e+00 +2.8000e+01 +2.7000e+01 +8.0000e+00 +7.0000e+00 +8.0000e+00
5 +7.398929754e+02 +7.398929754e+02 +1.134372975e+03 +1.134372975e+03 +9.0000e+00 +8.0000e+00 +3.0000e+00 +1.9000e+01 +0.0000e+00 +9.0000e+00 +3.0000e+00 +0.0000e+00 +4.0000e+00 +0.0000e+00
44 +4.526929754e+02 +4.526929754e+02 +8.471729754e+02 +8.471729754e+02 +0.0000e+00 +1.2000e+01 +7.0000e+00 +3.0000e+00 +0.0000e+00 +0.0000e+00 +7.0000e+00 +0.0000e+00 +7.0000e+00 +0.0000e+00
% function evaluation | noise-free fitness - Fopt (-2.471100000000e+02) | best noise-free fitness - Fopt | measured fitness | best measured fitness | x1 | x2...
1 +3.067439718e+03 +3.067439718e+03 +2.820329718e+03 +2.820329718e+03 +2.2000e+01 +2.7000e+01 +1.4000e+01 +1.4000e+01 +6.0000e+00 +6.0000e+00 +2.0000e+00 +1.4000e+01 +2.7000e+01 +1.0000e+00
7 +1.956586918e+03 +1.956586918e+03 +1.709476918e+03 +1.709476918e+03 +1.0000e+01 +1.3000e+01 +0.0000e+00 +0.0000e+00 +1.8000e+01 +1.8000e+01 +1.2000e+01 +0.0000e+00 +1.3000e+01 +2.8000e+01
15 +1.514078118e+03 +1.514078118e+03 +1.266968118e+03 +1.266968118e+03 +3.0000e+01 +0.0000e+00 +0.0000e+00 +0.0000e+00 +2.0000e+00 +2.0000e+00 +2.1000e+01 +0.0000e+00 +0.0000e+00 +3.0000e+00
33 +7.343229178e+02 +7.343229178e+02 +4.872129178e+02 +4.872129178e+02 +1.4000e+01 +2.0000e+00 +5.0000e+00 +5.0000e+00 +2.0000e+00 +2.0000e+00 +8.0000e+00 +5.0000e+00 +2.0000e+00 +1.6000e+01
256 +3.126797178e+02 +3.126797178e+02 +6.556971776e+01 +6.556971776e+01 +3.0000e+00 +2.0000e+00 +4.0000e+00 +4.0000e+00 +4.0000e+00 +4.0000e+00 +0.0000e+00 +4.0000e+00 +2.0000e+00 +1.0000e+01
% function evaluation | noise-free fitness - Fopt (-1.520400000000e+02) | best noise-free fitness - Fopt | measured fitness | best measured fitness | x1 | x2...
1 +3.390568742e+03 +3.390568742e+03 +3.238528742e+03 +3.238528742e+03 +8.0000e+00 +1.7000e+01 +0.0000e+00 +3.0000e+01 +1.3000e+01 +0.0000e+00 +2.6000e+01 +1.7000e+01 +2.7000e+01 +2.7000e+01
2 +1.919376742e+03 +1.919376742e+03 +1.767336742e+03 +1.767336742e+03 +0.0000e+00 +4.0000e+00 +0.0000e+00 +2.0000e+00 +1.4000e+01 +0.0000e+00 +2.0000e+01 +4.0000e+00 +2.8000e+01 +2.8000e+01
3 +3.280247418e+02 +3.280247418e+02 +1.759847418e+02 +1.759847418e+02 +1.0000e+00 +7.0000e+00 +3.0000e+00 +6.0000e+00 +8.0000e+00 +3.0000e+00 +8.0000e+00 +7.0000e+00 +8.0000e+00 +8.0000e+00
% function evaluation | noise-free fitness - Fopt (-2.525000000000e+01) | best noise-free fitness - Fopt | measured fitness | best measured fitness | x1 | x2...
1 +2.487738943e+03 +2.487738943e+03 +2.462488943e+03 +2.462488943e+03 +1.8000e+01 +1.8000e+01 +2.3000e+01 +1.5000e+01 +1.0000e+00 +1.8000e+01 +4.0000e+00 +1.0000e+00 +1.8000e+01 +1.8000e+01
9 +7.906093434e+02 +7.906093434e+02 +7.653593434e+02 +7.653593434e+02 +0.0000e+00 +0.0000e+00 +2.0000e+00 +2.3000e+01 +0.0000e+00 +0.0000e+00 +8.0000e+00 +0.0000e+00 +0.0000e+00 +0.0000e+00
34 +5.236365434e+02 +5.236365434e+02 +4.983865434e+02 +4.983865434e+02 +2.0000e+00 +2.0000e+00 +9.0000e+00 +0.0000e+00 +1.1000e+01 +2.0000e+00 +1.0000e+01 +1.1000e+01 +2.0000e+00 +2.0000e+00
271 +2.671901434e+02 +2.671901434e+02 +2.419401434e+02 +2.419401434e+02 +0.0000e+00 +0.0000e+00 +2.0000e+00 +2.0000e+00 +4.0000e+00 +0.0000e+00 +1.1000e+01 +4.0000e+00 +0.0000e+00 +0.0000e+00
308 +2.361037434e+02 +2.361037434e+02 +2.108537434e+02 +2.108537434e+02 +5.0000e+00 +5.0000e+00 +1.0000e+00 +0.0000e+00 +4.0000e+00 +5.0000e+00 +6.0000e+00 +4.0000e+00 +5.0000e+00 +5.0000e+00
% function evaluation | noise-free fitness - Fopt (2.230000000000e+00) | best noise-free fitness - Fopt | measured fitness | best measured fitness | x1 | x2...
1 +6.529149406e+03 +6.529149406e+03 +6.531379406e+03 +6.531379406e+03 +2.6000e+01 +2.4000e+01 +1.9000e+01 +2.4000e+01 +2.4000e+01 +2.7000e+01 +2.6000e+01 +2.5000e+01 +2.7000e+01 +2.7000e+01
2 +4.937767006e+03 +4.937767006e+03 +4.939997006e+03 +4.939997006e+03 +2.0000e+01 +1.5000e+01 +0.0000e+00 +2.7000e+01 +1.5000e+01 +3.0000e+01 +2.0000e+01 +4.0000e+00 +3.0000e+01 +3.0000e+01
3 +2.705392606e+03 +2.705392606e+03 +2.707622606e+03 +2.707622606e+03 +1.4000e+01 +8.0000e+00 +2.5000e+01 +6.0000e+00 +8.0000e+00 +2.1000e+01 +1.4000e+01 +6.0000e+00 +2.1000e+01 +2.1000e+01
4 +9.697110061e+02 +9.697110061e+02 +9.719410061e+02 +9.719410061e+02 +1.8000e+01 +1.2000e+01 +0.0000e+00 +2.0000e+00 +1.2000e+01 +3.0000e+00 +1.8000e+01 +1.0000e+00 +3.0000e+00 +3.0000e+00
13 +5.130854061e+02 +5.130854061e+02 +5.153154061e+02 +5.153154061e+02 +3.0000e+00 +1.2000e+01 +5.0000e+00 +7.0000e+00 +1.2000e+01 +4.0000e+00 +3.0000e+00 +2.0000e+00 +4.0000e+00 +4.0000e+00
242 +3.778534061e+02 +3.778534061e+02 +3.800834061e+02 +3.800834061e+02 +7.0000e+00 +9.0000e+00 +4.0000e+00 +0.0000e+00 +9.0000e+00 +4.0000e+00 +7.0000e+00 +2.0000e+00 +4.0000e+00 +4.0000e+00
% function evaluation | noise-free fitness - Fopt (-1.308000000000e+01) | best noise-free fitness - Fopt | measured fitness | best measured fitness | x1 | x2...
1 +3.371284867e+03 +3.371284867e+03 +3.358204867e+03 +3.358204867e+03 +2.9000e+01 +2.8000e+01 +8.0000e+00 +1.8000e+01 +0.0000e+00 +8.0000e+00 +2.5000e+01 +8.0000e+00 +1.8000e+01 +1.5000e+01
3 +1.377540867e+03 +1.377540867e+03 +1.364460867e+03 +1.364460867e+03 +5.0000e+00 +9.0000e+00 +1.0000e+00 +4.0000e+00 +2.4000e+01 +1.0000e+00 +0.0000e+00 +1.0000e+00 +4.0000e+00 +1.9000e+01
133 +9.912864672e+02 +9.912864672e+02 +9.782064672e+02 +9.782064672e+02 +4.0000e+00 +2.1000e+01 +0.0000e+00 +1.0000e+00 +1.2000e+01 +0.0000e+00 +5.0000e+00 +0.0000e+00 +1.0000e+00 +1.1000e+01
145 +6.072000672e+02 +6.072000672e+02 +5.941200672e+02 +5.941200672e+02 +0.0000e+00 +1.2000e+01 +8.0000e+00 +7.0000e+00 +2.0000e+00 +8.0000e+00 +1.0000e+01 +8.0000e+00 +7.0000e+00 +2.0000e+00
395 +3.590560672e+02 +3.590560672e+02 +3.459760672e+02 +3.459760672e+02 +6.0000e+00 +0.0000e+00 +0.0000e+00 +0.0000e+00 +1.1000e+01 +0.0000e+00 +3.0000e+00 +0.0000e+00 +0.0000e+00 +7.0000e+00
% function evaluation | noise-free fitness - Fopt (2.671600000000e+02) | best noise-free fitness - Fopt | measured fitness | best measured fitness | x1 | x2...
1 +1.143685957e+03 +1.143685957e+03 +1.410845957e+03 +1.410845957e+03 +1.0000e+01 +1.4000e+01 +1.3000e+01 +5.0000e+00 +1.3000e+01 +2.0000e+00 +5.0000e+00 +1.0000e+01 +5.0000e+00 +0.0000e+00
26 +6.441563571e+02 +6.441563571e+02 +9.113163571e+02 +9.113163571e+02 +2.0000e+00 +3.0000e+00 +6.0000e+00 +1.0000e+00 +6.0000e+00 +1.9000e+01 +1.0000e+00 +2.0000e+00 +1.0000e+00 +1.0000e+00
% function evaluation | noise-free fitness - Fopt (3.710000000000e+00) | best noise-free fitness - Fopt | measured fitness | best measured fitness | x1 | x2...
1 +1.651230265e+03 +1.651230265e+03 +1.654940265e+03 +1.654940265e+03 +4.0000e+00 +1.6000e+01 +1.0000e+01 +2.0000e+01 +7.0000e+00 +1.0000e+01 +1.6000e+01 +1.3000e+01 +1.0000e+01 +1.0000e+01
6 +1.558668665e+03 +1.558668665e+03 +1.562378665e+03 +1.562378665e+03 +5.0000e+00 +5.0000e+00 +1.9000e+01 +5.0000e+00 +2.0000e+00 +1.9000e+01 +4.0000e+00 +1.2000e+01 +1.9000e+01 +1.9000e+01
14 +9.458606650e+02 +9.458606650e+02 +9.495706650e+02 +9.495706650e+02 +1.1000e+01 +1.0000e+00 +4.0000e+00 +1.1000e+01 +4.0000e+00 +4.0000e+00 +1.3000e+01 +2.4000e+01 +4.0000e+00 +4.0000e+00
26 +5.825630650e+02 +5.825630650e+02 +5.862730650e+02 +5.862730650e+02 +2.0000e+01 +7.0000e+00 +0.0000e+00 +4.0000e+00 +8.0000e+00 +0.0000e+00 +5.0000e+00 +1.2000e+01 +0.0000e+00 +0.0000e+00
137 +3.891806650e+02 +3.891806650e+02 +3.928906650e+02 +3.928906650e+02 +4.0000e+00 +1.2000e+01 +5.0000e+00 +4.0000e+00 +7.0000e+00 +5.0000e+00 +0.0000e+00 +5.0000e+00 +5.0000e+00 +5.0000e+00
% function evaluation | noise-free fitness - Fopt (9.478000000000e+01) | best noise-free fitness - Fopt | measured fitness | best measured fitness | x1 | x2...
1 +1.960159308e+03 +1.960159308e+03 +2.054939308e+03 +2.054939308e+03 +3.0000e+00 +3.0000e+00 +2.0000e+01 +7.0000e+00 +4.0000e+00 +7.0000e+00 +2.3000e+01 +3.0000e+00 +3.0000e+01 +2.3000e+01
9 +1.240378508e+03 +1.240378508e+03 +1.335158508e+03 +1.335158508e+03 +0.0000e+00 +0.0000e+00 +1.8000e+01 +1.0000e+00 +2.8000e+01 +1.0000e+00 +4.0000e+00 +0.0000e+00 +2.2000e+01 +4.0000e+00
37 +9.347257082e+02 +9.347257082e+02 +1.029505708e+03 +1.029505708e+03 +7.0000e+00 +7.0000e+00 +6.0000e+00 +1.7000e+01 +4.0000e+00 +1.7000e+01 +6.0000e+00 +7.0000e+00 +9.0000e+00 +6.0000e+00
85 +6.029577082e+02 +6.029577082e+02 +6.977377082e+02 +6.977377082e+02 +0.0000e+00 +0.0000e+00 +1.2000e+01 +1.0000e+00 +2.4000e+01 +1.0000e+00 +5.0000e+00 +0.0000e+00 +9.0000e+00 +5.0000e+00
221 +1.419065082e+02 +1.419065082e+02 +2.366865082e+02 +2.366865082e+02 +3.0000e+00 +3.0000e+00 +1.2000e+01 +0.0000e+00 +2.0000e+00 +0.0000e+00 +5.0000e+00 +3.0000e+00 +7.0000e+00 +5.0000e+00
% function evaluation | noise-free fitness - Fopt (2.339200000000e+02) | best noise-free fitness - Fopt | measured fitness | best measured fitness | x1 | x2...
1 +2.506025648e+03 +2.506025648e+03 +2.739945648e+03 +2.739945648e+03 +8.0000e+00 +2.1000e+01 +1.5000e+01 +1.4000e+01 +2.6000e+01 +1.0000e+00 +1.0000e+00 +9.0000e+00 +2.4000e+01 +3.0000e+00
10 +1.456806448e+03 +1.456806448e+03 +1.690726448e+03 +1.690726448e+03 +7.0000e+00 +2.0000e+01 +1.0000e+01 +7.0000e+00 +5.0000e+00 +7.0000e+00 +7.0000e+00 +4.0000e+00 +2.5000e+01 +2.0000e+00
182 +7.091040480e+02 +7.091040480e+02 +9.430240480e+02 +9.430240480e+02 +1.0000e+00 +1.6000e+01 +0.0000e+00 +3.0000e+00 +1.9000e+01 +3.0000e+00 +3.0000e+00 +0.0000e+00 +4.0000e+00 +5.0000e+00
214 +5.958416480e+02 +5.958416480e+02 +8.297616480e+02 +8.297616480e+02 +6.0000e+00 +1.1000e+01 +8.0000e+00 +8.0000e+00 +1.0000e+00 +7.0000e+00 +7.0000e+00 +7.0000e+00 +6.0000e+00 +8.0000e+00
% function evaluation | noise-free fitness - Fopt (-6.092000000000e+01) | best noise-free fitness - Fopt | measured fitness | best measured fitness | x1 | x2...
1 +3.735038668e+03 +3.735038668e+03 +3.674118668e+03 +3.674118668e+03 +1.9000e+01 +1.5000e+01 +2.2000e+01 +2.5000e+01 +2.0000e+01 +2.0000e+01 +2.2000e+01 +2.7000e+01 +0.0000e+00 +1.3000e+01
7 +2.364169868e+03 +2.364169868e+03 +2.303249868e+03 +2.303249868e+03 +3.0000e+00 +1.6000e+01 +7.0000e+00 +2.1000e+01 +5.0000e+00 +5.0000e+00 +7.0000e+00 +1.9000e+01 +2.4000e+01 +2.1000e+01
12 +1.571048268e+03 +1.571048268e+03 +1.510128268e+03 +1.510128268e+03 +3.0000e+00 +3.0000e+01 +6.0000e+00 +6.0000e+00 +1.0000e+00 +1.0000e+00 +6.0000e+00 +1.2000e+01 +2.1000e+01 +5.0000e+00
45 +9.138706682e+02 +9.138706682e+02 +8.529506682e+02 +8.529506682e+02 +1.4000e+01 +1.4000e+01 +1.2000e+01 +0.0000e+00 +4.0000e+00 +4.0000e+00 +1.2000e+01 +2.0000e+00 +1.6000e+01 +3.0000e+00
160 +5.835714682e+02 +5.835714682e+02 +5.226514682e+02 +5.226514682e+02 +3.0000e+00 +1.5000e+01 +0.0000e+00 +1.0000e+00 +8.0000e+00 +8.0000e+00 +0.0000e+00 +1.3000e+01 +7.0000e+00 +2.0000e+00
% function evaluation | noise-free fitness - Fopt (-1.948000000000e+01) | best noise-free fitness - Fopt | measured fitness | best measured fitness | x1 | x2...
1 +2.627922350e+03 +2.627922350e+03 +2.608442350e+03 +2.608442350e+03 +2.7000e+01 +1.0000e+01 +1.1000e+01 +2.6000e+01 +3.0000e+00 +1.1000e+01 +2.7000e+01 +3.0000e+00 +1.0000e+00 +1.0000e+00
2 +9.814615501e+02 +9.814615501e+02 +9.619815501e+02 +9.619815501e+02 +0.0000e+00 +1.8000e+01 +1.0000e+00 +2.0000e+00 +9.0000e+00 +1.6000e+01 +1.0000e+00 +9.0000e+00 +1.3000e+01 +1.3000e+01
51 +5.396775501e+02 +5.396775501e+02 +5.201975501e+02 +5.201975501e+02 +7.0000e+00 +4.0000e+00 +2.0000e+00 +4.0000e+00 +1.2000e+01 +7.0000e+00 +7.0000e+00 +1.2000e+01 +3.0000e+00 +3.0000e+00
% function evaluation | noise-free fitness - Fopt (1.344700000000e+02) | best noise-free fitness - Fopt | measured fitness | best measured fitness | x1 | x2...
1 +3.220992460e+03 +3.220992460e+03 +3.355462460e+03 +3.355462460e+03 +1.2000e+01 +1.3000e+01 +2.6000e+01 +0.0000e+00 +1.2000e+01 +2.9000e+01 +2.6000e+01 +5.0000e+00 +1.3000e+01 +1.5000e+01
3 +2.411018060e+03 +2.411018060e+03 +2.545488060e+03 +2.545488060e+03 +1.5000e+01 +1.0000e+00 +2.6000e+01 +1.0000e+01 +3.0000e+00 +9.0000e+00 +2.6000e+01 +1.0000e+00 +1.3000e+01 +1.5000e+01
4 +1.212499660e+03 +1.212499660e+03 +1.346969660e+03 +1.346969660e+03 +1.7000e+01 +2.0000e+00 +1.3000e+01 +1.0000e+00 +1.0000e+00 +4.0000e+00 +1.3000e+01 +0.0000e+00 +1.8000e+01 +3.0000e+00
5 +8.756788595e+02 +8.756788595e+02 +1.010148860e+03 +1.010148860e+03 +1.2000e+01 +7.0000e+00 +1.0000e+00 +4.0000e+00 +4.0000e+00 +1.2000e+01 +1.0000e+00 +6.0000e+00 +1.5000e+01 +0.0000e+00
202 +3.188532595e+02 +3.188532595e+02 +4.533232595e+02 +4.533232595e+02 +2.0000e+00 +4.0000e+00 +0.0000e+00 +0.0000e+00 +6.0000e+00 +2.0000e+00 +0.0000e+00 +1.2000e+01 +0.0000e+00 +0.0000e+00
% function evaluation | noise-free fitness - Fopt (4.453500000000e+02) | best noise-free fitness - Fopt | measured fitness | best measured fitness | x1 | x2...
1 +6.503191905e+03 +6.503191905e+03 +6.948541905e+03 +6.948541905e+03 +2.8000e+01 +3.0000e+01 +2.1000e+01 +2.8000e+01 +3.0000e+00 +2.6000e+01 +2.6000e+01 +2.8000e+01 +2.8000e+01 +2.6000e+01
2 +5.657422305e+03 +5.657422305e+03 +6.102772305e+03 +6.102772305e+03 +1.0000e+01 +2.7000e+01 +1.8000e+01 +2.6000e+01 +2.9000e+01 +2.9000e+01 +2.9000e+01 +2.6000e+01 +2.6000e+01 +1.6000e+01
3 +2.550273505e+03 +2.550273505e+03 +2.995623505e+03 +2.995623505e+03 +1.6000e+01 +2.7000e+01 +0.0000e+00 +2.4000e+01 +8.0000e+00 +0.0000e+00 +0.0000e+00 +2.4000e+01 +2.4000e+01 +0.0000e+00
4 +1.869151905e+03 +1.869151905e+03 +2.314501905e+03 +2.314501905e+03 +1.1000e+01 +1.0000e+00 +2.2000e+01 +3.0000e+00 +6.0000e+00 +1.8000e+01 +1.8000e+01 +3.0000e+00 +3.0000e+00 +1.9000e+01
5 +1.331988705e+03 +1.331988705e+03 +1.777338705e+03 +1.777338705e+03 +2.8000e+01 +4.0000e+00 +1.6000e+01 +4.0000e+00 +1.0000e+00 +3.0000e+00 +3.0000e+00 +4.0000e+00 +4.0000e+00 +0.0000e+00
10 +5.814239053e+02 +5.814239053e+02 +1.026773905e+03 +1.026773905e+03 +0.0000e+00 +1.5000e+01 +8.0000e+00 +8.0000e+00 +1.7000e+01 +0.0000e+00 +0.0000e+00 +8.0000e+00 +8.0000e+00 +0.0000e+00
218 +3.447423053e+02 +3.447423053e+02 +7.900923053e+02 +7.900923053e+02 +0.0000e+00 +3.0000e+00 +5.0000e+00 +0.0000e+00 +7.0000e+00 +1.0000e+00 +1.0000e+00 +0.0000e+00 +0.0000e+00 +1.4000e+01
