% function evaluation | noise-free fitness - Fopt (7.948000000000e+01) | best noise-free fitness - Fopt | measured fitness | best measured fitness | x1 | x2...
1 +5.233912017e+03 +5.233912017e+03 +5.313392017e+03 +5.313392017e+03 +1.0000e+01 +0.0000e+00 +2.8000e+01 +7.0000e+00 +5.0000e+00 +0.0000e+00 +2.0000e+01 +2.0000e+01 +0.0000e+00 +2.5000e+01 +1.5000e+01 +1.6000e+01 +3.0000e+00 +2.9000e+01 +1.1000e+01 +1.1000e+01 +1.5000e+01 +2.0000e+00 +2.2000e+01 +2.3000e+01
19 +3.832865617e+03 +3.832865617e+03 +3.912345617e+03 +3.912345617e+03 +0.0000e+00 +6.0000e+00 +2.5000e+01 +4.0000e+00 +2.0000e+00 +0.0000e+00 +1.7000e+01 +1.7000e+01 +0.0000e+00 +2.2000e+01 +1.2000e+01 +1.3000e+01 +0.0000e+00 +2.6000e+01 +8.0000e+00 +8.0000e+00 +1.2000e+01 +0.0000e+00 +1.9000e+01 +2.0000e+01
43 +2.411947217e+03 +2.411947217e+03 +2.491427217e+03 +2.491427217e+03 +0.0000e+00 +2.0000e+00 +2.1000e+01 +0.0000e+00 +0.0000e+00 +0.0000e+00 +1.3000e+01 +1.3000e+01 +0.0000e+00 +1.8000e+01 +8.0000e+00 +9.0000e+00 +0.0000e+00 +2.2000e+01 +4.0000e+00 +4.0000e+00 +8.0000e+00 +0.0000e+00 +1.5000e+01 +1.6000e+01
63 +1.378630417e+03 +1.378630417e+03 +1.458110417e+03 +1.458110417e+03 +0.0000e+00 +0.0000e+00 +9.0000e+00 +1.7000e+01 +0.0000e+00 +6.0000e+00 +0.0000e+00 +0.0000e+00 +8.0000e+00 +0.0000e+00 +1.1000e+01 +4.0000e+00 +0.0000e+00 +1.0000e+00 +1.9000e+01 +5.0000e+00 +1.1000e+01 +3.0000e+00 +1.8000e+01 +7.0000e+00
75 +9.710192173e+02 +9.710192173e+02 +1.050499217e+03 +1.050499217e+03 +0.0000e+00 +0.0000e+00 +7.0000e+00 +1.5000e+01 +0.0000e+00 +4.0000e+00 +0.0000e+00 +0.0000e+00 +6.0000e+00 +0.0000e+00 +9.0000e+00 +2.0000e+00 +0.0000e+00 +0.0000e+00 +1.7000e+01 +3.0000e+00 +9.0000e+00 +1.0000e+00 +1.6000e+01 +5.0000e+00
93 +5.480416173e+02 +5.480416173e+02 +6.275216173e+02 +6.275216173e+02 +0.0000e+00 +0.0000e+00 +4.0000e+00 +1.2000e+01 +0.0000e+00 +1.0000e+00 +0.0000e+00 +0.0000e+00 +3.0000e+00 +0.0000e+00 +6.0000e+00 +0.0000e+00 +0.0000e+00 +0.0000e+00 +1.4000e+01 +0.0000e+00 +6.0000e+00 +0.0000e+00 +1.3000e+01 +2.0000e+00
105 +3.517376173e+02 +3.517376173e+02 +4.312176173e+02 +4.312176173e+02 +0.0000e+00 +0.0000e+00 +2.0000e+00 +1.0000e+01 +0.0000e+00 +0.0000e+00 +0.0000e+00 +0.0000e+00 +1.0000e+00 +0.0000e+00 +4.0000e+00 +0.0000e+00 +0.0000e+00 +0.0000e+00 +1.2000e+01 +0.0000e+00 +4.0000e+00 +0.0000e+00 +1.1000e+01 +0.0000e+00
117 +2.123968173e+02 +2.123968173e+02 +2.918768173e+02 +2.918768173e+02 +0.0000e+00 +0.0000e+00 +0.0000e+00 +8.0000e+00 +0.0000e+00 +0.0000e+00 +0.0000e+00 +0.0000e+00 +0.0000e+00 +0.0000e+00 +2.0000e+00 +0.0000e+00 +0.0000e+00 +0.0000e+00 +1.0000e+01 +0.0000e+00 +2.0000e+00 +0.0000e+00 +9.0000e+00 +0.0000e+00
129 +1.242272173e+02 +1.242272173e+02 +2.037072173e+02 +2.037072173e+02 +0.0000e+00 +0.0000e+00 +0.0000e+00 +6.0000e+00 +0.0000e+00 +0.0000e+00 +0.0000e+00 +0.0000e+00 +0.0000e+00 +0.0000e+00 +0.0000e+00 +0.0000e+00 +0.0000e+00 +0.0000e+00 +8.0000e+00 +0.0000e+00 +0.0000e+00 +0.0000e+00 +7.0000e+00 +0.0000e+00
141 +8.397121728e+01 +8.397121728e+01 +1.634512173e+02 +1.634512173e+02 +0.0000e+00 +0.0000e+00 +0.0000e+00 +4.0000e+00 +0.0000e+00 +0.0000e+00 +0.0000e+00 +0.0000e+00 +0.0000e+00 +0.0000e+00 +0.0000e+00 +0.0000e+00 +0.0000e+00 +0.0000e+00 +6.0000e+00 +0.0000e+00 +0.0000e+00 +0.0000e+00 +5.0000e+00 +0.0000e+00
% function evaluation | noise-free fitness - Fopt (3.944800000000e+02) | best noise-free fitness - Fopt | measured fitness | best measured fitness | x1 | x2...
1 +7.605640482e+03 +7.605640482e+03 +8.000120482e+03 +8.000120482e+03 +1.4000e+01 +2.7000e+01 +7.0000e+00 +1.0000e+01 +5.0000e+00 +6.0000e+00 +3.0000e+00 +2.2000e+01 +1.6000e+01 +1.0000e+01 +2.4000e+01 +4.0000e+00 +2.9000e+01 +3.0000e+01 +3.0000e+01 +1.4000e+01 +2.1000e+01 +2.1000e+01 +1.5000e+01 +2.7000e+01
3 +5.628450082e+03 +5.628450082e+03 +6.022930082e+03 +6.022930082e+03 +1.0000e+01 +2.9000e+01 +5.0000e+00 +1.7000e+01 +0.0000e+00 +2.4000e+01 +1.0000e+00 +2.0000e+01 +4.0000e+00 +1.4000e+01 +2.8000e+01 +1.0000e+01 +2.6000e+01 +1.8000e+01 +7.0000e+00 +2.7000e+01 +1.3000e+01 +4.0000e+00 +1.2000e+01 +0.0000e+00
21 +3.951499682e+03 +3.951499682e+03 +4.345979682e+03 +4.345979682e+03 +1.5000e+01 +1.8000e+01 +2.0000e+00 +1.4000e+01 +0.0000e+00 +2.1000e+01 +0.0000e+00 +1.7000e+01 +1.0000e+00 +1.1000e+01 +2.5000e+01 +7.0000e+00 +2.3000e+01 +1.5000e+01 +4.0000e+00 +2.4000e+01 +1.0000e+01 +1.0000e+00 +9.0000e+00 +0.0000e+00
51 +2.297723682e+03 +2.297723682e+03 +2.692203682e+03 +2.692203682e+03 +1.0000e+00 +2.2000e+01 +0.0000e+00 +9.0000e+00 +0.0000e+00 +1.6000e+01 +0.0000e+00 +1.2000e+01 +0.0000e+00 +6.0000e+00 +2.0000e+01 +2.0000e+00 +1.8000e+01 +1.0000e+01 +0.0000e+00 +1.9000e+01 +5.0000e+00 +0.0000e+00 +4.0000e+00 +0.0000e+00
63 +1.576114082e+03 +1.576114082e+03 +1.970594082e+03 +1.970594082e+03 +7.0000e+00 +1.2000e+01 +0.0000e+00 +7.0000e+00 +0.0000e+00 +1.4000e+01 +0.0000e+00 +1.0000e+01 +0.0000e+00 +4.0000e+00 +1.8000e+01 +0.0000e+00 +1.6000e+01 +8.0000e+00 +0.0000e+00 +1.7000e+01 +3.0000e+00 +0.0000e+00 +2.0000e+00 +0.0000e+00
87 +8.735876819e+02 +8.735876819e+02 +1.268067682e+03 +1.268067682e+03 +0.0000e+00 +1.2000e+01 +0.0000e+00 +3.0000e+00 +0.0000e+00 +1.0000e+01 +0.0000e+00 +6.0000e+00 +0.0000e+00 +0.0000e+00 +1.4000e+01 +0.0000e+00 +1.2000e+01 +4.0000e+00 +0.0000e+00 +1.3000e+01 +0.0000e+00 +0.0000e+00 +0.0000e+00 +0.0000e+00
99 +6.246052819e+02 +6.246052819e+02 +1.019085282e+03 +1.019085282e+03 +8.0000e+00 +2.0000e+00 +0.0000e+00 +1.0000e+00 +0.0000e+00 +8.0000e+00 +0.0000e+00 +4.0000e+00 +0.0000e+00 +0.0000e+00 +1.2000e+01 +0.0000e+00 +1.0000e+01 +2.0000e+00 +0.0000e+00 +1.1000e+01 +0.0000e+00 +0.0000e+00 +0.0000e+00 +0.0000e+00
117 +3.323524819e+02 +3.323524819e+02 +7.268324819e+02 +7.268324819e+02 +3.0000e+00 +1.0000e+00 +0.0000e+00 +0.0000e+00 +0.0000e+00 +5.0000e+00 +0.0000e+00 +1.0000e+00 +0.0000e+00 +0.0000e+00 +9.0000e+00 +0.0000e+00 +7.0000e+00 +0.0000e+00 +0.0000e+00 +8.0000e+00 +0.0000e+00 +0.0000e+00 +0.0000e+00 +0.0000e+00
129 +2.139220819e+02 +2.139220819e+02 +6.084020819e+02 +6.084020819e+02 +1.0000e+00 +0.0000e+00 +0.0000e+00 +0.0000e+00 +0.0000e+00 +3.0000e+00 +0.0000e+00 +0.0000e+00 +0.0000e+00 +0.0000e+00 +7.0000e+00 +0.0000e+00 +5.0000e+00 +0.0000e+00 +0.0000e+00 +6.0000e+00 +0.0000e+00 +0.0000e+00 +0.0000e+00 +0.0000e+00
141 +1.512692819e+02 +1.512692819e+02 +5.457492819e+02 +5.457492819e+02 +0.0000e+00 +0.0000e+00 +0.0000e+00 +0.0000e+00 +0.0000e+00 +1.0000e+00 +0.0000e+00 +0.0000e+00 +0.0000e+00 +0.0000e+00 +5.0000e+00 +0.0000e+00 +3.0000e+00 +0.0000e+00 +0.0000e+00 +4.0000e+00 +0.0000e+00 +0.0000e+00 +0.0000e+00 +0.0000e+00
% function evaluation | noise-free fitness - Fopt (-2.471100000000e+02) | best noise-free fitness - Fopt | measured fitness | best measured fitness | x1 | x2...
1 +5.971790996e+03 +5.971790996e+03 +5.724680996e+03 +5.724680996e+03 +2.0000e+01 +2.5000e+01 +5.0000e+00 +2.2000e+01 +1.7000e+01 +3.0000e+00 +1.0000e+01 +1.1000e+01 +2.4000e+01 +3.0000e+00 +1.0000e+01 +1.4000e+01 +5.0000e+00 +2.7000e+01 +1.4000e+01 +1.4000e+01 +2.8000e+01 +2.3000e+01 +1.8000e+01 +1.6000e+01
4 +3.729928596e+03 +3.729928596e+03 +3.482818596e+03 +3.482818596e+03 +1.9000e+01 +4.0000e+00 +7.0000e+00 +8.0000e+00 +2.7000e+01 +2.4000e+01 +6.0000e+00 +0.0000e+00 +4.0000e+00 +3.0000e+01 +0.0000e+00 +1.6000e+01 +5.0000e+00 +1.3000e+01 +3.0000e+00 +1.0000e+01 +1.5000e+01 +4.0000e+00 +1.6000e+01 +6.0000e+00
28 +2.408698196e+03 +2.408698196e+03 +2.161588196e+03 +2.161588196e+03 +1.6000e+01 +0.0000e+00 +3.0000e+00 +4.0000e+00 +2.3000e+01 +2.0000e+01 +2.0000e+00 +0.0000e+00 +0.0000e+00 +2.6000e+01 +0.0000e+00 +1.2000e+01 +1.0000e+00 +9.0000e+00 +0.0000e+00 +6.0000e+00 +1.1000e+01 +0.0000e+00 +1.2000e+01 +2.0000e+00
46 +1.514349396e+03 +1.514349396e+03 +1.267239396e+03 +1.267239396e+03 +6.0000e+00 +5.0000e+00 +0.0000e+00 +1.0000e+00 +2.0000e+01 +1.7000e+01 +0.0000e+00 +0.0000e+00 +0.0000e+00 +2.3000e+01 +0.0000e+00 +9.0000e+00 +0.0000e+00 +6.0000e+00 +0.0000e+00 +3.0000e+00 +8.0000e+00 +0.0000e+00 +9.0000e+00 +0.0000e+00
70 +9.106373958e+02 +9.106373958e+02 +6.635273958e+02 +6.635273958e+02 +5.0000e+00 +0.0000e+00 +0.0000e+00 +0.0000e+00 +1.6000e+01 +1.3000e+01 +0.0000e+00 +0.0000e+00 +0.0000e+00 +1.9000e+01 +0.0000e+00 +5.0000e+00 +0.0000e+00 +2.0000e+00 +0.0000e+00 +0.0000e+00 +4.0000e+00 +0.0000e+00 +5.0000e+00 +0.0000e+00
88 +5.999461958e+02 +5.999461958e+02 +3.528361958e+02 +3.528361958e+02 +2.0000e+00 +0.0000e+00 +0.0000e+00 +0.0000e+00 +1.3000e+01 +1.0000e+01 +0.0000e+00 +0.0000e+00 +0.0000e+00 +1.6000e+01 +0.0000e+00 +2.0000e+00 +0.0000e+00 +0.0000e+00 +0.0000e+00 +0.0000e+00 +1.0000e+00 +0.0000e+00 +2.0000e+00 +0.0000e+00
95 +3.923013958e+02 +3.923013958e+02 +1.451913958e+02 +1.451913958e+02 +0.0000e+00 +0.0000e+00 +4.0000e+00 +0.0000e+00 +0.0000e+00 +5.0000e+00 +7.0000e+00 +3.0000e+00 +0.0000e+00 +6.0000e+00 +0.0000e+00 +5.0000e+00 +7.0000e+00 +0.0000e+00 +1.3000e+01 +0.0000e+00 +0.0000e+00 +5.0000e+00 +0.0000e+00 +1.0000e+01
107 +2.205349958e+02 +2.205349958e+02 -2.657500416e+01 -2.657500416e+01 +0.0000e+00 +0.0000e+00 +2.0000e+00 +0.0000e+00 +0.0000e+00 +3.0000e+00 +5.0000e+00 +1.0000e+00 +0.0000e+00 +4.0000e+00 +0.0000e+00 +3.0000e+00 +5.0000e+00 +0.0000e+00 +1.1000e+01 +0.0000e+00 +0.0000e+00 +3.0000e+00 +0.0000e+00 +8.0000e+00
119 +1.356005958e+02 +1.356005958e+02 -1.115094042e+02 -1.115094042e+02 +0.0000e+00 +0.0000e+00 +0.0000e+00 +0.0000e+00 +0.0000e+00 +1.0000e+00 +3.0000e+00 +0.0000e+00 +0.0000e+00 +2.0000e+00 +0.0000e+00 +1.0000e+00 +3.0000e+00 +0.0000e+00 +9.0000e+00 +0.0000e+00 +0.0000e+00 +1.0000e+00 +0.0000e+00 +6.0000e+00
% function evaluation | noise-free fitness - Fopt (-1.520400000000e+02) | best noise-free fitness - Fopt | measured fitness | best measured fitness | x1 | x2...
1 +6.719650435e+03 +6.719650435e+03 +6.567610435e+03 +6.567610435e+03 +2.4000e+01 +8.0000e+00 +6.0000e+00 +2.5000e+01 +1.2000e+01 +2.2000e+01 +2.0000e+00 +3.0000e+01 +3.0000e+01 +2.7000e+01 +2.2000e+01 +1.1000e+01 +1.5000e+01 +1.2000e+01 +2.4000e+01 +0.0000e+00 +1.4000e+01 +2.4000e+01 +9.0000e+00 +1.6000e+01
2 +5.920220035e+03 +5.920220035e+03 +5.768180035e+03 +5.768180035e+03 +8.0000e+00 +6.0000e+00 +0.0000e+00 +2.5000e+01 +2.7000e+01 +2.4000e+01 +1.0000e+01 +8.0000e+00 +1.5000e+01 +3.0000e+01 +2.2000e+01 +2.0000e+00 +2.8000e+01 +1.0000e+00 +1.4000e+01 +0.0000e+00 +1.0000e+00 +3.0000e+00 +3.0000e+01 +2.4000e+01
22 +3.731188035e+03 +3.731188035e+03 +3.579148035e+03 +3.579148035e+03 +1.6000e+01 +2.1000e+01 +7.0000e+00 +2.3000e+01 +4.0000e+00 +0.0000e+00 +1.1000e+01 +1.2000e+01 +1.8000e+01 +1.0000e+01 +1.4000e+01 +2.2000e+01 +0.0000e+00 +2.0000e+01 +1.7000e+01 +2.0000e+01 +2.0000e+00 +1.4000e+01 +4.0000e+00 +0.0000e+00
46 +2.251568835e+03 +2.251568835e+03 +2.099528835e+03 +2.099528835e+03 +8.0000e+00 +2.1000e+01 +3.0000e+00 +1.9000e+01 +0.0000e+00 +0.0000e+00 +7.0000e+00 +8.0000e+00 +1.4000e+01 +6.0000e+00 +1.0000e+01 +1.8000e+01 +0.0000e+00 +1.6000e+01 +1.3000e+01 +1.6000e+01 +0.0000e+00 +1.0000e+01 +0.0000e+00 +0.0000e+00
64 +1.379901635e+03 +1.379901635e+03 +1.227861635e+03 +1.227861635e+03 +6.0000e+00 +1.7000e+01 +0.0000e+00 +1.6000e+01 +0.0000e+00 +0.0000e+00 +4.0000e+00 +5.0000e+00 +1.1000e+01 +3.0000e+00 +7.0000e+00 +1.5000e+01 +0.0000e+00 +1.3000e+01 +1.0000e+01 +1.3000e+01 +0.0000e+00 +7.0000e+00 +0.0000e+00 +0.0000e+00
76 +9.923864352e+02 +9.923864352e+02 +8.403464352e+02 +8.403464352e+02 +4.0000e+00 +1.6000e+01 +0.0000e+00 +1.4000e+01 +0.0000e+00 +0.0000e+00 +2.0000e+00 +3.0000e+00 +9.0000e+00 +1.0000e+00 +5.0000e+00 +1.3000e+01 +0.0000e+00 +1.1000e+01 +8.0000e+00 +1.1000e+01 +0.0000e+00 +5.0000e+00 +0.0000e+00 +0.0000e+00
94 +5.407192352e+02 +5.407192352e+02 +3.886792352e+02 +3.886792352e+02 +1.0000e+00 +1.3000e+01 +0.0000e+00 +1.1000e+01 +0.0000e+00 +0.0000e+00 +0.0000e+00 +0.0000e+00 +6.0000e+00 +0.0000e+00 +2.0000e+00 +1.0000e+01 +0.0000e+00 +8.0000e+00 +5.0000e+00 +8.0000e+00 +0.0000e+00 +2.0000e+00 +0.0000e+00 +0.0000e+00
106 +3.111272352e+02 +3.111272352e+02 +1.590872352e+02 +1.590872352e+02 +3.0000e+00 +8.0000e+00 +0.0000e+00 +9.0000e+00 +0.0000e+00 +0.0000e+00 +0.0000e+00 +0.0000e+00 +4.0000e+00 +0.0000e+00 +0.0000e+00 +8.0000e+00 +0.0000e+00 +6.0000e+00 +3.0000e+00 +6.0000e+00 +0.0000e+00 +0.0000e+00 +0.0000e+00 +0.0000e+00
112 +2.379624352e+02 +2.379624352e+02 +8.592243520e+01 +8.592243520e+01 +3.0000e+00 +6.0000e+00 +0.0000e+00 +8.0000e+00 +0.0000e+00 +0.0000e+00 +0.0000e+00 +0.0000e+00 +3.0000e+00 +0.0000e+00 +0.0000e+00 +7.0000e+00 +0.0000e+00 +5.0000e+00 +2.0000e+00 +5.0000e+00 +0.0000e+00 +0.0000e+00 +0.0000e+00 +0.0000e+00
124 +1.488680352e+02 +1.488680352e+02 -3.171964800e+00 -3.171964800e+00 +1.0000e+00 +4.0000e+00 +0.0000e+00 +6.0000e+00 +0.0000e+00 +0.0000e+00 +0.0000e+00 +0.0000e+00 +1.0000e+00 +0.0000e+00 +0.0000e+00 +5.0000e+00 +0.0000e+00 +3.0000e+00 +0.0000e+00 +3.0000e+00 +0.0000e+00 +0.0000e+00 +0.0000e+00 +0.0000e+00
168 +9.286163520e+01 +9.286163520e+01 -5.917836480e+01 -5.917836480e+01 +0.0000e+00 +1.0000e+00 +1.0000e+00 +1.0000e+00 +1.0000e+00 +0.0000e+00 +0.0000e+00 +0.0000e+00 +0.0000e+00 +0.0000e+00 +0.0000e+00 +0.0000e+00 +0.0000e+00 +3.0000e+00 +0.0000e+00 +0.0000e+00 +0.0000e+00 +0.0000e+00 +0.0000e+00 +0.0000e+00
% function evaluation | noise-free fitness - Fopt (-2.525000000000e+01) | best noise-free fitness - Fopt | measured fitness | best measured fitness | x1 | x2...
1 +7.888198028e+03 +7.888198028e+03 +7.862948028e+03 +7.862948028e+03 +1.6000e+01 +1.2000e+01 +1.9000e+01 +0.0000e+00 +1.2000e+01 +6.0000e+00 +2.7000e+01 +5.0000e+00 +3.0000e+01 +2.6000e+01 +2.7000e+01 +2.1000e+01 +1.8000e+01 +3.0000e+00 +2.1000e+01 +2.0000e+01 +2.7000e+01 +2.6000e+01 +2.7000e+01 +1.0000e+01
5 +6.070814028e+03 +6.070814028e+03 +6.045564028e+03 +6.045564028e+03 +2.1000e+01 +2.3000e+01 +2.9000e+01 +1.3000e+01 +9.0000e+00 +1.4000e+01 +0.0000e+00 +2.3000e+01 +2.3000e+01 +2.1000e+01 +4.0000e+00 +3.0000e+00 +1.9000e+01 +2.3000e+01 +6.0000e+00 +2.0000e+00 +1.4000e+01 +4.0000e+00 +0.0000e+00 +3.0000e+01
30 +3.871948428e+03 +3.871948428e+03 +3.846698428e+03 +3.846698428e+03 +0.0000e+00 +1.3000e+01 +4.0000e+00 +3.0000e+00 +6.0000e+00 +2.4000e+01 +0.0000e+00 +2.1000e+01 +7.0000e+00 +4.0000e+00 +1.4000e+01 +2.0000e+00 +5.0000e+00 +0.0000e+00 +2.6000e+01 +1.7000e+01 +2.4000e+01 +1.0000e+01 +0.0000e+00 +2.5000e+01
54 +2.385833228e+03 +2.385833228e+03 +2.360583228e+03 +2.360583228e+03 +6.0000e+00 +1.0000e+00 +0.0000e+00 +0.0000e+00 +2.0000e+00 +2.0000e+01 +0.0000e+00 +1.7000e+01 +3.0000e+00 +0.0000e+00 +1.0000e+01 +0.0000e+00 +1.0000e+00 +0.0000e+00 +2.2000e+01 +1.3000e+01 +2.0000e+01 +6.0000e+00 +0.0000e+00 +2.1000e+01
75 +1.422948428e+03 +1.422948428e+03 +1.397698428e+03 +1.397698428e+03 +7.0000e+00 +1.0000e+00 +6.0000e+00 +0.0000e+00 +1.5000e+01 +0.0000e+00 +1.0000e+00 +0.0000e+00 +1.3000e+01 +6.0000e+00 +0.0000e+00 +0.0000e+00 +1.8000e+01 +1.7000e+01 +0.0000e+00 +0.0000e+00 +1.2000e+01 +6.0000e+00 +0.0000e+00 +6.0000e+00
93 +8.625404282e+02 +8.625404282e+02 +8.372904282e+02 +8.372904282e+02 +3.0000e+00 +0.0000e+00 +3.0000e+00 +0.0000e+00 +1.2000e+01 +0.0000e+00 +0.0000e+00 +0.0000e+00 +1.0000e+01 +3.0000e+00 +0.0000e+00 +0.0000e+00 +1.5000e+01 +1.4000e+01 +0.0000e+00 +0.0000e+00 +9.0000e+00 +3.0000e+00 +0.0000e+00 +3.0000e+00
105 +6.025276282e+02 +6.025276282e+02 +5.772776282e+02 +5.772776282e+02 +0.0000e+00 +1.0000e+00 +1.0000e+00 +0.0000e+00 +1.0000e+01 +0.0000e+00 +0.0000e+00 +0.0000e+00 +8.0000e+00 +1.0000e+00 +0.0000e+00 +0.0000e+00 +1.3000e+01 +1.2000e+01 +0.0000e+00 +0.0000e+00 +7.0000e+00 +1.0000e+00 +0.0000e+00 +1.0000e+00
123 +3.393852282e+02 +3.393852282e+02 +3.141352282e+02 +3.141352282e+02 +0.0000e+00 +0.0000e+00 +0.0000e+00 +0.0000e+00 +7.0000e+00 +0.0000e+00 +0.0000e+00 +0.0000e+00 +5.0000e+00 +0.0000e+00 +0.0000e+00 +0.0000e+00 +1.0000e+01 +9.0000e+00 +0.0000e+00 +0.0000e+00 +4.0000e+00 +0.0000e+00 +0.0000e+00 +0.0000e+00
135 +2.251868282e+02 +2.251868282e+02 +1.999368282e+02 +1.999368282e+02 +0.0000e+00 +0.0000e+00 +0.0000e+00 +0.0000e+00 +5.0000e+00 +0.0000e+00 +0.0000e+00 +0.0000e+00 +3.0000e+00 +0.0000e+00 +0.0000e+00 +0.0000e+00 +8.0000e+00 +7.0000e+00 +0.0000e+00 +0.0000e+00 +2.0000e+00 +0.0000e+00 +0.0000e+00 +0.0000e+00
145 +1.527628282e+02 +1.527628282e+02 +1.275128282e+02 +1.275128282e+02 +0.0000e+00 +0.0000e+00 +0.0000e+00 +0.0000e+00 +0.0000e+00 +0.0000e+00 +3.0000e+00 +0.0000e+00 +6.0000e+00 +2.0000e+00 +3.0000e+00 +0.0000e+00 +0.0000e+00 +0.0000e+00 +0.0000e+00 +0.0000e+00 +3.0000e+00 +2.0000e+00 +3.0000e+00 +0.0000e+00
157 +8.167802816e+01 +8.167802816e+01 +5.642802816e+01 +5.642802816e+01 +0.0000e+00 +0.0000e+00 +0.0000e+00 +0.0000e+00 +0.0000e+00 +0.0000e+00 +1.0000e+00 +0.0000e+00 +4.0000e+00 +0.0000e+00 +1.0000e+00 +0.0000e+00 +0.0000e+00 +0.0000e+00 +0.0000e+00 +0.0000e+00 +1.0000e+00 +0.0000e+00 +1.0000e+00 +0.0000e+00
% function evaluation | noise-free fitness - Fopt (2.230000000000e+00) | best noise-free fitness - Fopt | measured fitness | best measured fitness | x1 | x2...
1 +4.906638583e+03 +4.906638583e+03 +4.908868583e+03 +4.908868583e+03 +4.0000e+00 +1.9000e+01 +1.0000e+01 +1.6000e+01 +1.7000e+01 +2.6000e+01 +8.0000e+00 +9.0000e+00 +1.5000e+01 +2.7000e+01 +7.0000e+00 +0.0000e+00 +1.9000e+01 +0.0000e+00 +1.1000e+01 +8.0000e+00 +2.8000e+01 +1.1000e+01 +1.9000e+01 +1.3000e+01
6 +3.220744183e+03 +3.220744183e+03 +3.222974183e+03 +3.222974183e+03 +2.2000e+01 +2.0000e+00 +2.0000e+00 +4.0000e+00 +4.0000e+00 +0.0000e+00 +1.8000e+01 +9.0000e+00 +2.8000e+01 +1.2000e+01 +1.2000e+01 +9.0000e+00 +2.2000e+01 +1.0000e+01 +1.6000e+01 +6.0000e+00 +1.1000e+01 +0.0000e+00 +5.0000e+00 +1.0000e+01
18 +2.401832183e+03 +2.401832183e+03 +2.404062183e+03 +2.404062183e+03 +1.6000e+01 +4.0000e+00 +0.0000e+00 +2.0000e+00 +2.0000e+00 +0.0000e+00 +1.6000e+01 +7.0000e+00 +2.6000e+01 +1.0000e+01 +1.0000e+01 +7.0000e+00 +2.0000e+01 +8.0000e+00 +1.4000e+01 +4.0000e+00 +9.0000e+00 +0.0000e+00 +3.0000e+00 +8.0000e+00
36 +1.545603383e+03 +1.545603383e+03 +1.547833383e+03 +1.547833383e+03 +1.3000e+01 +1.0000e+00 +0.0000e+00 +0.0000e+00 +0.0000e+00 +0.0000e+00 +1.3000e+01 +4.0000e+00 +2.3000e+01 +7.0000e+00 +7.0000e+00 +4.0000e+00 +1.7000e+01 +5.0000e+00 +1.1000e+01 +1.0000e+00 +6.0000e+00 +0.0000e+00 +0.0000e+00 +5.0000e+00
60 +8.446545830e+02 +8.446545830e+02 +8.468845830e+02 +8.468845830e+02 +2.0000e+00 +5.0000e+00 +0.0000e+00 +0.0000e+00 +0.0000e+00 +0.0000e+00 +9.0000e+00 +0.0000e+00 +1.9000e+01 +3.0000e+00 +3.0000e+00 +0.0000e+00 +1.3000e+01 +1.0000e+00 +7.0000e+00 +0.0000e+00 +2.0000e+00 +0.0000e+00 +0.0000e+00 +1.0000e+00
72 +5.984433830e+02 +5.984433830e+02 +6.006733830e+02 +6.006733830e+02 +3.0000e+00 +0.0000e+00 +0.0000e+00 +0.0000e+00 +0.0000e+00 +0.0000e+00 +7.0000e+00 +0.0000e+00 +1.7000e+01 +1.0000e+00 +1.0000e+00 +0.0000e+00 +1.1000e+01 +0.0000e+00 +5.0000e+00 +0.0000e+00 +0.0000e+00 +0.0000e+00 +0.0000e+00 +0.0000e+00
90 +3.916577830e+02 +3.916577830e+02 +3.938877830e+02 +3.938877830e+02 +0.0000e+00 +0.0000e+00 +0.0000e+00 +0.0000e+00 +0.0000e+00 +0.0000e+00 +4.0000e+00 +0.0000e+00 +1.4000e+01 +0.0000e+00 +0.0000e+00 +0.0000e+00 +8.0000e+00 +0.0000e+00 +2.0000e+00 +0.0000e+00 +0.0000e+00 +0.0000e+00 +0.0000e+00 +0.0000e+00
108 +2.466113830e+02 +2.466113830e+02 +2.488413830e+02 +2.488413830e+02 +0.0000e+00 +0.0000e+00 +0.0000e+00 +0.0000e+00 +0.0000e+00 +0.0000e+00 +1.0000e+00 +0.0000e+00 +1.1000e+01 +0.0000e+00 +0.0000e+00 +0.0000e+00 +5.0000e+00 +0.0000e+00 +0.0000e+00 +0.0000e+00 +0.0000e+00 +0.0000e+00 +0.0000e+00 +0.0000e+00
132 +1.569121830e+02 +1.569121830e+02 +1.591421830e+02 +1.591421830e+02 +0.0000e+00 +0.0000e+00 +0.0000e+00 +0.0000e+00 +0.0000e+00 +0.0000e+00 +0.0000e+00 +0.0000e+00 +7.0000e+00 +0.0000e+00 +0.0000e+00 +0.0000e+00 +1.0000e+00 +0.0000e+00 +0.0000e+00 +0.0000e+00 +0.0000e+00 +0.0000e+00 +0.0000e+00 +0.0000e+00
157 +9.955698304e+01 +9.955698304e+01 +1.017869830e+02 +1.017869830e+02 +0.0000e+00 +0.0000e+00 +0.0000e+00 +0.0000e+00 +0.0000e+00 +0.0000e+00 +0.0000e+00 +0.0000e+00 +0.0000e+00 +1.0000e+00 +0.0000e+00 +0.0000e+00 +0.0000e+00 +0.0000e+00 +0.0000e+00 +0.0000e+00 +2.0000e+00 +0.0000e+00 +0.0000e+00 +0.0000e+00
% function evaluation | noise-free fitness - Fopt (-1.308000000000e+01) | best noise-free fitness - Fopt | measured fitness | best measured fitness | x1 | x2...
1 +4.160785747e+03 +4.160785747e+03 +4.147705747e+03 +4.147705747e+03 +2.0000e+01 +1.7000e+01 +4.0000e+00 +1.3000e+01 +1.4000e+01 +3.0000e+00 +2.6000e+01 +9.0000e+00 +3.0000e+00 +5.0000e+00 +8.0000e+00 +0.0000e+00 +2.0000e+00 +2.5000e+01 +1.2000e+01 +5.0000e+00 +2.9000e+01 +1.7000e+01 +1.9000e+01 +3.0000e+00
7 +3.734596947e+03 +3.734596947e+03 +3.721516947e+03 +3.721516947e+03 +1.6000e+01 +1.9000e+01 +3.0000e+00 +1.2000e+01 +1.3000e+01 +2.0000e+00 +2.5000e+01 +8.0000e+00 +2.0000e+00 +4.0000e+00 +7.0000e+00 +0.0000e+00 +1.0000e+00 +2.4000e+01 +1.1000e+01 +4.0000e+00 +2.8000e+01 +1.6000e+01 +1.8000e+01 +2.0000e+00
37 +2.347859347e+03 +2.347859347e+03 +2.334779347e+03 +2.334779347e+03 +2.0000e+00 +2.4000e+01 +0.0000e+00 +7.0000e+00 +8.0000e+00 +0.0000e+00 +2.0000e+01 +3.0000e+00 +0.0000e+00 +0.0000e+00 +2.0000e+00 +0.0000e+00 +0.0000e+00 +1.9000e+01 +6.0000e+00 +0.0000e+00 +2.3000e+01 +1.1000e+01 +1.3000e+01 +0.0000e+00
55 +1.393553747e+03 +1.393553747e+03 +1.380473747e+03 +1.380473747e+03 +7.0000e+00 +1.3000e+01 +0.0000e+00 +4.0000e+00 +5.0000e+00 +0.0000e+00 +1.7000e+01 +0.0000e+00 +0.0000e+00 +0.0000e+00 +0.0000e+00 +0.0000e+00 +0.0000e+00 +1.6000e+01 +3.0000e+00 +0.0000e+00 +2.0000e+01 +8.0000e+00 +1.0000e+01 +0.0000e+00
73 +8.922177466e+02 +8.922177466e+02 +8.791377466e+02 +8.791377466e+02 +4.0000e+00 +1.0000e+01 +0.0000e+00 +1.0000e+00 +2.0000e+00 +0.0000e+00 +1.4000e+01 +0.0000e+00 +0.0000e+00 +0.0000e+00 +0.0000e+00 +0.0000e+00 +0.0000e+00 +1.3000e+01 +0.0000e+00 +0.0000e+00 +1.7000e+01 +5.0000e+00 +7.0000e+00 +0.0000e+00
91 +5.622705466e+02 +5.622705466e+02 +5.491905466e+02 +5.491905466e+02 +1.0000e+00 +8.0000e+00 +0.0000e+00 +0.0000e+00 +0.0000e+00 +0.0000e+00 +1.1000e+01 +0.0000e+00 +0.0000e+00 +0.0000e+00 +0.0000e+00 +0.0000e+00 +0.0000e+00 +1.0000e+01 +0.0000e+00 +0.0000e+00 +1.4000e+01 +2.0000e+00 +4.0000e+00 +0.0000e+00
109 +3.115617466e+02 +3.115617466e+02 +2.984817466e+02 +2.984817466e+02 +5.0000e+00 +0.0000e+00 +0.0000e+00 +0.0000e+00 +0.0000e+00 +0.0000e+00 +8.0000e+00 +0.0000e+00 +0.0000e+00 +0.0000e+00 +0.0000e+00 +0.0000e+00 +0.0000e+00 +7.0000e+00 +0.0000e+00 +0.0000e+00 +1.1000e+01 +0.0000e+00 +1.0000e+00 +0.0000e+00
121 +2.145537466e+02 +2.145537466e+02 +2.014737466e+02 +2.014737466e+02 +3.0000e+00 +0.0000e+00 +0.0000e+00 +0.0000e+00 +0.0000e+00 +0.0000e+00 +6.0000e+00 +0.0000e+00 +0.0000e+00 +0.0000e+00 +0.0000e+00 +0.0000e+00 +0.0000e+00 +5.0000e+00 +0.0000e+00 +0.0000e+00 +9.0000e+00 +0.0000e+00 +0.0000e+00 +0.0000e+00
133 +1.481377466e+02 +1.481377466e+02 +1.350577466e+02 +1.350577466e+02 +1.0000e+00 +0.0000e+00 +0.0000e+00 +0.0000e+00 +0.0000e+00 +0.0000e+00 +4.0000e+00 +0.0000e+00 +0.0000e+00 +0.0000e+00 +0.0000e+00 +0.0000e+00 +0.0000e+00 +3.0000e+00 +0.0000e+00 +0.0000e+00 +7.0000e+00 +0.0000e+00 +0.0000e+00 +0.0000e+00
147 +9.881134656e+01 +9.881134656e+01 +8.573134656e+01 +8.573134656e+01 +0.0000e+00 +0.0000e+00 +3.0000e+00 +6.0000e+00 +0.0000e+00 +0.0000e+00 +0.0000e+00 +0.0000e+00 +0.0000e+00 +0.0000e+00 +0.0000e+00 +0.0000e+00 +0.0000e+00 +0.0000e+00 +0.0000e+00 +3.0000e+00 +0.0000e+00 +4.0000e+00 +0.0000e+00 +0.0000e+00
% function evaluation | noise-free fitness - Fopt (2.671600000000e+02) | best noise-free fitness - Fopt | measured fitness | best measured fitness | x1 | x2...
1 +4.484849784e+03 +4.484849784e+03 +4.752009784e+03 +4.752009784e+03 +2.0000e+00 +0.0000e+00 +8.0000e+00 +6.0000e+00 +2.0000e+01 +2.7000e+01 +2.6000e+01 +1.2000e+01 +6.0000e+00 +2.0000e+01 +2.5000e+01 +1.0000e+01 +1.6000e+01 +4.0000e+00 +1.3000e+01 +6.0000e+00 +3.0000e+00 +6.0000e+00 +1.7000e+01 +1.2000e+01
9 +3.970574584e+03 +3.970574584e+03 +4.237734584e+03 +4.237734584e+03 +1.9000e+01 +6.0000e+00 +9.0000e+00 +6.0000e+00 +2.6000e+01 +4.0000e+00 +1.3000e+01 +1.3000e+01 +3.0000e+00 +1.7000e+01 +0.0000e+00 +0.0000e+00 +5.0000e+00 +1.9000e+01 +2.0000e+00 +3.0000e+00 +1.9000e+01 +1.7000e+01 +1.4000e+01 +2.4000e+01
31 +2.425856184e+03 +2.425856184e+03 +2.693016184e+03 +2.693016184e+03 +0.0000e+00 +0.0000e+00 +3.0000e+00 +1.0000e+00 +1.5000e+01 +2.2000e+01 +2.1000e+01 +7.0000e+00 +1.0000e+00 +1.5000e+01 +2.0000e+01 +5.0000e+00 +1.1000e+01 +0.0000e+00 +8.0000e+00 +1.0000e+00 +0.0000e+00 +1.0000e+00 +1.2000e+01 +7.0000e+00
51 +1.478696184e+03 +1.478696184e+03 +1.745856184e+03 +1.745856184e+03 +7.0000e+00 +5.0000e+00 +2.0000e+00 +0.0000e+00 +1.9000e+01 +0.0000e+00 +6.0000e+00 +6.0000e+00 +0.0000e+00 +1.0000e+01 +0.0000e+00 +0.0000e+00 +0.0000e+00 +1.2000e+01 +0.0000e+00 +0.0000e+00 +1.2000e+01 +1.0000e+01 +7.0000e+00 +1.7000e+01
69 +8.768561843e+02 +8.768561843e+02 +1.144016184e+03 +1.144016184e+03 +6.0000e+00 +0.0000e+00 +0.0000e+00 +0.0000e+00 +1.6000e+01 +0.0000e+00 +3.0000e+00 +3.0000e+00 +0.0000e+00 +7.0000e+00 +0.0000e+00 +0.0000e+00 +0.0000e+00 +9.0000e+00 +0.0000e+00 +0.0000e+00 +9.0000e+00 +7.0000e+00 +4.0000e+00 +1.4000e+01
81 +6.049617843e+02 +6.049617843e+02 +8.721217843e+02 +8.721217843e+02 +0.0000e+00 +4.0000e+00 +0.0000e+00 +0.0000e+00 +1.4000e+01 +0.0000e+00 +1.0000e+00 +1.0000e+00 +0.0000e+00 +5.0000e+00 +0.0000e+00 +0.0000e+00 +0.0000e+00 +7.0000e+00 +0.0000e+00 +0.0000e+00 +7.0000e+00 +5.0000e+00 +2.0000e+00 +1.2000e+01
99 +3.273121843e+02 +3.273121843e+02 +5.944721843e+02 +5.944721843e+02 +1.0000e+00 +0.0000e+00 +0.0000e+00 +0.0000e+00 +1.1000e+01 +0.0000e+00 +0.0000e+00 +0.0000e+00 +0.0000e+00 +2.0000e+00 +0.0000e+00 +0.0000e+00 +0.0000e+00 +4.0000e+00 +0.0000e+00 +0.0000e+00 +4.0000e+00 +2.0000e+00 +0.0000e+00 +9.0000e+00
111 +2.250513843e+02 +2.250513843e+02 +4.922113843e+02 +4.922113843e+02 +0.0000e+00 +0.0000e+00 +0.0000e+00 +0.0000e+00 +9.0000e+00 +0.0000e+00 +0.0000e+00 +0.0000e+00 +0.0000e+00 +0.0000e+00 +0.0000e+00 +0.0000e+00 +0.0000e+00 +2.0000e+00 +0.0000e+00 +0.0000e+00 +2.0000e+00 +0.0000e+00 +0.0000e+00 +7.0000e+00
123 +1.535665843e+02 +1.535665843e+02 +4.207265843e+02 +4.207265843e+02 +0.0000e+00 +0.0000e+00 +0.0000e+00 +0.0000e+00 +7.0000e+00 +0.0000e+00 +0.0000e+00 +0.0000e+00 +0.0000e+00 +0.0000e+00 +0.0000e+00 +0.0000e+00 +0.0000e+00 +0.0000e+00 +0.0000e+00 +0.0000e+00 +0.0000e+00 +0.0000e+00 +0.0000e+00 +5.0000e+00
147 +9.823218432e+01 +9.823218432e+01 +3.653921843e+02 +3.653921843e+02 +0.0000e+00 +0.0000e+00 +0.0000e+00 +0.0000e+00 +3.0000e+00 +0.0000e+00 +0.0000e+00 +0.0000e+00 +0.0000e+00 +0.0000e+00 +0.0000e+00 +0.0000e+00 +0.0000e+00 +0.0000e+00 +0.0000e+00 +0.0000e+00 +0.0000e+00 +0.0000e+00 +0.0000e+00 +1.0000e+00
% function evaluation | noise-free fitness - Fopt (3.710000000000e+00) | best noise-free fitness - Fopt | measured fitness | best measured fitness | x1 | x2...
1 +9.751233309e+03 +9.751233309e+03 +9.754943309e+03 +9.754943309e+03 +2.0000e+00 +2.5000e+01 +2.7000e+01 +2.6000e+01 +1.1000e+01 +2.6000e+01 +2.9000e+01 +3.0000e+01 +2.7000e+01 +7.0000e+00 +2.0000e+00 +0.0000e+00 +1.1000e+01 +1.7000e+01 +2.3000e+01 +1.7000e+01 +2.6000e+01 +2.2000e+01 +2.2000e+01 +3.0000e+01
2 +5.761495709e+03 +5.761495709e+03 +5.765205709e+03 +5.765205709e+03 +9.0000e+00 +1.1000e+01 +1.9000e+01 +2.2000e+01 +6.0000e+00 +9.0000e+00 +6.0000e+00 +2.3000e+01 +3.0000e+01 +1.5000e+01 +2.2000e+01 +1.4000e+01 +1.7000e+01 +2.3000e+01 +0.0000e+00 +1.2000e+01 +2.8000e+01 +7.0000e+00 +6.0000e+00 +9.0000e+00
9 +3.945430109e+03 +3.945430109e+03 +3.949140109e+03 +3.949140109e+03 +0.0000e+00 +2.0000e+00 +0.0000e+00 +1.9000e+01 +2.6000e+01 +1.0000e+00 +9.0000e+00 +2.5000e+01 +8.0000e+00 +2.4000e+01 +9.0000e+00 +5.0000e+00 +1.7000e+01 +2.1000e+01 +1.0000e+01 +3.0000e+00 +1.4000e+01 +2.0000e+00 +0.0000e+00 +1.3000e+01
33 +2.431113309e+03 +2.431113309e+03 +2.434823309e+03 +2.434823309e+03 +0.0000e+00 +0.0000e+00 +0.0000e+00 +1.5000e+01 +2.2000e+01 +0.0000e+00 +5.0000e+00 +2.1000e+01 +4.0000e+00 +2.0000e+01 +5.0000e+00 +1.0000e+00 +1.3000e+01 +1.7000e+01 +6.0000e+00 +0.0000e+00 +1.0000e+01 +0.0000e+00 +0.0000e+00 +9.0000e+00
57 +1.399274909e+03 +1.399274909e+03 +1.402984909e+03 +1.402984909e+03 +0.0000e+00 +0.0000e+00 +0.0000e+00 +1.1000e+01 +1.8000e+01 +0.0000e+00 +1.0000e+00 +1.7000e+01 +0.0000e+00 +1.6000e+01 +1.0000e+00 +0.0000e+00 +9.0000e+00 +1.3000e+01 +2.0000e+00 +0.0000e+00 +6.0000e+00 +0.0000e+00 +0.0000e+00 +5.0000e+00
75 +8.693501094e+02 +8.693501094e+02 +8.730601094e+02 +8.730601094e+02 +0.0000e+00 +0.0000e+00 +0.0000e+00 +8.0000e+00 +1.5000e+01 +0.0000e+00 +0.0000e+00 +1.4000e+01 +0.0000e+00 +1.3000e+01 +0.0000e+00 +0.0000e+00 +6.0000e+00 +1.0000e+01 +0.0000e+00 +0.0000e+00 +3.0000e+00 +0.0000e+00 +0.0000e+00 +2.0000e+00
87 +6.087901094e+02 +6.087901094e+02 +6.125001094e+02 +6.125001094e+02 +0.0000e+00 +0.0000e+00 +0.0000e+00 +6.0000e+00 +1.3000e+01 +0.0000e+00 +0.0000e+00 +1.2000e+01 +0.0000e+00 +1.1000e+01 +0.0000e+00 +0.0000e+00 +4.0000e+00 +8.0000e+00 +0.0000e+00 +0.0000e+00 +1.0000e+00 +0.0000e+00 +0.0000e+00 +0.0000e+00
105 +3.350077094e+02 +3.350077094e+02 +3.387177094e+02 +3.387177094e+02 +0.0000e+00 +0.0000e+00 +0.0000e+00 +3.0000e+00 +1.0000e+01 +0.0000e+00 +0.0000e+00 +9.0000e+00 +0.0000e+00 +8.0000e+00 +0.0000e+00 +0.0000e+00 +1.0000e+00 +5.0000e+00 +0.0000e+00 +0.0000e+00 +0.0000e+00 +0.0000e+00 +0.0000e+00 +0.0000e+00
117 +2.152253094e+02 +2.152253094e+02 +2.189353094e+02 +2.189353094e+02 +0.0000e+00 +0.0000e+00 +0.0000e+00 +1.0000e+00 +8.0000e+00 +0.0000e+00 +0.0000e+00 +7.0000e+00 +0.0000e+00 +6.0000e+00 +0.0000e+00 +0.0000e+00 +0.0000e+00 +3.0000e+00 +0.0000e+00 +0.0000e+00 +0.0000e+00 +0.0000e+00 +0.0000e+00 +0.0000e+00
129 +1.413005094e+02 +1.413005094e+02 +1.450105094e+02 +1.450105094e+02 +0.0000e+00 +0.0000e+00 +0.0000e+00 +0.0000e+00 +6.0000e+00 +0.0000e+00 +0.0000e+00 +5.0000e+00 +0.0000e+00 +4.0000e+00 +0.0000e+00 +0.0000e+00 +0.0000e+00 +1.0000e+00 +0.0000e+00 +0.0000e+00 +0.0000e+00 +0.0000e+00 +0.0000e+00 +0.0000e+00
147 +9.500610944e+01 +9.500610944e+01 +9.871610944e+01 +9.871610944e+01 +0.0000e+00 +0.0000e+00 +0.0000e+00 +0.0000e+00 +3.0000e+00 +0.0000e+00 +0.0000e+00 +2.0000e+00 +0.0000e+00 +1.0000e+00 +0.0000e+00 +0.0000e+00 +0.0000e+00 +0.0000e+00 +0.0000e+00 +0.0000e+00 +0.0000e+00 +0.0000e+00 +0.0000e+00 +0.0000e+00
% function evaluation | noise-free fitness - Fopt (9.478000000000e+01) | best noise-free fitness - Fopt | measured fitness | best measured fitness | x1 | x2...
1 +6.093866233e+03 +6.093866233e+03 +6.188646233e+03 +6.188646233e+03 +9.0000e+00 +8.0000e+00 +1.3000e+01 +2.8000e+01 +3.0000e+01 +2.2000e+01 +0.0000e+00 +1.5000e+01 +2.4000e+01 +2.9000e+01 +3.0000e+00 +6.0000e+00 +1.0000e+01 +5.0000e+00 +1.7000e+01 +2.6000e+01 +9.0000e+00 +1.7000e+01 +2.3000e+01 +1.1000e+01
17 +3.692951033e+03 +3.692951033e+03 +3.787731033e+03 +3.787731033e+03 +6.0000e+00 +0.0000e+00 +0.0000e+00 +0.0000e+00 +1.3000e+01 +8.0000e+00 +9.0000e+00 +5.0000e+00 +1.9000e+01 +2.0000e+00 +2.4000e+01 +2.2000e+01 +1.0000e+01 +2.1000e+01 +6.0000e+00 +1.2000e+01 +2.1000e+01 +0.0000e+00 +1.0000e+00 +2.6000e+01
41 +2.359514233e+03 +2.359514233e+03 +2.454294233e+03 +2.454294233e+03 +0.0000e+00 +2.0000e+00 +0.0000e+00 +0.0000e+00 +9.0000e+00 +4.0000e+00 +5.0000e+00 +1.0000e+00 +1.5000e+01 +0.0000e+00 +2.0000e+01 +1.8000e+01 +6.0000e+00 +1.7000e+01 +2.0000e+00 +8.0000e+00 +1.7000e+01 +0.0000e+00 +0.0000e+00 +2.2000e+01
62 +1.501706233e+03 +1.501706233e+03 +1.596486233e+03 +1.596486233e+03 +2.0000e+00 +0.0000e+00 +0.0000e+00 +3.0000e+00 +9.0000e+00 +2.0000e+01 +0.0000e+00 +6.0000e+00 +2.0000e+01 +3.0000e+00 +0.0000e+00 +1.4000e+01 +0.0000e+00 +0.0000e+00 +6.0000e+00 +1.2000e+01 +1.2000e+01 +6.0000e+00 +9.0000e+00 +0.0000e+00
80 +9.373974330e+02 +9.373974330e+02 +1.032177433e+03 +1.032177433e+03 +0.0000e+00 +0.0000e+00 +0.0000e+00 +0.0000e+00 +6.0000e+00 +1.7000e+01 +0.0000e+00 +3.0000e+00 +1.7000e+01 +0.0000e+00 +0.0000e+00 +1.1000e+01 +0.0000e+00 +0.0000e+00 +3.0000e+00 +9.0000e+00 +9.0000e+00 +3.0000e+00 +6.0000e+00 +0.0000e+00
98 +5.738166330e+02 +5.738166330e+02 +6.685966330e+02 +6.685966330e+02 +0.0000e+00 +0.0000e+00 +0.0000e+00 +0.0000e+00 +3.0000e+00 +1.4000e+01 +0.0000e+00 +0.0000e+00 +1.4000e+01 +0.0000e+00 +0.0000e+00 +8.0000e+00 +0.0000e+00 +0.0000e+00 +0.0000e+00 +6.0000e+00 +6.0000e+00 +0.0000e+00 +3.0000e+00 +0.0000e+00
112 +3.460550330e+02 +3.460550330e+02 +4.408350330e+02 +4.408350330e+02 +6.0000e+00 +7.0000e+00 +2.0000e+00 +5.0000e+00 +0.0000e+00 +1.0000e+00 +0.0000e+00 +2.0000e+00 +1.0000e+00 +1.1000e+01 +0.0000e+00 +0.0000e+00 +0.0000e+00 +2.0000e+00 +0.0000e+00 +0.0000e+00 +1.0000e+00 +0.0000e+00 +6.0000e+00 +0.0000e+00
124 +2.344390330e+02 +2.344390330e+02 +3.292190330e+02 +3.292190330e+02 +4.0000e+00 +5.0000e+00 +0.0000e+00 +3.0000e+00 +0.0000e+00 +0.0000e+00 +0.0000e+00 +0.0000e+00 +0.0000e+00 +9.0000e+00 +0.0000e+00 +0.0000e+00 +0.0000e+00 +0.0000e+00 +0.0000e+00 +0.0000e+00 +0.0000e+00 +0.0000e+00 +4.0000e+00 +0.0000e+00
136 +1.517766330e+02 +1.517766330e+02 +2.465566330e+02 +2.465566330e+02 +2.0000e+00 +3.0000e+00 +0.0000e+00 +1.0000e+00 +0.0000e+00 +0.0000e+00 +0.0000e+00 +0.0000e+00 +0.0000e+00 +7.0000e+00 +0.0000e+00 +0.0000e+00 +0.0000e+00 +0.0000e+00 +0.0000e+00 +0.0000e+00 +0.0000e+00 +0.0000e+00 +2.0000e+00 +0.0000e+00
% function evaluation | noise-free fitness - Fopt (2.339200000000e+02) | best noise-free fitness - Fopt | measured fitness | best measured fitness | x1 | x2...
1 +7.301353420e+03 +7.301353420e+03 +7.535273420e+03 +7.535273420e+03 +1.4000e+01 +2.1000e+01 +8.0000e+00 +1.7000e+01 +2.5000e+01 +1.9000e+01 +1.5000e+01 +0.0000e+00 +2.6000e+01 +9.0000e+00 +1.9000e+01 +1.7000e+01 +2.0000e+01 +2.8000e+01 +2.7000e+01 +2.2000e+01 +1.2000e+01 +2.7000e+01 +1.7000e+01 +4.0000e+00
2 +6.300727820e+03 +6.300727820e+03 +6.534647820e+03 +6.534647820e+03 +1.1000e+01 +6.0000e+00 +2.5000e+01 +8.0000e+00 +1.0000e+00 +1.8000e+01 +1.0000e+01 +1.1000e+01 +2.5000e+01 +4.0000e+00 +7.0000e+00 +1.3000e+01 +2.7000e+01 +2.1000e+01 +2.4000e+01 +2.1000e+01 +1.5000e+01 +1.6000e+01 +2.8000e+01 +2.2000e+01
12 +3.672222220e+03 +3.672222220e+03 +3.906142220e+03 +3.906142220e+03 +1.3000e+01 +3.0000e+00 +2.0000e+01 +0.0000e+00 +2.3000e+01 +8.0000e+00 +6.0000e+00 +1.0000e+01 +9.0000e+00 +1.3000e+01 +4.0000e+00 +1.4000e+01 +2.5000e+01 +1.0000e+01 +0.0000e+00 +3.0000e+00 +1.3000e+01 +2.3000e+01 +7.0000e+00 +1.4000e+01
30 +2.429495820e+03 +2.429495820e+03 +2.663415820e+03 +2.663415820e+03 +2.0000e+00 +8.0000e+00 +1.7000e+01 +0.0000e+00 +2.0000e+01 +5.0000e+00 +3.0000e+00 +7.0000e+00 +6.0000e+00 +1.0000e+01 +1.0000e+00 +1.1000e+01 +2.2000e+01 +7.0000e+00 +0.0000e+00 +0.0000e+00 +1.0000e+01 +2.0000e+01 +4.0000e+00 +1.1000e+01
54 +1.372739020e+03 +1.372739020e+03 +1.606659020e+03 +1.606659020e+03 +0.0000e+00 +4.0000e+00 +1.3000e+01 +0.0000e+00 +1.6000e+01 +1.0000e+00 +0.0000e+00 +3.0000e+00 +2.0000e+00 +6.0000e+00 +0.0000e+00 +7.0000e+00 +1.8000e+01 +3.0000e+00 +0.0000e+00 +0.0000e+00 +6.0000e+00 +1.6000e+01 +0.0000e+00 +7.0000e+00
72 +8.847454195e+02 +8.847454195e+02 +1.118665420e+03 +1.118665420e+03 +1.0000e+00 +0.0000e+00 +1.0000e+01 +0.0000e+00 +1.3000e+01 +0.0000e+00 +0.0000e+00 +0.0000e+00 +0.0000e+00 +3.0000e+00 +0.0000e+00 +4.0000e+00 +1.5000e+01 +0.0000e+00 +0.0000e+00 +0.0000e+00 +3.0000e+00 +1.3000e+01 +0.0000e+00 +4.0000e+00
90 +5.487822195e+02 +5.487822195e+02 +7.827022195e+02 +7.827022195e+02 +0.0000e+00 +0.0000e+00 +7.0000e+00 +0.0000e+00 +1.0000e+01 +0.0000e+00 +0.0000e+00 +0.0000e+00 +0.0000e+00 +0.0000e+00 +0.0000e+00 +1.0000e+00 +1.2000e+01 +0.0000e+00 +0.0000e+00 +0.0000e+00 +0.0000e+00 +1.0000e+01 +0.0000e+00 +1.0000e+00
102 +3.891214195e+02 +3.891214195e+02 +6.230414195e+02 +6.230414195e+02 +0.0000e+00 +0.0000e+00 +5.0000e+00 +0.0000e+00 +8.0000e+00 +0.0000e+00 +0.0000e+00 +0.0000e+00 +0.0000e+00 +0.0000e+00 +0.0000e+00 +0.0000e+00 +1.0000e+01 +0.0000e+00 +0.0000e+00 +0.0000e+00 +0.0000e+00 +8.0000e+00 +0.0000e+00 +0.0000e+00
120 +2.116126195e+02 +2.116126195e+02 +4.455326195e+02 +4.455326195e+02 +0.0000e+00 +0.0000e+00 +2.0000e+00 +0.0000e+00 +5.0000e+00 +0.0000e+00 +0.0000e+00 +0.0000e+00 +0.0000e+00 +0.0000e+00 +0.0000e+00 +0.0000e+00 +7.0000e+00 +0.0000e+00 +0.0000e+00 +0.0000e+00 +0.0000e+00 +5.0000e+00 +0.0000e+00 +0.0000e+00
132 +1.332734195e+02 +1.332734195e+02 +3.671934195e+02 +3.671934195e+02 +0.0000e+00 +0.0000e+00 +0.0000e+00 +0.0000e+00 +3.0000e+00 +0.0000e+00 +0.0000e+00 +0.0000e+00 +0.0000e+00 +0.0000e+00 +0.0000e+00 +0.0000e+00 +5.0000e+00 +0.0000e+00 +0.0000e+00 +0.0000e+00 +0.0000e+00 +3.0000e+00 +0.0000e+00 +0.0000e+00
144 +9.463341952e+01 +9.463341952e+01 +3.285534195e+02 +3.285534195e+02 +0.0000e+00 +0.0000e+00 +0.0000e+00 +0.0000e+00 +1.0000e+00 +0.0000e+00 +0.0000e+00 +0.0000e+00 +0.0000e+00 +0.0000e+00 +0.0000e+00 +0.0000e+00 +3.0000e+00 +0.0000e+00 +0.0000e+00 +0.0000e+00 +0.0000e+00 +1.0000e+00 +0.0000e+00 +0.0000e+00
% function evaluation | noise-free fitness - Fopt (-6.092000000000e+01) | best noise-free fitness - Fopt | measured fitness | best measured fitness | x1 | x2...
1 +6.927144436e+03 +6.927144436e+03 +6.866224436e+03 +6.866224436e+03 +2.7000e+01 +2.6000e+01 +5.0000e+00 +1.7000e+01 +5.0000e+00 +2.6000e+01 +2.6000e+01 +0.0000e+00 +7.0000e+00 +3.0000e+00 +2.3000e+01 +2.8000e+01 +3.0000e+01 +1.8000e+01 +1.2000e+01 +5.0000e+00 +2.6000e+01 +1.0000e+00 +2.3000e+01 +3.0000e+00
2 +3.436717236e+03 +3.436717236e+03 +3.375797236e+03 +3.375797236e+03 +8.0000e+00 +1.7000e+01 +1.0000e+00 +2.0000e+00 +0.0000e+00 +1.9000e+01 +0.0000e+00 +2.0000e+01 +0.0000e+00 +1.5000e+01 +8.0000e+00 +0.0000e+00 +7.0000e+00 +3.0000e+00 +0.0000e+00 +2.5000e+01 +2.0000e+01 +2.9000e+01 +1.0000e+00 +6.0000e+00
20 +2.459224436e+03 +2.459224436e+03 +2.398304436e+03 +2.398304436e+03 +7.0000e+00 +1.3000e+01 +0.0000e+00 +0.0000e+00 +0.0000e+00 +1.6000e+01 +0.0000e+00 +1.7000e+01 +0.0000e+00 +1.2000e+01 +5.0000e+00 +0.0000e+00 +4.0000e+00 +0.0000e+00 +0.0000e+00 +2.2000e+01 +1.7000e+01 +2.6000e+01 +0.0000e+00 +3.0000e+00
44 +1.526848436e+03 +1.526848436e+03 +1.465928436e+03 +1.465928436e+03 +1.1000e+01 +1.0000e+00 +0.0000e+00 +0.0000e+00 +0.0000e+00 +1.2000e+01 +0.0000e+00 +1.3000e+01 +0.0000e+00 +8.0000e+00 +1.0000e+00 +0.0000e+00 +0.0000e+00 +0.0000e+00 +0.0000e+00 +1.8000e+01 +1.3000e+01 +2.2000e+01 +0.0000e+00 +0.0000e+00
62 +9.900260365e+02 +9.900260365e+02 +9.291060365e+02 +9.291060365e+02 +6.0000e+00 +0.0000e+00 +0.0000e+00 +0.0000e+00 +0.0000e+00 +9.0000e+00 +0.0000e+00 +1.0000e+01 +0.0000e+00 +5.0000e+00 +0.0000e+00 +0.0000e+00 +0.0000e+00 +0.0000e+00 +0.0000e+00 +1.5000e+01 +1.0000e+01 +1.9000e+01 +0.0000e+00 +0.0000e+00
80 +6.066068365e+02 +6.066068365e+02 +5.456868365e+02 +5.456868365e+02 +0.0000e+00 +3.0000e+00 +0.0000e+00 +0.0000e+00 +0.0000e+00 +6.0000e+00 +0.0000e+00 +7.0000e+00 +0.0000e+00 +2.0000e+00 +0.0000e+00 +0.0000e+00 +0.0000e+00 +0.0000e+00 +0.0000e+00 +1.2000e+01 +7.0000e+00 +1.6000e+01 +0.0000e+00 +0.0000e+00
98 +3.740500365e+02 +3.740500365e+02 +3.131300365e+02 +3.131300365e+02 +0.0000e+00 +0.0000e+00 +0.0000e+00 +0.0000e+00 +0.0000e+00 +3.0000e+00 +0.0000e+00 +4.0000e+00 +0.0000e+00 +0.0000e+00 +0.0000e+00 +0.0000e+00 +0.0000e+00 +0.0000e+00 +0.0000e+00 +9.0000e+00 +4.0000e+00 +1.3000e+01 +0.0000e+00 +0.0000e+00
116 +2.394532365e+02 +2.394532365e+02 +1.785332365e+02 +1.785332365e+02 +0.0000e+00 +0.0000e+00 +0.0000e+00 +0.0000e+00 +0.0000e+00 +0.0000e+00 +0.0000e+00 +1.0000e+00 +0.0000e+00 +0.0000e+00 +0.0000e+00 +0.0000e+00 +0.0000e+00 +0.0000e+00 +0.0000e+00 +6.0000e+00 +1.0000e+00 +1.0000e+01 +0.0000e+00 +0.0000e+00
134 +1.557428365e+02 +1.557428365e+02 +9.482283648e+01 +9.482283648e+01 +0.0000e+00 +0.0000e+00 +0.0000e+00 +0.0000e+00 +0.0000e+00 +0.0000e+00 +0.0000e+00 +0.0000e+00 +0.0000e+00 +0.0000e+00 +0.0000e+00 +0.0000e+00 +0.0000e+00 +0.0000e+00 +0.0000e+00 +3.0000e+00 +0.0000e+00 +7.0000e+00 +0.0000e+00 +0.0000e+00
147 +9.885483648e+01 +9.885483648e+01 +3.793483648e+01 +3.793483648e+01 +0.0000e+00 +0.0000e+00 +0.0000e+00 +0.0000e+00 +0.0000e+00 +0.0000e+00 +0.0000e+00 +0.0000e+00 +0.0000e+00 +0.0000e+00 +0.0000e+00 +0.0000e+00 +0.0000e+00 +0.0000e+00 +0.0000e+00 +0.0000e+00 +2.0000e+00 +0.0000e+00 +3.0000e+00 +1.0000e+00
% function evaluation | noise-free fitness - Fopt (-1.948000000000e+01) | best noise-free fitness - Fopt | measured fitness | best measured fitness | x1 | x2...
1 +5.739167372e+03 +5.739167372e+03 +5.719687372e+03 +5.719687372e+03 +2.0000e+01 +0.0000e+00 +1.3000e+01 +1.0000e+01 +2.2000e+01 +2.0000e+00 +2.7000e+01 +1.1000e+01 +1.8000e+01 +1.6000e+01 +0.0000e+00 +2.9000e+01 +2.5000e+01 +1.3000e+01 +5.0000e+00 +2.6000e+01 +2.3000e+01 +1.2000e+01 +3.0000e+00 +1.1000e+01
16 +3.792732172e+03 +3.792732172e+03 +3.773252172e+03 +3.773252172e+03 +2.3000e+01 +0.0000e+00 +2.8000e+01 +1.8000e+01 +1.7000e+01 +5.0000e+00 +7.0000e+00 +1.1000e+01 +0.0000e+00 +2.0000e+00 +2.2000e+01 +5.0000e+00 +6.0000e+00 +1.8000e+01 +1.6000e+01 +7.0000e+00 +6.0000e+00 +1.3000e+01 +8.0000e+00 +1.7000e+01
34 +2.294679372e+03 +2.294679372e+03 +2.275199372e+03 +2.275199372e+03 +6.0000e+00 +1.2000e+01 +2.5000e+01 +1.5000e+01 +1.4000e+01 +2.0000e+00 +4.0000e+00 +8.0000e+00 +0.0000e+00 +0.0000e+00 +1.9000e+01 +2.0000e+00 +3.0000e+00 +1.5000e+01 +1.3000e+01 +4.0000e+00 +3.0000e+00 +1.0000e+01 +5.0000e+00 +1.4000e+01
52 +1.431935372e+03 +1.431935372e+03 +1.412455372e+03 +1.412455372e+03 +5.0000e+00 +7.0000e+00 +2.2000e+01 +1.2000e+01 +1.1000e+01 +0.0000e+00 +1.0000e+00 +5.0000e+00 +0.0000e+00 +0.0000e+00 +1.6000e+01 +0.0000e+00 +0.0000e+00 +1.2000e+01 +1.0000e+01 +1.0000e+00 +0.0000e+00 +7.0000e+00 +2.0000e+00 +1.1000e+01
70 +8.644185722e+02 +8.644185722e+02 +8.449385722e+02 +8.449385722e+02 +2.0000e+00 +4.0000e+00 +1.9000e+01 +9.0000e+00 +8.0000e+00 +0.0000e+00 +0.0000e+00 +2.0000e+00 +0.0000e+00 +0.0000e+00 +1.3000e+01 +0.0000e+00 +0.0000e+00 +9.0000e+00 +7.0000e+00 +0.0000e+00 +0.0000e+00 +4.0000e+00 +0.0000e+00 +8.0000e+00
82 +6.163897722e+02 +6.163897722e+02 +5.969097722e+02 +5.969097722e+02 +2.0000e+00 +0.0000e+00 +1.7000e+01 +7.0000e+00 +6.0000e+00 +0.0000e+00 +0.0000e+00 +0.0000e+00 +0.0000e+00 +0.0000e+00 +1.1000e+01 +0.0000e+00 +0.0000e+00 +7.0000e+00 +5.0000e+00 +0.0000e+00 +0.0000e+00 +2.0000e+00 +0.0000e+00 +6.0000e+00
100 +3.714569722e+02 +3.714569722e+02 +3.519769722e+02 +3.519769722e+02 +0.0000e+00 +0.0000e+00 +1.4000e+01 +4.0000e+00 +3.0000e+00 +0.0000e+00 +0.0000e+00 +0.0000e+00 +0.0000e+00 +0.0000e+00 +8.0000e+00 +0.0000e+00 +0.0000e+00 +4.0000e+00 +2.0000e+00 +0.0000e+00 +0.0000e+00 +0.0000e+00 +0.0000e+00 +3.0000e+00
114 +2.029929722e+02 +2.029929722e+02 +1.835129722e+02 +1.835129722e+02 +0.0000e+00 +0.0000e+00 +0.0000e+00 +3.0000e+00 +0.0000e+00 +0.0000e+00 +0.0000e+00 +0.0000e+00 +3.0000e+00 +1.0000e+00 +6.0000e+00 +0.0000e+00 +0.0000e+00 +7.0000e+00 +0.0000e+00 +5.0000e+00 +0.0000e+00 +6.0000e+00 +0.0000e+00 +0.0000e+00
126 +1.343097722e+02 +1.343097722e+02 +1.148297722e+02 +1.148297722e+02 +0.0000e+00 +0.0000e+00 +0.0000e+00 +1.0000e+00 +0.0000e+00 +0.0000e+00 +0.0000e+00 +0.0000e+00 +1.0000e+00 +0.0000e+00 +4.0000e+00 +0.0000e+00 +0.0000e+00 +5.0000e+00 +0.0000e+00 +3.0000e+00 +0.0000e+00 +4.0000e+00 +0.0000e+00 +0.0000e+00
144 +9.548417216e+01 +9.548417216e+01 +7.600417216e+01 +7.600417216e+01 +0.0000e+00 +0.0000e+00 +0.0000e+00 +0.0000e+00 +0.0000e+00 +0.0000e+00 +0.0000e+00 +0.0000e+00 +0.0000e+00 +0.0000e+00 +1.0000e+00 +0.0000e+00 +0.0000e+00 +2.0000e+00 +0.0000e+00 +0.0000e+00 +0.0000e+00 +1.0000e+00 +0.0000e+00 +0.0000e+00
% function evaluation | noise-free fitness - Fopt (1.344700000000e+02) | best noise-free fitness - Fopt | measured fitness | best measured fitness | x1 | x2...
1 +8.934387866e+03 +8.934387866e+03 +9.068857866e+03 +9.068857866e+03 +2.6000e+01 +1.9000e+01 +2.8000e+01 +1.9000e+01 +2.0000e+01 +2.7000e+01 +2.7000e+01 +1.8000e+01 +2.8000e+01 +1.8000e+01 +2.4000e+01 +4.0000e+00 +2.9000e+01 +1.8000e+01 +2.2000e+01 +1.6000e+01 +2.0000e+00 +3.0000e+00 +8.0000e+00 +1.0000e+01
2 +5.881016666e+03 +5.881016666e+03 +6.015486666e+03 +6.015486666e+03 +1.9000e+01 +0.0000e+00 +0.0000e+00 +1.6000e+01 +1.4000e+01 +1.9000e+01 +2.9000e+01 +3.0000e+00 +2.7000e+01 +9.0000e+00 +1.5000e+01 +2.1000e+01 +0.0000e+00 +1.0000e+01 +1.2000e+01 +4.0000e+00 +2.0000e+01 +2.1000e+01 +1.7000e+01 +1.4000e+01
22 +3.973431066e+03 +3.973431066e+03 +4.107901066e+03 +4.107901066e+03 +2.3000e+01 +2.0000e+00 +1.4000e+01 +1.4000e+01 +8.0000e+00 +1.0000e+00 +1.1000e+01 +5.0000e+00 +0.0000e+00 +5.0000e+00 +1.3000e+01 +2.1000e+01 +1.6000e+01 +4.0000e+00 +1.7000e+01 +6.0000e+00 +2.7000e+01 +1.1000e+01 +1.0000e+01 +7.0000e+00
44 +2.391363866e+03 +2.391363866e+03 +2.525833866e+03 +2.525833866e+03 +4.0000e+00 +2.0000e+00 +0.0000e+00 +9.0000e+00 +7.0000e+00 +1.2000e+01 +2.2000e+01 +0.0000e+00 +2.0000e+01 +2.0000e+00 +8.0000e+00 +1.4000e+01 +0.0000e+00 +3.0000e+00 +5.0000e+00 +0.0000e+00 +1.3000e+01 +1.4000e+01 +1.0000e+01 +7.0000e+00
58 +1.505101466e+03 +1.505101466e+03 +1.639571466e+03 +1.639571466e+03 +1.0000e+00 +1.3000e+01 +8.0000e+00 +8.0000e+00 +2.0000e+00 +0.0000e+00 +5.0000e+00 +0.0000e+00 +0.0000e+00 +0.0000e+00 +7.0000e+00 +1.5000e+01 +1.0000e+01 +0.0000e+00 +1.1000e+01 +0.0000e+00 +2.1000e+01 +5.0000e+00 +4.0000e+00 +1.0000e+00
76 +9.132582662e+02 +9.132582662e+02 +1.047728266e+03 +1.047728266e+03 +0.0000e+00 +1.0000e+01 +5.0000e+00 +5.0000e+00 +0.0000e+00 +0.0000e+00 +2.0000e+00 +0.0000e+00 +0.0000e+00 +0.0000e+00 +4.0000e+00 +1.2000e+01 +7.0000e+00 +0.0000e+00 +8.0000e+00 +0.0000e+00 +1.8000e+01 +2.0000e+00 +1.0000e+00 +0.0000e+00
94 +5.756182662e+02 +5.756182662e+02 +7.100882662e+02 +7.100882662e+02 +4.0000e+00 +2.0000e+00 +2.0000e+00 +2.0000e+00 +0.0000e+00 +0.0000e+00 +0.0000e+00 +0.0000e+00 +0.0000e+00 +0.0000e+00 +1.0000e+00 +9.0000e+00 +4.0000e+00 +0.0000e+00 +5.0000e+00 +0.0000e+00 +1.5000e+01 +0.0000e+00 +0.0000e+00 +0.0000e+00
110 +3.608678662e+02 +3.608678662e+02 +4.953378662e+02 +4.953378662e+02 +0.0000e+00 +0.0000e+00 +0.0000e+00 +0.0000e+00 +0.0000e+00 +1.0000e+00 +1.1000e+01 +0.0000e+00 +9.0000e+00 +0.0000e+00 +0.0000e+00 +3.0000e+00 +0.0000e+00 +0.0000e+00 +0.0000e+00 +0.0000e+00 +2.0000e+00 +3.0000e+00 +0.0000e+00 +0.0000e+00
122 +2.509574662e+02 +2.509574662e+02 +3.854274662e+02 +3.854274662e+02 +0.0000e+00 +0.0000e+00 +0.0000e+00 +0.0000e+00 +0.0000e+00 +0.0000e+00 +9.0000e+00 +0.0000e+00 +7.0000e+00 +0.0000e+00 +0.0000e+00 +1.0000e+00 +0.0000e+00 +0.0000e+00 +0.0000e+00 +0.0000e+00 +0.0000e+00 +1.0000e+00 +0.0000e+00 +0.0000e+00
146 +1.432934662e+02 +1.432934662e+02 +2.777634662e+02 +2.777634662e+02 +0.0000e+00 +0.0000e+00 +0.0000e+00 +0.0000e+00 +0.0000e+00 +0.0000e+00 +5.0000e+00 +0.0000e+00 +3.0000e+00 +0.0000e+00 +0.0000e+00 +0.0000e+00 +0.0000e+00 +0.0000e+00 +0.0000e+00 +0.0000e+00 +0.0000e+00 +0.0000e+00 +0.0000e+00 +0.0000e+00
% function evaluation | noise-free fitness - Fopt (4.453500000000e+02) | best noise-free fitness - Fopt | measured fitness | best measured fitness | x1 | x2...
1 +4.617497145e+03 +4.617497145e+03 +5.062847145e+03 +5.062847145e+03 +2.1000e+01 +1.3000e+01 +0.0000e+00 +0.0000e+00 +1.8000e+01 +1.0000e+00 +1.4000e+01 +1.1000e+01 +2.0000e+01 +9.0000e+00 +2.4000e+01 +1.1000e+01 +2.3000e+01 +1.3000e+01 +9.0000e+00 +1.2000e+01 +1.8000e+01 +1.6000e+01 +1.2000e+01 +2.6000e+01
12 +3.954505145e+03 +3.954505145e+03 +4.399855145e+03 +4.399855145e+03 +2.6000e+01 +1.4000e+01 +1.4000e+01 +9.0000e+00 +1.7000e+01 +6.0000e+00 +2.0000e+00 +0.0000e+00 +1.0000e+01 +1.4000e+01 +1.9000e+01 +0.0000e+00 +1.5000e+01 +0.0000e+00 +1.9000e+01 +2.0000e+01 +1.0000e+00 +2.5000e+01 +1.4000e+01 +0.0000e+00
31 +2.413897145e+03 +2.413897145e+03 +2.859247145e+03 +2.859247145e+03 +1.6000e+01 +8.0000e+00 +0.0000e+00 +0.0000e+00 +1.3000e+01 +0.0000e+00 +9.0000e+00 +6.0000e+00 +1.5000e+01 +4.0000e+00 +1.9000e+01 +6.0000e+00 +1.8000e+01 +8.0000e+00 +4.0000e+00 +7.0000e+00 +1.3000e+01 +1.1000e+01 +7.0000e+00 +2.1000e+01
49 +1.391866745e+03 +1.391866745e+03 +1.837216745e+03 +1.837216745e+03 +5.0000e+00 +1.3000e+01 +0.0000e+00 +0.0000e+00 +1.0000e+01 +0.0000e+00 +6.0000e+00 +3.0000e+00 +1.2000e+01 +1.0000e+00 +1.6000e+01 +3.0000e+00 +1.5000e+01 +5.0000e+00 +1.0000e+00 +4.0000e+00 +1.0000e+01 +8.0000e+00 +4.0000e+00 +1.8000e+01
67 +8.787579450e+02 +8.787579450e+02 +1.324107945e+03 +1.324107945e+03 +1.0000e+01 +2.0000e+00 +0.0000e+00 +0.0000e+00 +7.0000e+00 +0.0000e+00 +3.0000e+00 +0.0000e+00 +9.0000e+00 +0.0000e+00 +1.3000e+01 +0.0000e+00 +1.2000e+01 +2.0000e+00 +0.0000e+00 +1.0000e+00 +7.0000e+00 +5.0000e+00 +1.0000e+00 +1.5000e+01
79 +5.875083450e+02 +5.875083450e+02 +1.032858345e+03 +1.032858345e+03 +8.0000e+00 +0.0000e+00 +0.0000e+00 +0.0000e+00 +5.0000e+00 +0.0000e+00 +1.0000e+00 +0.0000e+00 +7.0000e+00 +0.0000e+00 +1.1000e+01 +0.0000e+00 +1.0000e+01 +0.0000e+00 +0.0000e+00 +0.0000e+00 +5.0000e+00 +3.0000e+00 +0.0000e+00 +1.3000e+01
91 +3.787019450e+02 +3.787019450e+02 +8.240519450e+02 +8.240519450e+02 +6.0000e+00 +0.0000e+00 +0.0000e+00 +0.0000e+00 +3.0000e+00 +0.0000e+00 +0.0000e+00 +0.0000e+00 +5.0000e+00 +0.0000e+00 +9.0000e+00 +0.0000e+00 +8.0000e+00 +0.0000e+00 +0.0000e+00 +0.0000e+00 +3.0000e+00 +1.0000e+00 +0.0000e+00 +1.1000e+01
97 +2.374299450e+02 +2.374299450e+02 +6.827799450e+02 +6.827799450e+02 +0.0000e+00 +5.0000e+00 +0.0000e+00 +0.0000e+00 +2.0000e+00 +0.0000e+00 +0.0000e+00 +0.0000e+00 +4.0000e+00 +0.0000e+00 +8.0000e+00 +0.0000e+00 +7.0000e+00 +0.0000e+00 +0.0000e+00 +0.0000e+00 +2.0000e+00 +0.0000e+00 +0.0000e+00 +1.0000e+01
121 +1.258683450e+02 +1.258683450e+02 +5.712183450e+02 +5.712183450e+02 +0.0000e+00 +1.0000e+00 +0.0000e+00 +0.0000e+00 +0.0000e+00 +0.0000e+00 +0.0000e+00 +0.0000e+00 +0.0000e+00 +0.0000e+00 +4.0000e+00 +0.0000e+00 +3.0000e+00 +0.0000e+00 +0.0000e+00 +0.0000e+00 +0.0000e+00 +0.0000e+00 +0.0000e+00 +6.0000e+00
