% function evaluation | noise-free fitness - Fopt (7.948000000000e+01) | best noise-free fitness - Fopt | measured fitness | best measured fitness | x1 | x2...
1 +3.507916470e+03 +3.507916470e+03 +3.587396470e+03 +3.587396470e+03 +1.0000e+01 +3.1000e+01 +3.0000e+01 +1.7000e+01 +0.0000e+00 +1.7000e+01 +5.0000e+00 +0.0000e+00 +9.0000e+00 +2.5000e+01
3 +2.323287670e+03 +2.323287670e+03 +2.402767670e+03 +2.402767670e+03 +1.2000e+01 +0.0000e+00 +2.2000e+01 +1.3000e+01 +7.0000e+00 +1.0000e+00 +1.7000e+01 +1.6000e+01 +0.0000e+00 +2.7000e+01
16 +1.507994870e+03 +1.507994870e+03 +1.587474870e+03 +1.587474870e+03 +1.3000e+01 +1.1000e+01 +1.0000e+01 +2.0000e+01 +1.8000e+01 +0.0000e+00 +1.6000e+01 +1.0000e+00 +6.0000e+00 +0.0000e+00
40 +8.445020698e+02 +8.445020698e+02 +9.239820698e+02 +9.239820698e+02 +1.1000e+01 +5.0000e+00 +6.0000e+00 +1.6000e+01 +1.4000e+01 +0.0000e+00 +1.2000e+01 +0.0000e+00 +2.0000e+00 +0.0000e+00
52 +5.872316698e+02 +5.872316698e+02 +6.667116698e+02 +6.667116698e+02 +5.0000e+00 +7.0000e+00 +4.0000e+00 +1.4000e+01 +1.2000e+01 +0.0000e+00 +1.0000e+01 +0.0000e+00 +0.0000e+00 +0.0000e+00
64 +3.979580698e+02 +3.979580698e+02 +4.774380698e+02 +4.774380698e+02 +7.0000e+00 +1.0000e+00 +2.0000e+00 +1.2000e+01 +1.0000e+01 +0.0000e+00 +8.0000e+00 +0.0000e+00 +0.0000e+00 +0.0000e+00
82 +2.093148698e+02 +2.093148698e+02 +2.887948698e+02 +2.887948698e+02 +0.0000e+00 +4.0000e+00 +0.0000e+00 +9.0000e+00 +7.0000e+00 +0.0000e+00 +5.0000e+00 +0.0000e+00 +0.0000e+00 +0.0000e+00
88 +1.508012698e+02 +1.508012698e+02 +2.302812698e+02 +2.302812698e+02 +3.0000e+00 +0.0000e+00 +0.0000e+00 +8.0000e+00 +6.0000e+00 +0.0000e+00 +4.0000e+00 +0.0000e+00 +0.0000e+00 +0.0000e+00
100 +8.314686976e+01 +8.314686976e+01 +1.626268698e+02 +1.626268698e+02 +0.0000e+00 +1.0000e+00 +0.0000e+00 +6.0000e+00 +4.0000e+00 +0.0000e+00 +2.0000e+00 +0.0000e+00 +0.0000e+00 +0.0000e+00
106 +5.709086976e+01 +5.709086976e+01 +1.365708698e+02 +1.365708698e+02 +0.0000e+00 +0.0000e+00 +0.0000e+00 +5.0000e+00 +3.0000e+00 +0.0000e+00 +1.0000e+00 +0.0000e+00 +0.0000e+00 +0.0000e+00
118 +2.883966976e+01 +2.883966976e+01 +1.083196698e+02 +1.083196698e+02 +0.0000e+00 +0.0000e+00 +0.0000e+00 +3.0000e+00 +1.0000e+00 +0.0000e+00 +0.0000e+00 +0.0000e+00 +0.0000e+00 +0.0000e+00
124 +2.133086976e+01 +2.133086976e+01 +1.008108698e+02 +1.008108698e+02 +0.0000e+00 +0.0000e+00 +0.0000e+00 +2.0000e+00 +0.0000e+00 +0.0000e+00 +0.0000e+00 +0.0000e+00 +0.0000e+00 +0.0000e+00
% function evaluation | noise-free fitness - Fopt (3.944800000000e+02) | best noise-free fitness - Fopt | measured fitness | best measured fitness | x1 | x2...
1 +3.226016175e+03 +3.226016175e+03 +3.620496175e+03 +3.620496175e+03 +1.0000e+01 +2.1000e+01 +1.9000e+01 +7.0000e+00 +2.7000e+01 +1.3000e+01 +0.0000e+00 +1.0000e+00 +9.0000e+00 +2.6000e+01
2 +2.160643375e+03 +2.160643375e+03 +2.555123375e+03 +2.555123375e+03 +1.0000e+00 +1.6000e+01 +1.0000e+01 +2.3000e+01 +7.0000e+00 +1.3000e+01 +2.6000e+01 +1.0000e+00 +1.6000e+01 +8.0000e+00
20 +1.380912175e+03 +1.380912175e+03 +1.775392175e+03 +1.775392175e+03 +5.0000e+00 +7.0000e+00 +7.0000e+00 +2.0000e+01 +4.0000e+00 +1.0000e+01 +2.3000e+01 +0.0000e+00 +1.3000e+01 +5.0000e+00
38 +8.425201754e+02 +8.425201754e+02 +1.237000175e+03 +1.237000175e+03 +4.0000e+00 +2.0000e+00 +4.0000e+00 +1.7000e+01 +1.0000e+00 +7.0000e+00 +2.0000e+01 +0.0000e+00 +1.0000e+01 +2.0000e+00
50 +5.681857754e+02 +5.681857754e+02 +9.626657754e+02 +9.626657754e+02 +2.0000e+00 +0.0000e+00 +2.0000e+00 +1.5000e+01 +0.0000e+00 +5.0000e+00 +1.8000e+01 +0.0000e+00 +8.0000e+00 +0.0000e+00
62 +3.756353754e+02 +3.756353754e+02 +7.701153754e+02 +7.701153754e+02 +0.0000e+00 +0.0000e+00 +0.0000e+00 +1.3000e+01 +0.0000e+00 +3.0000e+00 +1.6000e+01 +0.0000e+00 +6.0000e+00 +0.0000e+00
80 +2.050145754e+02 +2.050145754e+02 +5.994945754e+02 +5.994945754e+02 +0.0000e+00 +0.0000e+00 +0.0000e+00 +1.0000e+01 +0.0000e+00 +0.0000e+00 +1.3000e+01 +0.0000e+00 +3.0000e+00 +0.0000e+00
92 +1.388865754e+02 +1.388865754e+02 +5.333665754e+02 +5.333665754e+02 +0.0000e+00 +0.0000e+00 +0.0000e+00 +8.0000e+00 +0.0000e+00 +0.0000e+00 +1.1000e+01 +0.0000e+00 +1.0000e+00 +0.0000e+00
104 +9.752337536e+01 +9.752337536e+01 +4.920033754e+02 +4.920033754e+02 +0.0000e+00 +0.0000e+00 +0.0000e+00 +6.0000e+00 +0.0000e+00 +0.0000e+00 +9.0000e+00 +0.0000e+00 +0.0000e+00 +0.0000e+00
% function evaluation | noise-free fitness - Fopt (-2.471100000000e+02) | best noise-free fitness - Fopt | measured fitness | best measured fitness | x1 | x2...
1 +4.157554918e+03 +4.157554918e+03 +3.910444918e+03 +3.910444918e+03 +4.0000e+00 +3.0000e+01 +1.5000e+01 +2.7000e+01 +2.2000e+01 +4.0000e+00 +1.6000e+01 +2.8000e+01 +1.4000e+01 +0.0000e+00
4 +2.710868518e+03 +2.710868518e+03 +2.463758518e+03 +2.463758518e+03 +0.0000e+00 +5.0000e+00 +2.2000e+01 +9.0000e+00 +1.2000e+01 +4.0000e+00 +2.9000e+01 +1.7000e+01 +2.0000e+01 +1.9000e+01
10 +2.472068518e+03 +2.472068518e+03 +2.224958518e+03 +2.224958518e+03 +4.0000e+00 +0.0000e+00 +2.1000e+01 +8.0000e+00 +1.1000e+01 +3.0000e+00 +2.8000e+01 +1.6000e+01 +1.9000e+01 +1.8000e+01
34 +1.531170918e+03 +1.531170918e+03 +1.284060918e+03 +1.284060918e+03 +0.0000e+00 +0.0000e+00 +1.7000e+01 +4.0000e+00 +7.0000e+00 +0.0000e+00 +2.4000e+01 +1.2000e+01 +1.5000e+01 +1.4000e+01
58 +8.557597178e+02 +8.557597178e+02 +6.086497178e+02 +6.086497178e+02 +0.0000e+00 +0.0000e+00 +1.3000e+01 +0.0000e+00 +3.0000e+00 +0.0000e+00 +2.0000e+01 +8.0000e+00 +1.1000e+01 +1.0000e+01
70 +6.128189178e+02 +6.128189178e+02 +3.657089178e+02 +3.657089178e+02 +0.0000e+00 +0.0000e+00 +1.1000e+01 +0.0000e+00 +1.0000e+00 +0.0000e+00 +1.8000e+01 +6.0000e+00 +9.0000e+00 +8.0000e+00
88 +3.468045178e+02 +3.468045178e+02 +9.969451776e+01 +9.969451776e+01 +0.0000e+00 +0.0000e+00 +8.0000e+00 +0.0000e+00 +0.0000e+00 +0.0000e+00 +1.5000e+01 +3.0000e+00 +6.0000e+00 +5.0000e+00
100 +2.242605178e+02 +2.242605178e+02 -2.284948224e+01 -2.284948224e+01 +0.0000e+00 +0.0000e+00 +6.0000e+00 +0.0000e+00 +0.0000e+00 +0.0000e+00 +1.3000e+01 +1.0000e+00 +4.0000e+00 +3.0000e+00
112 +1.485485178e+02 +1.485485178e+02 -9.856148224e+01 -9.856148224e+01 +0.0000e+00 +0.0000e+00 +4.0000e+00 +0.0000e+00 +0.0000e+00 +0.0000e+00 +1.1000e+01 +0.0000e+00 +2.0000e+00 +1.0000e+00
130 +9.208131776e+01 +9.208131776e+01 -1.550286822e+02 -1.550286822e+02 +0.0000e+00 +0.0000e+00 +1.0000e+00 +0.0000e+00 +0.0000e+00 +0.0000e+00 +8.0000e+00 +0.0000e+00 +0.0000e+00 +0.0000e+00
% function evaluation | noise-free fitness - Fopt (-1.520400000000e+02) | best noise-free fitness - Fopt | measured fitness | best measured fitness | x1 | x2...
1 +3.882189542e+03 +3.882189542e+03 +3.730149542e+03 +3.730149542e+03 +1.0000e+01 +5.0000e+00 +2.8000e+01 +8.0000e+00 +2.2000e+01 +2.8000e+01 +1.6000e+01 +2.3000e+01 +2.4000e+01 +1.8000e+01
3 +1.740754342e+03 +1.740754342e+03 +1.588714342e+03 +1.588714342e+03 +1.6000e+01 +1.4000e+01 +7.0000e+00 +1.5000e+01 +7.0000e+00 +8.0000e+00 +1.8000e+01 +7.0000e+00 +9.0000e+00 +2.6000e+01
6 +1.091815142e+03 +1.091815142e+03 +9.397751418e+02 +9.397751418e+02 +1.2000e+01 +3.0000e+00 +1.1000e+01 +7.0000e+00 +8.0000e+00 +2.0000e+01 +5.0000e+00 +3.0000e+00 +1.0000e+01 +1.6000e+01
12 +9.054327418e+02 +9.054327418e+02 +7.533927418e+02 +7.533927418e+02 +1.0000e+01 +3.0000e+00 +1.0000e+01 +6.0000e+00 +7.0000e+00 +1.9000e+01 +4.0000e+00 +2.0000e+00 +9.0000e+00 +1.5000e+01
30 +5.403687418e+02 +5.403687418e+02 +3.883287418e+02 +3.883287418e+02 +8.0000e+00 +0.0000e+00 +7.0000e+00 +3.0000e+00 +4.0000e+00 +1.6000e+01 +1.0000e+00 +0.0000e+00 +6.0000e+00 +1.2000e+01
42 +3.682327418e+02 +3.682327418e+02 +2.161927418e+02 +2.161927418e+02 +6.0000e+00 +0.0000e+00 +5.0000e+00 +1.0000e+00 +2.0000e+00 +1.4000e+01 +0.0000e+00 +0.0000e+00 +4.0000e+00 +1.0000e+01
54 +2.472599418e+02 +2.472599418e+02 +9.521994176e+01 +9.521994176e+01 +4.0000e+00 +0.0000e+00 +3.0000e+00 +0.0000e+00 +0.0000e+00 +1.2000e+01 +0.0000e+00 +0.0000e+00 +2.0000e+00 +8.0000e+00
66 +1.550167418e+02 +1.550167418e+02 +2.976741760e+00 +2.976741760e+00 +2.0000e+00 +0.0000e+00 +1.0000e+00 +0.0000e+00 +0.0000e+00 +1.0000e+01 +0.0000e+00 +0.0000e+00 +0.0000e+00 +6.0000e+00
78 +9.962314176e+01 +9.962314176e+01 -5.241685824e+01 -5.241685824e+01 +0.0000e+00 +0.0000e+00 +0.0000e+00 +0.0000e+00 +0.0000e+00 +8.0000e+00 +0.0000e+00 +0.0000e+00 +0.0000e+00 +4.0000e+00
108 +5.797354176e+01 +5.797354176e+01 -9.406645824e+01 -9.406645824e+01 +0.0000e+00 +0.0000e+00 +0.0000e+00 +0.0000e+00 +0.0000e+00 +3.0000e+00 +0.0000e+00 +0.0000e+00 +0.0000e+00 +0.0000e+00
135 +3.802954176e+01 +3.802954176e+01 -1.140104582e+02 -1.140104582e+02 +0.0000e+00 +0.0000e+00 +0.0000e+00 +0.0000e+00 +0.0000e+00 +0.0000e+00 +0.0000e+00 +0.0000e+00 +0.0000e+00 +4.0000e+00
% function evaluation | noise-free fitness - Fopt (-2.525000000000e+01) | best noise-free fitness - Fopt | measured fitness | best measured fitness | x1 | x2...
1 +3.911036543e+03 +3.911036543e+03 +3.885786543e+03 +3.885786543e+03 +1.4000e+01 +2.4000e+01 +2.4000e+01 +1.8000e+01 +3.0000e+01 +1.7000e+01 +2.3000e+01 +1.5000e+01 +6.0000e+00 +1.3000e+01
2 +1.951830143e+03 +1.951830143e+03 +1.926580143e+03 +1.926580143e+03 +1.0000e+00 +1.8000e+01 +6.0000e+00 +0.0000e+00 +2.4000e+01 +0.0000e+00 +8.0000e+00 +2.5000e+01 +1.9000e+01 +1.0000e+00
14 +1.544114943e+03 +1.544114943e+03 +1.518864943e+03 +1.518864943e+03 +0.0000e+00 +1.5000e+01 +4.0000e+00 +0.0000e+00 +2.2000e+01 +0.0000e+00 +6.0000e+00 +2.3000e+01 +1.7000e+01 +0.0000e+00
32 +9.600189434e+02 +9.600189434e+02 +9.347689434e+02 +9.347689434e+02 +4.0000e+00 +6.0000e+00 +1.0000e+00 +0.0000e+00 +1.9000e+01 +0.0000e+00 +3.0000e+00 +2.0000e+01 +1.4000e+01 +0.0000e+00
50 +6.296717434e+02 +6.296717434e+02 +6.044217434e+02 +6.044217434e+02 +3.0000e+00 +1.0000e+00 +0.0000e+00 +0.0000e+00 +1.6000e+01 +0.0000e+00 +0.0000e+00 +1.7000e+01 +1.1000e+01 +0.0000e+00
74 +3.609837434e+02 +3.609837434e+02 +3.357337434e+02 +3.357337434e+02 +0.0000e+00 +0.0000e+00 +0.0000e+00 +0.0000e+00 +1.2000e+01 +0.0000e+00 +0.0000e+00 +1.3000e+01 +7.0000e+00 +0.0000e+00
92 +2.127501434e+02 +2.127501434e+02 +1.875001434e+02 +1.875001434e+02 +0.0000e+00 +0.0000e+00 +0.0000e+00 +0.0000e+00 +9.0000e+00 +0.0000e+00 +0.0000e+00 +1.0000e+01 +4.0000e+00 +0.0000e+00
104 +1.439277434e+02 +1.439277434e+02 +1.186777434e+02 +1.186777434e+02 +0.0000e+00 +0.0000e+00 +0.0000e+00 +0.0000e+00 +7.0000e+00 +0.0000e+00 +0.0000e+00 +8.0000e+00 +2.0000e+00 +0.0000e+00
116 +9.910534336e+01 +9.910534336e+01 +7.385534336e+01 +7.385534336e+01 +0.0000e+00 +0.0000e+00 +0.0000e+00 +0.0000e+00 +5.0000e+00 +0.0000e+00 +0.0000e+00 +6.0000e+00 +0.0000e+00 +0.0000e+00
134 +5.999494336e+01 +5.999494336e+01 +3.474494336e+01 +3.474494336e+01 +0.0000e+00 +0.0000e+00 +0.0000e+00 +0.0000e+00 +2.0000e+00 +0.0000e+00 +0.0000e+00 +3.0000e+00 +0.0000e+00 +0.0000e+00
155 +3.891654336e+01 +3.891654336e+01 +1.366654336e+01 +1.366654336e+01 +0.0000e+00 +0.0000e+00 +0.0000e+00 +0.0000e+00 +4.0000e+00 +0.0000e+00 +0.0000e+00 +0.0000e+00 +0.0000e+00 +0.0000e+00
% function evaluation | noise-free fitness - Fopt (2.230000000000e+00) | best noise-free fitness - Fopt | measured fitness | best measured fitness | x1 | x2...
1 +5.009773406e+03 +5.009773406e+03 +5.012003406e+03 +5.012003406e+03 +3.0000e+01 +4.0000e+00 +3.0000e+01 +2.2000e+01 +5.0000e+00 +4.0000e+00 +3.0000e+01 +1.5000e+01 +2.4000e+01 +3.0000e+01
2 +2.660802206e+03 +2.660802206e+03 +2.663032206e+03 +2.663032206e+03 +2.5000e+01 +1.0000e+01 +2.1000e+01 +0.0000e+00 +1.6000e+01 +2.7000e+01 +2.0000e+00 +1.0000e+00 +3.0000e+00 +2.3000e+01
8 +2.428722206e+03 +2.428722206e+03 +2.430952206e+03 +2.430952206e+03 +2.5000e+01 +8.0000e+00 +2.0000e+01 +0.0000e+00 +1.5000e+01 +2.6000e+01 +1.0000e+00 +0.0000e+00 +2.0000e+00 +2.2000e+01
41 +1.502629406e+03 +1.502629406e+03 +1.504859406e+03 +1.504859406e+03 +1.3000e+01 +1.5000e+01 +0.0000e+00 +2.4000e+01 +0.0000e+00 +0.0000e+00 +3.0000e+00 +1.4000e+01 +1.1000e+01 +0.0000e+00
62 +9.551350061e+02 +9.551350061e+02 +9.573650061e+02 +9.573650061e+02 +6.0000e+00 +1.3000e+01 +1.1000e+01 +0.0000e+00 +6.0000e+00 +1.7000e+01 +0.0000e+00 +0.0000e+00 +0.0000e+00 +1.3000e+01
80 +5.440886061e+02 +5.440886061e+02 +5.463186061e+02 +5.463186061e+02 +1.1000e+01 +2.0000e+00 +8.0000e+00 +0.0000e+00 +3.0000e+00 +1.4000e+01 +0.0000e+00 +0.0000e+00 +0.0000e+00 +1.0000e+01
92 +3.828566061e+02 +3.828566061e+02 +3.850866061e+02 +3.850866061e+02 +8.0000e+00 +1.0000e+00 +6.0000e+00 +0.0000e+00 +1.0000e+00 +1.2000e+01 +0.0000e+00 +0.0000e+00 +0.0000e+00 +8.0000e+00
110 +2.229398061e+02 +2.229398061e+02 +2.251698061e+02 +2.251698061e+02 +5.0000e+00 +0.0000e+00 +3.0000e+00 +0.0000e+00 +0.0000e+00 +9.0000e+00 +0.0000e+00 +0.0000e+00 +0.0000e+00 +5.0000e+00
128 +1.343990061e+02 +1.343990061e+02 +1.366290061e+02 +1.366290061e+02 +2.0000e+00 +0.0000e+00 +0.0000e+00 +0.0000e+00 +0.0000e+00 +6.0000e+00 +0.0000e+00 +0.0000e+00 +0.0000e+00 +2.0000e+00
141 +9.042940608e+01 +9.042940608e+01 +9.265940608e+01 +9.265940608e+01 +0.0000e+00 +0.0000e+00 +0.0000e+00 +0.0000e+00 +5.0000e+00 +0.0000e+00 +0.0000e+00 +0.0000e+00 +6.0000e+00 +0.0000e+00
165 +6.292860608e+01 +6.292860608e+01 +6.515860608e+01 +6.515860608e+01 +0.0000e+00 +0.0000e+00 +0.0000e+00 +0.0000e+00 +1.0000e+00 +0.0000e+00 +0.0000e+00 +0.0000e+00 +2.0000e+00 +0.0000e+00
% function evaluation | noise-free fitness - Fopt (-1.308000000000e+01) | best noise-free fitness - Fopt | measured fitness | best measured fitness | x1 | x2...
1 +2.352043267e+03 +2.352043267e+03 +2.338963267e+03 +2.338963267e+03 +1.0000e+00 +1.0000e+00 +5.0000e+00 +1.8000e+01 +2.2000e+01 +2.6000e+01 +1.0000e+00 +8.0000e+00 +2.3000e+01 +6.0000e+00
11 +1.544633667e+03 +1.544633667e+03 +1.531553667e+03 +1.531553667e+03 +5.0000e+00 +1.4000e+01 +1.9000e+01 +1.1000e+01 +8.0000e+00 +0.0000e+00 +1.9000e+01 +2.0000e+01 +2.0000e+00 +5.0000e+00
29 +9.652592672e+02 +9.652592672e+02 +9.521792672e+02 +9.521792672e+02 +1.1000e+01 +2.0000e+00 +1.6000e+01 +8.0000e+00 +5.0000e+00 +0.0000e+00 +1.6000e+01 +1.7000e+01 +0.0000e+00 +2.0000e+00
47 +5.801440672e+02 +5.801440672e+02 +5.670640672e+02 +5.670640672e+02 +8.0000e+00 +0.0000e+00 +1.3000e+01 +5.0000e+00 +2.0000e+00 +0.0000e+00 +1.3000e+01 +1.4000e+01 +0.0000e+00 +0.0000e+00
65 +3.315120672e+02 +3.315120672e+02 +3.184320672e+02 +3.184320672e+02 +4.0000e+00 +1.0000e+00 +1.0000e+01 +2.0000e+00 +0.0000e+00 +0.0000e+00 +1.0000e+01 +1.1000e+01 +0.0000e+00 +0.0000e+00
77 +2.349312672e+02 +2.349312672e+02 +2.218512672e+02 +2.218512672e+02 +0.0000e+00 +2.0000e+00 +8.0000e+00 +0.0000e+00 +0.0000e+00 +0.0000e+00 +8.0000e+00 +9.0000e+00 +0.0000e+00 +0.0000e+00
89 +1.476064672e+02 +1.476064672e+02 +1.345264672e+02 +1.345264672e+02 +0.0000e+00 +0.0000e+00 +6.0000e+00 +0.0000e+00 +0.0000e+00 +0.0000e+00 +6.0000e+00 +7.0000e+00 +0.0000e+00 +0.0000e+00
101 +9.601926720e+01 +9.601926720e+01 +8.293926720e+01 +8.293926720e+01 +0.0000e+00 +0.0000e+00 +4.0000e+00 +0.0000e+00 +0.0000e+00 +0.0000e+00 +4.0000e+00 +5.0000e+00 +0.0000e+00 +0.0000e+00
131 +5.977926720e+01 +5.977926720e+01 +4.669926720e+01 +4.669926720e+01 +0.0000e+00 +0.0000e+00 +0.0000e+00 +0.0000e+00 +0.0000e+00 +0.0000e+00 +0.0000e+00 +0.0000e+00 +0.0000e+00 +0.0000e+00
% function evaluation | noise-free fitness - Fopt (2.671600000000e+02) | best noise-free fitness - Fopt | measured fitness | best measured fitness | x1 | x2...
1 +2.259703557e+03 +2.259703557e+03 +2.526863557e+03 +2.526863557e+03 +0.0000e+00 +1.2000e+01 +1.9000e+01 +5.0000e+00 +4.0000e+00 +0.0000e+00 +1.9000e+01 +1.5000e+01 +2.2000e+01 +1.5000e+01
25 +1.429866757e+03 +1.429866757e+03 +1.697026757e+03 +1.697026757e+03 +0.0000e+00 +8.0000e+00 +1.5000e+01 +1.0000e+00 +0.0000e+00 +0.0000e+00 +1.5000e+01 +1.1000e+01 +1.8000e+01 +1.1000e+01
43 +9.233611571e+02 +9.233611571e+02 +1.190521157e+03 +1.190521157e+03 +3.0000e+00 +1.0000e+00 +1.2000e+01 +0.0000e+00 +0.0000e+00 +0.0000e+00 +1.2000e+01 +8.0000e+00 +1.5000e+01 +8.0000e+00
61 +5.640971571e+02 +5.640971571e+02 +8.312571571e+02 +8.312571571e+02 +0.0000e+00 +0.0000e+00 +9.0000e+00 +0.0000e+00 +0.0000e+00 +0.0000e+00 +9.0000e+00 +5.0000e+00 +1.2000e+01 +5.0000e+00
73 +3.978219571e+02 +3.978219571e+02 +6.649819571e+02 +6.649819571e+02 +0.0000e+00 +0.0000e+00 +7.0000e+00 +0.0000e+00 +0.0000e+00 +0.0000e+00 +7.0000e+00 +3.0000e+00 +1.0000e+01 +3.0000e+00
91 +2.234091571e+02 +2.234091571e+02 +4.905691571e+02 +4.905691571e+02 +0.0000e+00 +0.0000e+00 +4.0000e+00 +0.0000e+00 +0.0000e+00 +0.0000e+00 +4.0000e+00 +0.0000e+00 +7.0000e+00 +0.0000e+00
103 +1.515723571e+02 +1.515723571e+02 +4.187323571e+02 +4.187323571e+02 +0.0000e+00 +0.0000e+00 +2.0000e+00 +0.0000e+00 +0.0000e+00 +0.0000e+00 +2.0000e+00 +0.0000e+00 +5.0000e+00 +0.0000e+00
121 +9.153075712e+01 +9.153075712e+01 +3.586907571e+02 +3.586907571e+02 +0.0000e+00 +0.0000e+00 +0.0000e+00 +0.0000e+00 +0.0000e+00 +0.0000e+00 +0.0000e+00 +0.0000e+00 +2.0000e+00 +0.0000e+00
% function evaluation | noise-free fitness - Fopt (3.710000000000e+00) | best noise-free fitness - Fopt | measured fitness | best measured fitness | x1 | x2...
1 +2.794835065e+03 +2.794835065e+03 +2.798545065e+03 +2.798545065e+03 +6.0000e+00 +6.0000e+00 +4.0000e+00 +2.2000e+01 +1.9000e+01 +2.1000e+01 +3.0000e+01 +1.3000e+01 +1.4000e+01 +1.1000e+01
2 +2.293660665e+03 +2.293660665e+03 +2.297370665e+03 +2.297370665e+03 +1.5000e+01 +9.0000e+00 +0.0000e+00 +3.0000e+01 +1.2000e+01 +7.0000e+00 +1.1000e+01 +2.9000e+01 +4.0000e+00 +0.0000e+00
4 +1.384753465e+03 +1.384753465e+03 +1.388463465e+03 +1.388463465e+03 +2.1000e+01 +8.0000e+00 +1.3000e+01 +1.7000e+01 +1.0000e+00 +2.0000e+00 +0.0000e+00 +1.8000e+01 +1.6000e+01 +5.0000e+00
22 +8.841902650e+02 +8.841902650e+02 +8.879002650e+02 +8.879002650e+02 +1.8000e+01 +5.0000e+00 +1.0000e+01 +1.4000e+01 +0.0000e+00 +0.0000e+00 +0.0000e+00 +1.5000e+01 +1.3000e+01 +2.0000e+00
34 +6.046894650e+02 +6.046894650e+02 +6.083994650e+02 +6.083994650e+02 +1.2000e+01 +7.0000e+00 +8.0000e+00 +1.2000e+01 +0.0000e+00 +0.0000e+00 +0.0000e+00 +1.3000e+01 +1.1000e+01 +0.0000e+00
58 +2.528126650e+02 +2.528126650e+02 +2.565226650e+02 +2.565226650e+02 +1.2000e+01 +0.0000e+00 +4.0000e+00 +8.0000e+00 +0.0000e+00 +0.0000e+00 +0.0000e+00 +9.0000e+00 +7.0000e+00 +0.0000e+00
64 +1.933118650e+02 +1.933118650e+02 +1.970218650e+02 +1.970218650e+02 +1.1000e+01 +0.0000e+00 +3.0000e+00 +7.0000e+00 +0.0000e+00 +0.0000e+00 +0.0000e+00 +8.0000e+00 +6.0000e+00 +0.0000e+00
70 +1.405950650e+02 +1.405950650e+02 +1.443050650e+02 +1.443050650e+02 +8.0000e+00 +2.0000e+00 +2.0000e+00 +6.0000e+00 +0.0000e+00 +0.0000e+00 +0.0000e+00 +7.0000e+00 +5.0000e+00 +0.0000e+00
94 +9.200946496e+01 +9.200946496e+01 +9.571946496e+01 +9.571946496e+01 +0.0000e+00 +4.0000e+00 +0.0000e+00 +2.0000e+00 +0.0000e+00 +0.0000e+00 +0.0000e+00 +3.0000e+00 +1.0000e+00 +0.0000e+00
100 +3.230066496e+01 +3.230066496e+01 +3.601066496e+01 +3.601066496e+01 +3.0000e+00 +0.0000e+00 +0.0000e+00 +1.0000e+00 +0.0000e+00 +0.0000e+00 +0.0000e+00 +2.0000e+00 +0.0000e+00 +0.0000e+00
% function evaluation | noise-free fitness - Fopt (9.478000000000e+01) | best noise-free fitness - Fopt | measured fitness | best measured fitness | x1 | x2...
1 +2.701351308e+03 +2.701351308e+03 +2.796131308e+03 +2.796131308e+03 +4.0000e+00 +2.7000e+01 +3.0000e+00 +2.6000e+01 +2.9000e+01 +5.0000e+00 +7.0000e+00 +1.0000e+00 +1.0000e+00 +1.6000e+01
3 +1.251175308e+03 +1.251175308e+03 +1.345955308e+03 +1.345955308e+03 +1.2000e+01 +1.6000e+01 +2.0000e+01 +5.0000e+00 +2.0000e+01 +0.0000e+00 +6.0000e+00 +2.0000e+00 +1.4000e+01 +2.0000e+00
15 +9.161609082e+02 +9.161609082e+02 +1.010940908e+03 +1.010940908e+03 +1.4000e+01 +1.0000e+01 +1.8000e+01 +3.0000e+00 +1.8000e+01 +0.0000e+00 +4.0000e+00 +0.0000e+00 +1.2000e+01 +0.0000e+00
33 +5.496953082e+02 +5.496953082e+02 +6.444753082e+02 +6.444753082e+02 +1.1000e+01 +7.0000e+00 +1.5000e+01 +0.0000e+00 +1.5000e+01 +0.0000e+00 +1.0000e+00 +0.0000e+00 +9.0000e+00 +0.0000e+00
51 +3.029609082e+02 +3.029609082e+02 +3.977409082e+02 +3.977409082e+02 +8.0000e+00 +4.0000e+00 +1.2000e+01 +0.0000e+00 +1.2000e+01 +0.0000e+00 +0.0000e+00 +0.0000e+00 +6.0000e+00 +0.0000e+00
57 +2.386665082e+02 +2.386665082e+02 +3.334465082e+02 +3.334465082e+02 +7.0000e+00 +3.0000e+00 +1.1000e+01 +0.0000e+00 +1.1000e+01 +0.0000e+00 +0.0000e+00 +0.0000e+00 +5.0000e+00 +0.0000e+00
75 +1.384745082e+02 +1.384745082e+02 +2.332545082e+02 +2.332545082e+02 +0.0000e+00 +4.0000e+00 +8.0000e+00 +0.0000e+00 +8.0000e+00 +0.0000e+00 +0.0000e+00 +0.0000e+00 +2.0000e+00 +0.0000e+00
81 +8.679450816e+01 +8.679450816e+01 +1.815745082e+02 +1.815745082e+02 +3.0000e+00 +0.0000e+00 +7.0000e+00 +0.0000e+00 +7.0000e+00 +0.0000e+00 +0.0000e+00 +0.0000e+00 +1.0000e+00 +0.0000e+00
99 +6.122330816e+01 +6.122330816e+01 +1.560033082e+02 +1.560033082e+02 +0.0000e+00 +0.0000e+00 +4.0000e+00 +0.0000e+00 +4.0000e+00 +0.0000e+00 +0.0000e+00 +0.0000e+00 +0.0000e+00 +0.0000e+00
% function evaluation | noise-free fitness - Fopt (2.339200000000e+02) | best noise-free fitness - Fopt | measured fitness | best measured fitness | x1 | x2...
1 +1.464750448e+03 +1.464750448e+03 +1.698670448e+03 +1.698670448e+03 +1.9000e+01 +0.0000e+00 +6.0000e+00 +2.0000e+00 +9.0000e+00 +9.0000e+00 +6.0000e+00 +1.9000e+01 +3.0000e+00 +2.1000e+01
13 +9.232848480e+02 +9.232848480e+02 +1.157204848e+03 +1.157204848e+03 +1.0000e+00 +1.5000e+01 +4.0000e+00 +0.0000e+00 +7.0000e+00 +7.0000e+00 +4.0000e+00 +1.7000e+01 +1.0000e+00 +1.9000e+01
25 +6.151488480e+02 +6.151488480e+02 +8.490688480e+02 +8.490688480e+02 +3.0000e+00 +9.0000e+00 +2.0000e+00 +0.0000e+00 +5.0000e+00 +5.0000e+00 +2.0000e+00 +1.5000e+01 +0.0000e+00 +1.7000e+01
43 +3.721616480e+02 +3.721616480e+02 +6.060816480e+02 +6.060816480e+02 +0.0000e+00 +8.0000e+00 +0.0000e+00 +0.0000e+00 +2.0000e+00 +2.0000e+00 +0.0000e+00 +1.2000e+01 +0.0000e+00 +1.4000e+01
61 +2.175616480e+02 +2.175616480e+02 +4.514816480e+02 +4.514816480e+02 +0.0000e+00 +5.0000e+00 +0.0000e+00 +0.0000e+00 +0.0000e+00 +0.0000e+00 +0.0000e+00 +9.0000e+00 +0.0000e+00 +1.1000e+01
73 +1.417408480e+02 +1.417408480e+02 +3.756608480e+02 +3.756608480e+02 +0.0000e+00 +3.0000e+00 +0.0000e+00 +0.0000e+00 +0.0000e+00 +0.0000e+00 +0.0000e+00 +7.0000e+00 +0.0000e+00 +9.0000e+00
85 +8.992004800e+01 +8.992004800e+01 +3.238400480e+02 +3.238400480e+02 +0.0000e+00 +1.0000e+00 +0.0000e+00 +0.0000e+00 +0.0000e+00 +0.0000e+00 +0.0000e+00 +5.0000e+00 +0.0000e+00 +7.0000e+00
97 +5.982084800e+01 +5.982084800e+01 +2.937408480e+02 +2.937408480e+02 +0.0000e+00 +0.0000e+00 +0.0000e+00 +0.0000e+00 +0.0000e+00 +0.0000e+00 +0.0000e+00 +3.0000e+00 +0.0000e+00 +5.0000e+00
% function evaluation | noise-free fitness - Fopt (-6.092000000000e+01) | best noise-free fitness - Fopt | measured fitness | best measured fitness | x1 | x2...
1 +3.369187468e+03 +3.369187468e+03 +3.308267468e+03 +3.308267468e+03 +2.0000e+01 +8.0000e+00 +1.7000e+01 +2.0000e+01 +2.7000e+01 +2.6000e+01 +2.5000e+01 +1.0000e+00 +8.0000e+00 +1.1000e+01
4 +2.264125068e+03 +2.264125068e+03 +2.203205068e+03 +2.203205068e+03 +1.5000e+01 +1.0000e+01 +3.0000e+00 +2.2000e+01 +2.0000e+01 +1.0000e+00 +2.6000e+01 +1.6000e+01 +6.0000e+00 +2.0000e+00
28 +1.506949068e+03 +1.506949068e+03 +1.446029068e+03 +1.446029068e+03 +1.4000e+01 +3.0000e+00 +0.0000e+00 +1.8000e+01 +1.6000e+01 +0.0000e+00 +2.2000e+01 +1.2000e+01 +2.0000e+00 +0.0000e+00
46 +9.758418682e+02 +9.758418682e+02 +9.149218682e+02 +9.149218682e+02 +7.0000e+00 +4.0000e+00 +0.0000e+00 +1.5000e+01 +1.3000e+01 +0.0000e+00 +1.9000e+01 +9.0000e+00 +0.0000e+00 +0.0000e+00
70 +5.350018682e+02 +5.350018682e+02 +4.740818682e+02 +4.740818682e+02 +0.0000e+00 +3.0000e+00 +0.0000e+00 +1.1000e+01 +9.0000e+00 +0.0000e+00 +1.5000e+01 +5.0000e+00 +0.0000e+00 +0.0000e+00
82 +3.841698682e+02 +3.841698682e+02 +3.232498682e+02 +3.232498682e+02 +0.0000e+00 +1.0000e+00 +0.0000e+00 +9.0000e+00 +7.0000e+00 +0.0000e+00 +1.3000e+01 +3.0000e+00 +0.0000e+00 +0.0000e+00
100 +2.185090682e+02 +2.185090682e+02 +1.575890682e+02 +1.575890682e+02 +0.0000e+00 +0.0000e+00 +0.0000e+00 +6.0000e+00 +4.0000e+00 +0.0000e+00 +1.0000e+01 +0.0000e+00 +0.0000e+00 +0.0000e+00
112 +1.375202682e+02 +1.375202682e+02 +7.660026816e+01 +7.660026816e+01 +0.0000e+00 +0.0000e+00 +0.0000e+00 +4.0000e+00 +2.0000e+00 +0.0000e+00 +8.0000e+00 +0.0000e+00 +0.0000e+00 +0.0000e+00
124 +8.053146816e+01 +8.053146816e+01 +1.961146816e+01 +1.961146816e+01 +0.0000e+00 +0.0000e+00 +0.0000e+00 +2.0000e+00 +0.0000e+00 +0.0000e+00 +6.0000e+00 +0.0000e+00 +0.0000e+00 +0.0000e+00
136 +5.590426816e+01 +5.590426816e+01 -5.015731840e+00 -5.015731840e+00 +0.0000e+00 +0.0000e+00 +0.0000e+00 +0.0000e+00 +0.0000e+00 +0.0000e+00 +4.0000e+00 +0.0000e+00 +0.0000e+00 +0.0000e+00
161 +3.646426816e+01 +3.646426816e+01 -2.445573184e+01 -2.445573184e+01 +0.0000e+00 +0.0000e+00 +4.0000e+00 +0.0000e+00 +0.0000e+00 +0.0000e+00 +2.0000e+00 +0.0000e+00 +0.0000e+00 +0.0000e+00
% function evaluation | noise-free fitness - Fopt (-1.948000000000e+01) | best noise-free fitness - Fopt | measured fitness | best measured fitness | x1 | x2...
1 +2.794103150e+03 +2.794103150e+03 +2.774623150e+03 +2.774623150e+03 +2.4000e+01 +1.5000e+01 +8.0000e+00 +1.6000e+01 +2.0000e+00 +1.0000e+01 +1.2000e+01 +2.5000e+01 +1.5000e+01 +2.3000e+01
5 +9.709351501e+02 +9.709351501e+02 +9.514551501e+02 +9.514551501e+02 +2.0000e+00 +0.0000e+00 +1.2000e+01 +1.1000e+01 +1.4000e+01 +1.0000e+00 +1.3000e+01 +2.0000e+00 +1.5000e+01 +1.5000e+01
23 +5.569687501e+02 +5.569687501e+02 +5.374887501e+02 +5.374887501e+02 +0.0000e+00 +0.0000e+00 +9.0000e+00 +8.0000e+00 +1.1000e+01 +0.0000e+00 +1.0000e+01 +0.0000e+00 +1.2000e+01 +1.2000e+01
35 +3.584087501e+02 +3.584087501e+02 +3.389287501e+02 +3.389287501e+02 +0.0000e+00 +0.0000e+00 +7.0000e+00 +6.0000e+00 +9.0000e+00 +0.0000e+00 +8.0000e+00 +0.0000e+00 +1.0000e+01 +1.0000e+01
47 +2.078487501e+02 +2.078487501e+02 +1.883687501e+02 +1.883687501e+02 +0.0000e+00 +0.0000e+00 +5.0000e+00 +4.0000e+00 +7.0000e+00 +0.0000e+00 +6.0000e+00 +0.0000e+00 +8.0000e+00 +8.0000e+00
53 +1.505687501e+02 +1.505687501e+02 +1.310887501e+02 +1.310887501e+02 +0.0000e+00 +0.0000e+00 +4.0000e+00 +3.0000e+00 +6.0000e+00 +0.0000e+00 +5.0000e+00 +0.0000e+00 +7.0000e+00 +7.0000e+00
65 +7.200875008e+01 +7.200875008e+01 +5.252875008e+01 +5.252875008e+01 +0.0000e+00 +0.0000e+00 +2.0000e+00 +1.0000e+00 +4.0000e+00 +0.0000e+00 +3.0000e+00 +0.0000e+00 +5.0000e+00 +5.0000e+00
71 +5.072875008e+01 +5.072875008e+01 +3.124875008e+01 +3.124875008e+01 +0.0000e+00 +0.0000e+00 +1.0000e+00 +0.0000e+00 +3.0000e+00 +0.0000e+00 +2.0000e+00 +0.0000e+00 +4.0000e+00 +4.0000e+00
77 +3.748555008e+01 +3.748555008e+01 +1.800555008e+01 +1.800555008e+01 +0.0000e+00 +0.0000e+00 +0.0000e+00 +0.0000e+00 +2.0000e+00 +0.0000e+00 +1.0000e+00 +0.0000e+00 +3.0000e+00 +3.0000e+00
% function evaluation | noise-free fitness - Fopt (1.344700000000e+02) | best noise-free fitness - Fopt | measured fitness | best measured fitness | x1 | x2...
1 +6.103987660e+03 +6.103987660e+03 +6.238457660e+03 +6.238457660e+03 +1.9000e+01 +2.8000e+01 +1.8000e+01 +2.1000e+01 +2.2000e+01 +1.9000e+01 +2.4000e+01 +2.1000e+01 +3.0000e+01 +3.0000e+01
2 +1.209931660e+03 +1.209931660e+03 +1.344401660e+03 +1.344401660e+03 +4.0000e+00 +2.1000e+01 +5.0000e+00 +4.0000e+00 +5.0000e+00 +0.0000e+00 +1.2000e+01 +1.0000e+00 +1.9000e+01 +8.0000e+00
3 +9.222308595e+02 +9.222308595e+02 +1.056700860e+03 +1.056700860e+03 +0.0000e+00 +9.0000e+00 +1.0000e+01 +3.0000e+00 +1.9000e+01 +7.0000e+00 +3.0000e+00 +3.0000e+00 +9.0000e+00 +4.0000e+00
27 +5.396388595e+02 +5.396388595e+02 +6.741088595e+02 +6.741088595e+02 +5.0000e+00 +0.0000e+00 +6.0000e+00 +0.0000e+00 +1.5000e+01 +3.0000e+00 +0.0000e+00 +0.0000e+00 +5.0000e+00 +0.0000e+00
39 +3.488116595e+02 +3.488116595e+02 +4.832816595e+02 +4.832816595e+02 +0.0000e+00 +3.0000e+00 +4.0000e+00 +0.0000e+00 +1.3000e+01 +1.0000e+00 +0.0000e+00 +0.0000e+00 +3.0000e+00 +0.0000e+00
57 +2.288340595e+02 +2.288340595e+02 +3.633040595e+02 +3.633040595e+02 +0.0000e+00 +0.0000e+00 +1.0000e+00 +0.0000e+00 +1.0000e+01 +0.0000e+00 +0.0000e+00 +0.0000e+00 +0.0000e+00 +0.0000e+00
75 +1.582532595e+02 +1.582532595e+02 +2.927232595e+02 +2.927232595e+02 +0.0000e+00 +0.0000e+00 +0.0000e+00 +0.0000e+00 +7.0000e+00 +0.0000e+00 +0.0000e+00 +0.0000e+00 +0.0000e+00 +0.0000e+00
98 +9.250285952e+01 +9.250285952e+01 +2.269728595e+02 +2.269728595e+02 +0.0000e+00 +0.0000e+00 +0.0000e+00 +0.0000e+00 +0.0000e+00 +0.0000e+00 +0.0000e+00 +0.0000e+00 +3.0000e+00 +0.0000e+00
% function evaluation | noise-free fitness - Fopt (4.453500000000e+02) | best noise-free fitness - Fopt | measured fitness | best measured fitness | x1 | x2...
1 +2.942713505e+03 +2.942713505e+03 +3.388063505e+03 +3.388063505e+03 +3.0000e+01 +2.4000e+01 +2.1000e+01 +1.2000e+01 +1.9000e+01 +1.4000e+01 +3.0000e+00 +1.6000e+01 +1.0000e+00 +1.2000e+01
3 +2.505812705e+03 +2.505812705e+03 +2.951162705e+03 +2.951162705e+03 +1.6000e+01 +1.0000e+00 +2.3000e+01 +2.0000e+00 +1.8000e+01 +1.7000e+01 +2.7000e+01 +1.5000e+01 +2.0000e+00 +4.0000e+00
5 +1.496883105e+03 +1.496883105e+03 +1.942233105e+03 +1.942233105e+03 +2.0000e+00 +7.0000e+00 +0.0000e+00 +2.6000e+01 +1.4000e+01 +1.8000e+01 +1.7000e+01 +3.0000e+00 +6.0000e+00 +1.0000e+00
18 +9.581983053e+02 +9.581983053e+02 +1.403548305e+03 +1.403548305e+03 +7.0000e+00 +0.0000e+00 +1.3000e+01 +7.0000e+00 +6.0000e+00 +2.0000e+01 +0.0000e+00 +1.1000e+01 +0.0000e+00 +1.3000e+01
36 +5.760175053e+02 +5.760175053e+02 +1.021367505e+03 +1.021367505e+03 +4.0000e+00 +0.0000e+00 +1.0000e+01 +4.0000e+00 +3.0000e+00 +1.7000e+01 +0.0000e+00 +8.0000e+00 +0.0000e+00 +1.0000e+01
48 +3.651279053e+02 +3.651279053e+02 +8.104779053e+02 +8.104779053e+02 +0.0000e+00 +2.0000e+00 +8.0000e+00 +2.0000e+00 +1.0000e+00 +1.5000e+01 +0.0000e+00 +6.0000e+00 +0.0000e+00 +8.0000e+00
66 +2.057071053e+02 +2.057071053e+02 +6.510571053e+02 +6.510571053e+02 +0.0000e+00 +0.0000e+00 +5.0000e+00 +0.0000e+00 +0.0000e+00 +1.2000e+01 +0.0000e+00 +3.0000e+00 +0.0000e+00 +5.0000e+00
78 +1.313679053e+02 +1.313679053e+02 +5.767179053e+02 +5.767179053e+02 +0.0000e+00 +0.0000e+00 +3.0000e+00 +0.0000e+00 +0.0000e+00 +1.0000e+01 +0.0000e+00 +1.0000e+00 +0.0000e+00 +3.0000e+00
90 +8.481750528e+01 +8.481750528e+01 +5.301675053e+02 +5.301675053e+02 +0.0000e+00 +0.0000e+00 +1.0000e+00 +0.0000e+00 +0.0000e+00 +8.0000e+00 +0.0000e+00 +0.0000e+00 +0.0000e+00 +1.0000e+00
108 +5.897270528e+01 +5.897270528e+01 +5.043227053e+02 +5.043227053e+02 +0.0000e+00 +0.0000e+00 +0.0000e+00 +0.0000e+00 +0.0000e+00 +5.0000e+00 +0.0000e+00 +0.0000e+00 +0.0000e+00 +0.0000e+00
