% function evaluation | noise-free fitness - Fopt (7.948000000000e+01) | best noise-free fitness - Fopt | measured fitness | best measured fitness | x1 | x2...
1 +5.191628470e+03 +5.191628470e+03 +5.271108470e+03 +5.271108470e+03 +1.7000e+01 +3.0000e+01 +2.6000e+01 +5.0000e+00 +3.0000e+01 +5.0000e+00 +2.6000e+01 +2.0000e+01 +3.0000e+01 +4.0000e+00
2 +2.327351670e+03 +2.327351670e+03 +2.406831670e+03 +2.406831670e+03 +1.2000e+01 +1.0000e+01 +1.1000e+01 +2.1000e+01 +1.0000e+01 +2.1000e+01 +1.1000e+01 +2.0000e+01 +1.0000e+01 +1.5000e+01
6 +1.365078070e+03 +1.365078070e+03 +1.444558070e+03 +1.444558070e+03 +1.8000e+01 +1.0000e+01 +9.0000e+00 +8.0000e+00 +9.0000e+00 +8.0000e+00 +8.0000e+00 +1.8000e+01 +8.0000e+00 +8.0000e+00
10 +9.836764698e+02 +9.836764698e+02 +1.063156470e+03 +1.063156470e+03 +6.0000e+00 +6.0000e+00 +1.6000e+01 +6.0000e+00 +6.0000e+00 +6.0000e+00 +6.0000e+00 +7.0000e+00 +1.6000e+01 +7.0000e+00
18 +4.252524698e+02 +4.252524698e+02 +5.047324698e+02 +5.047324698e+02 +4.0000e+00 +1.0000e+01 +3.0000e+00 +3.0000e+00 +2.0000e+00 +2.0000e+00 +3.0000e+00 +4.0000e+00 +1.2000e+01 +3.0000e+00
32 +3.666892698e+02 +3.666892698e+02 +4.461692698e+02 +4.461692698e+02 +5.0000e+00 +5.0000e+00 +5.0000e+00 +5.0000e+00 +8.0000e+00 +1.0000e+00 +4.0000e+00 +5.0000e+00 +5.0000e+00 +5.0000e+00
34 +2.214876698e+02 +2.214876698e+02 +3.009676698e+02 +3.009676698e+02 +4.0000e+00 +0.0000e+00 +4.0000e+00 +4.0000e+00 +7.0000e+00 +4.0000e+00 +4.0000e+00 +4.0000e+00 +4.0000e+00 +0.0000e+00
38 +1.212732698e+02 +1.212732698e+02 +2.007532698e+02 +2.007532698e+02 +2.0000e+00 +2.0000e+00 +2.0000e+00 +5.0000e+00 +2.0000e+00 +2.0000e+00 +2.0000e+00 +5.0000e+00 +2.0000e+00 +2.0000e+00
44 +8.053406976e+01 +8.053406976e+01 +1.600140698e+02 +1.600140698e+02 +2.0000e+00 +2.0000e+00 +2.0000e+00 +0.0000e+00 +0.0000e+00 +2.0000e+00 +2.0000e+00 +2.0000e+00 +2.0000e+00 +2.0000e+00
46 +4.706046976e+01 +4.706046976e+01 +1.265404698e+02 +1.265404698e+02 +1.0000e+00 +1.0000e+00 +1.0000e+00 +1.0000e+00 +1.0000e+00 +1.0000e+00 +0.0000e+00 +1.0000e+00 +1.0000e+00 +1.0000e+00
48 +2.503646976e+01 +2.503646976e+01 +1.045164698e+02 +1.045164698e+02 +0.0000e+00 +0.0000e+00 +0.0000e+00 +0.0000e+00 +0.0000e+00 +0.0000e+00 +0.0000e+00 +0.0000e+00 +0.0000e+00 +0.0000e+00
% function evaluation | noise-free fitness - Fopt (3.944800000000e+02) | best noise-free fitness - Fopt | measured fitness | best measured fitness | x1 | x2...
1 +3.806984175e+03 +3.806984175e+03 +4.201464175e+03 +4.201464175e+03 +1.6000e+01 +1.0000e+01 +2.2000e+01 +1.9000e+01 +1.8000e+01 +1.8000e+01 +1.9000e+01 +2.2000e+01 +1.9000e+01 +1.8000e+01
15 +2.151006575e+03 +2.151006575e+03 +2.545486575e+03 +2.545486575e+03 +9.0000e+00 +2.7000e+01 +1.1000e+01 +9.0000e+00 +1.1000e+01 +1.1000e+01 +1.1000e+01 +1.1000e+01 +1.1000e+01 +1.1000e+01
17 +1.129953775e+03 +1.129953775e+03 +1.524433775e+03 +1.524433775e+03 +1.0000e+01 +1.0000e+01 +1.0000e+01 +1.0000e+01 +8.0000e+00 +8.0000e+00 +1.0000e+01 +8.0000e+00 +1.0000e+01 +8.0000e+00
29 +9.403953754e+02 +9.403953754e+02 +1.334875375e+03 +1.334875375e+03 +4.0000e+00 +2.0000e+00 +2.0000e+00 +1.0000e+01 +1.2000e+01 +1.0000e+01 +1.2000e+01 +1.0000e+01 +1.0000e+01 +1.0000e+01
33 +2.928785754e+02 +2.928785754e+02 +6.873585754e+02 +6.873585754e+02 +0.0000e+00 +0.0000e+00 +0.0000e+00 +8.0000e+00 +8.0000e+00 +0.0000e+00 +0.0000e+00 +8.0000e+00 +8.0000e+00 +0.0000e+00
35 +8.939697536e+01 +8.939697536e+01 +4.838769754e+02 +4.838769754e+02 +0.0000e+00 +0.0000e+00 +0.0000e+00 +0.0000e+00 +0.0000e+00 +0.0000e+00 +0.0000e+00 +0.0000e+00 +0.0000e+00 +0.0000e+00
% function evaluation | noise-free fitness - Fopt (-2.471100000000e+02) | best noise-free fitness - Fopt | measured fitness | best measured fitness | x1 | x2...
1 +4.767353318e+03 +4.767353318e+03 +4.520243318e+03 +4.520243318e+03 +2.7000e+01 +1.6000e+01 +2.7000e+01 +1.7000e+01 +2.7000e+01 +2.7000e+01 +1.6000e+01 +1.7000e+01 +1.6000e+01 +3.0000e+00
2 +2.827945318e+03 +2.827945318e+03 +2.580835318e+03 +2.580835318e+03 +0.0000e+00 +3.0000e+01 +0.0000e+00 +8.0000e+00 +0.0000e+00 +0.0000e+00 +3.0000e+01 +8.0000e+00 +3.0000e+01 +6.0000e+00
11 +2.289502118e+03 +2.289502118e+03 +2.042392118e+03 +2.042392118e+03 +1.1000e+01 +1.1000e+01 +1.1000e+01 +1.1000e+01 +1.4000e+01 +2.2000e+01 +1.1000e+01 +2.2000e+01 +1.1000e+01 +1.1000e+01
13 +1.263380518e+03 +1.263380518e+03 +1.016270518e+03 +1.016270518e+03 +1.0000e+01 +1.0000e+01 +1.0000e+01 +1.0000e+01 +1.0000e+01 +1.0000e+01 +1.0000e+01 +1.0000e+01 +1.0000e+01 +1.3000e+01
19 +7.676605178e+02 +7.676605178e+02 +5.205505178e+02 +5.205505178e+02 +7.0000e+00 +7.0000e+00 +1.0000e+01 +7.0000e+00 +7.0000e+00 +7.0000e+00 +7.0000e+00 +7.0000e+00 +1.0000e+01 +7.0000e+00
21 +6.182365178e+02 +6.182365178e+02 +3.711265178e+02 +3.711265178e+02 +6.0000e+00 +9.0000e+00 +6.0000e+00 +6.0000e+00 +6.0000e+00 +9.0000e+00 +9.0000e+00 +6.0000e+00 +6.0000e+00 +6.0000e+00
27 +2.447965178e+02 +2.447965178e+02 -2.313482240e+00 -2.313482240e+00 +3.0000e+00 +3.0000e+00 +0.0000e+00 +3.0000e+00 +3.0000e+00 +3.0000e+00 +3.0000e+00 +6.0000e+00 +3.0000e+00 +3.0000e+00
33 +7.706531776e+01 +7.706531776e+01 -1.700446822e+02 -1.700446822e+02 +0.0000e+00 +3.0000e+00 +0.0000e+00 +0.0000e+00 +0.0000e+00 +0.0000e+00 +0.0000e+00 +0.0000e+00 +0.0000e+00 +3.0000e+00
% function evaluation | noise-free fitness - Fopt (-1.520400000000e+02) | best noise-free fitness - Fopt | measured fitness | best measured fitness | x1 | x2...
1 +3.483069542e+03 +3.483069542e+03 +3.331029542e+03 +3.331029542e+03 +8.0000e+00 +2.2000e+01 +1.0000e+01 +3.0000e+01 +3.0000e+01 +1.1000e+01 +2.9000e+01 +1.0000e+01 +1.4000e+01 +1.0000e+01
6 +2.156203942e+03 +2.156203942e+03 +2.004163942e+03 +2.004163942e+03 +6.0000e+00 +2.3000e+01 +7.0000e+00 +2.8000e+01 +0.0000e+00 +7.0000e+00 +2.0000e+01 +0.0000e+00 +2.2000e+01 +7.0000e+00
8 +1.183251942e+03 +1.183251942e+03 +1.031211942e+03 +1.031211942e+03 +2.2000e+01 +6.0000e+00 +0.0000e+00 +2.7000e+01 +0.0000e+00 +5.0000e+00 +0.0000e+00 +5.0000e+00 +6.0000e+00 +6.0000e+00
12 +4.666583418e+02 +4.666583418e+02 +3.146183418e+02 +3.146183418e+02 +4.0000e+00 +2.0000e+01 +4.0000e+00 +0.0000e+00 +3.0000e+00 +0.0000e+00 +0.0000e+00 +4.0000e+00 +4.0000e+00 +3.0000e+00
14 +9.684554176e+01 +9.684554176e+01 -5.519445824e+01 -5.519445824e+01 +3.0000e+00 +2.0000e+00 +3.0000e+00 +0.0000e+00 +0.0000e+00 +0.0000e+00 +2.0000e+00 +0.0000e+00 +2.0000e+00 +0.0000e+00
16 +4.893034176e+01 +4.893034176e+01 -1.031096582e+02 -1.031096582e+02 +2.0000e+00 +0.0000e+00 +1.0000e+00 +2.0000e+00 +2.0000e+00 +0.0000e+00 +0.0000e+00 +0.0000e+00 +0.0000e+00 +0.0000e+00
% function evaluation | noise-free fitness - Fopt (-2.525000000000e+01) | best noise-free fitness - Fopt | measured fitness | best measured fitness | x1 | x2...
1 +4.263886143e+03 +4.263886143e+03 +4.238636143e+03 +4.238636143e+03 +2.1000e+01 +1.5000e+01 +2.4000e+01 +1.9000e+01 +1.7000e+01 +1.5000e+01 +2.4000e+01 +2.1000e+01 +1.9000e+01 +2.4000e+01
16 +3.936750143e+03 +3.936750143e+03 +3.911500143e+03 +3.911500143e+03 +1.9000e+01 +1.9000e+01 +2.0000e+01 +2.0000e+01 +1.9000e+01 +1.9000e+01 +2.0000e+01 +1.9000e+01 +2.0000e+01 +2.0000e+01
24 +2.460292543e+03 +2.460292543e+03 +2.435042543e+03 +2.435042543e+03 +1.5000e+01 +1.5000e+01 +1.5000e+01 +1.6000e+01 +1.5000e+01 +1.5000e+01 +1.6000e+01 +1.5000e+01 +1.5000e+01 +1.6000e+01
32 +1.464316543e+03 +1.464316543e+03 +1.439066543e+03 +1.439066543e+03 +8.0000e+00 +1.5000e+01 +1.1000e+01 +1.2000e+01 +1.1000e+01 +1.1000e+01 +1.2000e+01 +1.2000e+01 +1.2000e+01 +1.1000e+01
36 +9.921341434e+02 +9.921341434e+02 +9.668841434e+02 +9.668841434e+02 +9.0000e+00 +9.0000e+00 +9.0000e+00 +1.0000e+01 +9.0000e+00 +9.0000e+00 +9.0000e+00 +9.0000e+00 +1.3000e+01 +9.0000e+00
49 +5.642109434e+02 +5.642109434e+02 +5.389609434e+02 +5.389609434e+02 +7.0000e+00 +7.0000e+00 +7.0000e+00 +7.0000e+00 +7.0000e+00 +7.0000e+00 +7.0000e+00 +7.0000e+00 +7.0000e+00 +7.0000e+00
53 +3.170909434e+02 +3.170909434e+02 +2.918409434e+02 +2.918409434e+02 +5.0000e+00 +5.0000e+00 +5.0000e+00 +5.0000e+00 +5.0000e+00 +5.0000e+00 +5.0000e+00 +5.0000e+00 +5.0000e+00 +5.0000e+00
55 +2.235309434e+02 +2.235309434e+02 +1.982809434e+02 +1.982809434e+02 +4.0000e+00 +4.0000e+00 +4.0000e+00 +4.0000e+00 +4.0000e+00 +4.0000e+00 +4.0000e+00 +4.0000e+00 +4.0000e+00 +4.0000e+00
57 +1.499709434e+02 +1.499709434e+02 +1.247209434e+02 +1.247209434e+02 +3.0000e+00 +3.0000e+00 +3.0000e+00 +3.0000e+00 +3.0000e+00 +3.0000e+00 +3.0000e+00 +3.0000e+00 +3.0000e+00 +3.0000e+00
59 +9.641094336e+01 +9.641094336e+01 +7.116094336e+01 +7.116094336e+01 +2.0000e+00 +2.0000e+00 +2.0000e+00 +2.0000e+00 +2.0000e+00 +2.0000e+00 +2.0000e+00 +2.0000e+00 +2.0000e+00 +2.0000e+00
61 +6.285094336e+01 +6.285094336e+01 +3.760094336e+01 +3.760094336e+01 +1.0000e+00 +1.0000e+00 +1.0000e+00 +1.0000e+00 +1.0000e+00 +1.0000e+00 +1.0000e+00 +1.0000e+00 +1.0000e+00 +1.0000e+00
% function evaluation | noise-free fitness - Fopt (2.230000000000e+00) | best noise-free fitness - Fopt | measured fitness | best measured fitness | x1 | x2...
1 +4.273944606e+03 +4.273944606e+03 +4.276174606e+03 +4.276174606e+03 +2.1000e+01 +2.1000e+01 +2.1000e+01 +1.3000e+01 +1.9000e+01 +2.4000e+01 +1.9000e+01 +2.1000e+01 +2.1000e+01 +1.9000e+01
5 +3.461562206e+03 +3.461562206e+03 +3.463792206e+03 +3.463792206e+03 +1.9000e+01 +1.7000e+01 +1.9000e+01 +1.9000e+01 +1.7000e+01 +1.9000e+01 +1.7000e+01 +1.7000e+01 +1.9000e+01 +1.7000e+01
11 +2.433048606e+03 +2.433048606e+03 +2.435278606e+03 +2.435278606e+03 +1.6000e+01 +1.6000e+01 +8.0000e+00 +1.6000e+01 +1.6000e+01 +1.4000e+01 +1.6000e+01 +1.6000e+01 +1.6000e+01 +1.4000e+01
17 +1.187962206e+03 +1.187962206e+03 +1.190192206e+03 +1.190192206e+03 +1.3000e+01 +5.0000e+00 +5.0000e+00 +1.3000e+01 +5.0000e+00 +5.0000e+00 +1.1000e+01 +1.3000e+01 +1.3000e+01 +1.3000e+01
21 +9.592934061e+02 +9.592934061e+02 +9.615234061e+02 +9.615234061e+02 +1.1000e+01 +3.0000e+00 +9.0000e+00 +9.0000e+00 +9.0000e+00 +1.1000e+01 +1.1000e+01 +9.0000e+00 +1.1000e+01 +3.0000e+00
27 +6.163542061e+02 +6.163542061e+02 +6.185842061e+02 +6.185842061e+02 +8.0000e+00 +6.0000e+00 +8.0000e+00 +8.0000e+00 +6.0000e+00 +8.0000e+00 +6.0000e+00 +6.0000e+00 +6.0000e+00 +8.0000e+00
31 +3.062358061e+02 +3.062358061e+02 +3.084658061e+02 +3.084658061e+02 +6.0000e+00 +4.0000e+00 +4.0000e+00 +4.0000e+00 +4.0000e+00 +4.0000e+00 +6.0000e+00 +4.0000e+00 +4.0000e+00 +6.0000e+00
35 +1.892374061e+02 +1.892374061e+02 +1.914674061e+02 +1.914674061e+02 +2.0000e+00 +2.0000e+00 +2.0000e+00 +2.0000e+00 +2.0000e+00 +4.0000e+00 +4.0000e+00 +2.0000e+00 +4.0000e+00 +4.0000e+00
37 +1.356678061e+02 +1.356678061e+02 +1.378978061e+02 +1.378978061e+02 +3.0000e+00 +1.0000e+00 +3.0000e+00 +3.0000e+00 +3.0000e+00 +3.0000e+00 +3.0000e+00 +1.0000e+00 +1.0000e+00 +3.0000e+00
41 +7.374780608e+01 +7.374780608e+01 +7.597780608e+01 +7.597780608e+01 +1.0000e+00 +1.0000e+00 +1.0000e+00 +0.0000e+00 +1.0000e+00 +1.0000e+00 +1.0000e+00 +0.0000e+00 +1.0000e+00 +0.0000e+00
% function evaluation | noise-free fitness - Fopt (-1.308000000000e+01) | best noise-free fitness - Fopt | measured fitness | best measured fitness | x1 | x2...
1 +5.924916867e+03 +5.924916867e+03 +5.911836867e+03 +5.911836867e+03 +2.9000e+01 +2.9000e+01 +1.5000e+01 +2.6000e+01 +2.9000e+01 +2.9000e+01 +2.3000e+01 +2.6000e+01 +6.0000e+00 +1.2000e+01
2 +3.258872067e+03 +3.258872067e+03 +3.245792067e+03 +3.245792067e+03 +1.9000e+01 +1.9000e+01 +7.0000e+00 +2.1000e+01 +1.9000e+01 +1.9000e+01 +1.7000e+01 +2.1000e+01 +2.0000e+00 +1.8000e+01
12 +2.228256067e+03 +2.228256067e+03 +2.215176067e+03 +2.215176067e+03 +1.4000e+01 +1.4000e+01 +1.6000e+01 +1.4000e+01 +1.4000e+01 +1.6000e+01 +1.4000e+01 +1.4000e+01 +1.4000e+01 +1.4000e+01
16 +1.577865667e+03 +1.577865667e+03 +1.564785667e+03 +1.564785667e+03 +1.2000e+01 +1.2000e+01 +1.2000e+01 +1.2000e+01 +1.2000e+01 +1.2000e+01 +1.2000e+01 +1.2000e+01 +1.2000e+01 +1.2000e+01
22 +9.283440672e+02 +9.283440672e+02 +9.152640672e+02 +9.152640672e+02 +9.0000e+00 +9.0000e+00 +9.0000e+00 +9.0000e+00 +9.0000e+00 +9.0000e+00 +9.0000e+00 +9.0000e+00 +9.0000e+00 +9.0000e+00
26 +5.953296672e+02 +5.953296672e+02 +5.822496672e+02 +5.822496672e+02 +7.0000e+00 +7.0000e+00 +7.0000e+00 +7.0000e+00 +7.0000e+00 +7.0000e+00 +7.0000e+00 +7.0000e+00 +7.0000e+00 +7.0000e+00
30 +3.423152672e+02 +3.423152672e+02 +3.292352672e+02 +3.292352672e+02 +5.0000e+00 +5.0000e+00 +5.0000e+00 +5.0000e+00 +5.0000e+00 +5.0000e+00 +5.0000e+00 +5.0000e+00 +5.0000e+00 +5.0000e+00
32 +2.458080672e+02 +2.458080672e+02 +2.327280672e+02 +2.327280672e+02 +4.0000e+00 +4.0000e+00 +4.0000e+00 +4.0000e+00 +4.0000e+00 +4.0000e+00 +4.0000e+00 +4.0000e+00 +4.0000e+00 +4.0000e+00
36 +1.127936672e+02 +1.127936672e+02 +9.971366720e+01 +9.971366720e+01 +2.0000e+00 +2.0000e+00 +2.0000e+00 +2.0000e+00 +2.0000e+00 +2.0000e+00 +2.0000e+00 +2.0000e+00 +2.0000e+00 +2.0000e+00
38 +7.628646720e+01 +7.628646720e+01 +6.320646720e+01 +6.320646720e+01 +1.0000e+00 +1.0000e+00 +1.0000e+00 +1.0000e+00 +1.0000e+00 +1.0000e+00 +1.0000e+00 +1.0000e+00 +1.0000e+00 +1.0000e+00
40 +5.977926720e+01 +5.977926720e+01 +4.669926720e+01 +4.669926720e+01 +0.0000e+00 +0.0000e+00 +0.0000e+00 +0.0000e+00 +0.0000e+00 +0.0000e+00 +0.0000e+00 +0.0000e+00 +0.0000e+00 +0.0000e+00
% function evaluation | noise-free fitness - Fopt (2.671600000000e+02) | best noise-free fitness - Fopt | measured fitness | best measured fitness | x1 | x2...
1 +4.081399557e+03 +4.081399557e+03 +4.348559557e+03 +4.348559557e+03 +2.7000e+01 +1.3000e+01 +1.5000e+01 +2.1000e+01 +2.5000e+01 +1.9000e+01 +1.9000e+01 +1.9000e+01 +1.5000e+01 +7.0000e+00
2 +1.715300357e+03 +1.715300357e+03 +1.982460357e+03 +1.982460357e+03 +1.1000e+01 +5.0000e+00 +7.0000e+00 +7.0000e+00 +9.0000e+00 +1.5000e+01 +1.5000e+01 +0.0000e+00 +1.2000e+01 +2.4000e+01
14 +1.187569157e+03 +1.187569157e+03 +1.454729157e+03 +1.454729157e+03 +9.0000e+00 +9.0000e+00 +5.0000e+00 +5.0000e+00 +9.0000e+00 +9.0000e+00 +5.0000e+00 +9.0000e+00 +1.8000e+01 +5.0000e+00
24 +2.395275571e+02 +2.395275571e+02 +5.066875571e+02 +5.066875571e+02 +4.0000e+00 +4.0000e+00 +4.0000e+00 +4.0000e+00 +0.0000e+00 +0.0000e+00 +4.0000e+00 +0.0000e+00 +0.0000e+00 +0.0000e+00
28 +1.516171571e+02 +1.516171571e+02 +4.187771571e+02 +4.187771571e+02 +0.0000e+00 +2.0000e+00 +2.0000e+00 +2.0000e+00 +2.0000e+00 +2.0000e+00 +0.0000e+00 +2.0000e+00 +2.0000e+00 +2.0000e+00
32 +7.312115712e+01 +7.312115712e+01 +3.402811571e+02 +3.402811571e+02 +0.0000e+00 +0.0000e+00 +0.0000e+00 +0.0000e+00 +0.0000e+00 +0.0000e+00 +0.0000e+00 +0.0000e+00 +0.0000e+00 +0.0000e+00
% function evaluation | noise-free fitness - Fopt (3.710000000000e+00) | best noise-free fitness - Fopt | measured fitness | best measured fitness | x1 | x2...
1 +4.117297465e+03 +4.117297465e+03 +4.121007465e+03 +4.121007465e+03 +3.0000e+01 +6.0000e+00 +2.5000e+01 +2.1000e+01 +2.5000e+01 +2.4000e+01 +5.0000e+00 +3.0000e+01 +2.1000e+01 +1.0000e+00
2 +3.589142265e+03 +3.589142265e+03 +3.592852265e+03 +3.592852265e+03 +1.8000e+01 +2.6000e+01 +2.1000e+01 +1.1000e+01 +2.1000e+01 +1.7000e+01 +2.2000e+01 +1.8000e+01 +1.1000e+01 +2.0000e+01
4 +2.311414265e+03 +2.311414265e+03 +2.315124265e+03 +2.315124265e+03 +1.7000e+01 +2.0000e+01 +1.6000e+01 +1.7000e+01 +1.0000e+01 +1.7000e+01 +1.0000e+01 +1.7000e+01 +1.0000e+01 +1.6000e+01
14 +1.395646265e+03 +1.395646265e+03 +1.399356265e+03 +1.399356265e+03 +1.2000e+01 +1.2000e+01 +1.2000e+01 +1.2000e+01 +1.2000e+01 +1.2000e+01 +1.2000e+01 +1.2000e+01 +1.2000e+01 +1.2000e+01
18 +9.715214650e+02 +9.715214650e+02 +9.752314650e+02 +9.752314650e+02 +1.0000e+01 +1.0000e+01 +1.0000e+01 +1.0000e+01 +1.0000e+01 +1.0000e+01 +1.0000e+01 +1.0000e+01 +1.0000e+01 +1.0000e+01
22 +6.273966650e+02 +6.273966650e+02 +6.311066650e+02 +6.311066650e+02 +8.0000e+00 +8.0000e+00 +8.0000e+00 +8.0000e+00 +8.0000e+00 +8.0000e+00 +8.0000e+00 +8.0000e+00 +8.0000e+00 +8.0000e+00
26 +3.632718650e+02 +3.632718650e+02 +3.669818650e+02 +3.669818650e+02 +6.0000e+00 +6.0000e+00 +6.0000e+00 +6.0000e+00 +6.0000e+00 +6.0000e+00 +6.0000e+00 +6.0000e+00 +6.0000e+00 +6.0000e+00
30 +1.791470650e+02 +1.791470650e+02 +1.828570650e+02 +1.828570650e+02 +4.0000e+00 +4.0000e+00 +4.0000e+00 +4.0000e+00 +4.0000e+00 +4.0000e+00 +4.0000e+00 +4.0000e+00 +4.0000e+00 +4.0000e+00
32 +1.170846650e+02 +1.170846650e+02 +1.207946650e+02 +1.207946650e+02 +3.0000e+00 +3.0000e+00 +3.0000e+00 +3.0000e+00 +3.0000e+00 +3.0000e+00 +3.0000e+00 +3.0000e+00 +3.0000e+00 +3.0000e+00
34 +7.502226496e+01 +7.502226496e+01 +7.873226496e+01 +7.873226496e+01 +2.0000e+00 +2.0000e+00 +2.0000e+00 +2.0000e+00 +2.0000e+00 +2.0000e+00 +2.0000e+00 +2.0000e+00 +2.0000e+00 +2.0000e+00
36 +5.295986496e+01 +5.295986496e+01 +5.666986496e+01 +5.666986496e+01 +1.0000e+00 +1.0000e+00 +1.0000e+00 +1.0000e+00 +1.0000e+00 +1.0000e+00 +1.0000e+00 +1.0000e+00 +1.0000e+00 +1.0000e+00
% function evaluation | noise-free fitness - Fopt (9.478000000000e+01) | best noise-free fitness - Fopt | measured fitness | best measured fitness | x1 | x2...
1 +2.599231308e+03 +2.599231308e+03 +2.694011308e+03 +2.694011308e+03 +3.0000e+00 +2.0000e+01 +1.9000e+01 +4.0000e+00 +2.3000e+01 +2.2000e+01 +1.9000e+01 +2.1000e+01 +0.0000e+00 +1.9000e+01
5 +2.509815308e+03 +2.509815308e+03 +2.604595308e+03 +2.604595308e+03 +1.8000e+01 +1.7000e+01 +1.7000e+01 +1.8000e+01 +1.0000e+00 +1.7000e+01 +2.0000e+01 +1.7000e+01 +1.7000e+01 +1.7000e+01
13 +1.450956108e+03 +1.450956108e+03 +1.545736108e+03 +1.545736108e+03 +1.3000e+01 +1.3000e+01 +1.3000e+01 +1.3000e+01 +1.3000e+01 +1.3000e+01 +1.3000e+01 +1.3000e+01 +1.3000e+01 +1.3000e+01
19 +8.347177082e+02 +8.347177082e+02 +9.294977082e+02 +9.294977082e+02 +1.0000e+01 +1.0000e+01 +1.0000e+01 +1.0000e+01 +1.0000e+01 +1.0000e+01 +1.0000e+01 +1.0000e+01 +1.0000e+01 +1.0000e+01
23 +5.238921082e+02 +5.238921082e+02 +6.186721082e+02 +6.186721082e+02 +8.0000e+00 +8.0000e+00 +8.0000e+00 +8.0000e+00 +8.0000e+00 +8.0000e+00 +8.0000e+00 +8.0000e+00 +8.0000e+00 +8.0000e+00
27 +2.930665082e+02 +2.930665082e+02 +3.878465082e+02 +3.878465082e+02 +6.0000e+00 +6.0000e+00 +6.0000e+00 +6.0000e+00 +6.0000e+00 +6.0000e+00 +6.0000e+00 +6.0000e+00 +6.0000e+00 +6.0000e+00
29 +2.076537082e+02 +2.076537082e+02 +3.024337082e+02 +3.024337082e+02 +5.0000e+00 +5.0000e+00 +5.0000e+00 +5.0000e+00 +5.0000e+00 +5.0000e+00 +5.0000e+00 +5.0000e+00 +5.0000e+00 +5.0000e+00
31 +1.422409082e+02 +1.422409082e+02 +2.370209082e+02 +2.370209082e+02 +4.0000e+00 +4.0000e+00 +4.0000e+00 +4.0000e+00 +4.0000e+00 +4.0000e+00 +4.0000e+00 +4.0000e+00 +4.0000e+00 +4.0000e+00
33 +9.682810816e+01 +9.682810816e+01 +1.916081082e+02 +1.916081082e+02 +3.0000e+00 +3.0000e+00 +3.0000e+00 +3.0000e+00 +3.0000e+00 +3.0000e+00 +3.0000e+00 +3.0000e+00 +3.0000e+00 +3.0000e+00
% function evaluation | noise-free fitness - Fopt (2.339200000000e+02) | best noise-free fitness - Fopt | measured fitness | best measured fitness | x1 | x2...
1 +2.104545648e+03 +2.104545648e+03 +2.338465648e+03 +2.338465648e+03 +1.9000e+01 +1.9000e+01 +9.0000e+00 +1.1000e+01 +4.0000e+00 +4.0000e+00 +1.9000e+01 +4.0000e+00 +1.7000e+01 +1.9000e+01
7 +9.146240480e+02 +9.146240480e+02 +1.148544048e+03 +1.148544048e+03 +1.7000e+01 +0.0000e+00 +1.0000e+00 +1.0000e+00 +0.0000e+00 +1.0000e+00 +0.0000e+00 +0.0000e+00 +1.6000e+01 +1.6000e+01
9 +5.601664480e+02 +5.601664480e+02 +7.940864480e+02 +7.940864480e+02 +0.0000e+00 +0.0000e+00 +1.5000e+01 +0.0000e+00 +0.0000e+00 +0.0000e+00 +0.0000e+00 +0.0000e+00 +0.0000e+00 +1.6000e+01
11 +2.705504480e+02 +2.705504480e+02 +5.044704480e+02 +5.044704480e+02 +0.0000e+00 +0.0000e+00 +0.0000e+00 +0.0000e+00 +0.0000e+00 +0.0000e+00 +0.0000e+00 +0.0000e+00 +1.5000e+01 +0.0000e+00
13 +4.723044800e+01 +4.723044800e+01 +2.811504480e+02 +2.811504480e+02 +0.0000e+00 +0.0000e+00 +0.0000e+00 +0.0000e+00 +0.0000e+00 +0.0000e+00 +0.0000e+00 +0.0000e+00 +0.0000e+00 +0.0000e+00
% function evaluation | noise-free fitness - Fopt (-6.092000000000e+01) | best noise-free fitness - Fopt | measured fitness | best measured fitness | x1 | x2...
1 +3.224992268e+03 +3.224992268e+03 +3.164072268e+03 +3.164072268e+03 +1.9000e+01 +1.9000e+01 +2.3000e+01 +1.9000e+01 +1.0000e+00 +2.3000e+01 +1.0000e+00 +2.7000e+01 +2.3000e+01 +6.0000e+00
15 +2.393504268e+03 +2.393504268e+03 +2.332584268e+03 +2.332584268e+03 +0.0000e+00 +2.8000e+01 +1.5000e+01 +1.2000e+01 +1.5000e+01 +1.6000e+01 +1.2000e+01 +1.2000e+01 +1.6000e+01 +1.6000e+01
19 +1.236171468e+03 +1.236171468e+03 +1.175251468e+03 +1.175251468e+03 +1.0000e+01 +1.0000e+01 +1.0000e+01 +1.3000e+01 +1.3000e+01 +1.0000e+01 +1.0000e+01 +1.3000e+01 +1.0000e+01 +1.0000e+01
21 +9.929666682e+02 +9.929666682e+02 +9.320466682e+02 +9.320466682e+02 +9.0000e+00 +9.0000e+00 +1.2000e+01 +1.2000e+01 +9.0000e+00 +9.0000e+00 +9.0000e+00 +1.2000e+01 +9.0000e+00 +9.0000e+00
27 +4.486706682e+02 +4.486706682e+02 +3.877506682e+02 +3.877506682e+02 +6.0000e+00 +6.0000e+00 +9.0000e+00 +6.0000e+00 +6.0000e+00 +6.0000e+00 +6.0000e+00 +9.0000e+00 +6.0000e+00 +6.0000e+00
29 +2.785682682e+02 +2.785682682e+02 +2.176482682e+02 +2.176482682e+02 +5.0000e+00 +5.0000e+00 +5.0000e+00 +5.0000e+00 +5.0000e+00 +5.0000e+00 +5.0000e+00 +5.0000e+00 +5.0000e+00 +5.0000e+00
31 +1.923778682e+02 +1.923778682e+02 +1.314578682e+02 +1.314578682e+02 +4.0000e+00 +4.0000e+00 +4.0000e+00 +4.0000e+00 +4.0000e+00 +4.0000e+00 +4.0000e+00 +4.0000e+00 +4.0000e+00 +4.0000e+00
33 +1.261874682e+02 +1.261874682e+02 +6.526746816e+01 +6.526746816e+01 +3.0000e+00 +3.0000e+00 +3.0000e+00 +3.0000e+00 +3.0000e+00 +3.0000e+00 +3.0000e+00 +3.0000e+00 +3.0000e+00 +3.0000e+00
35 +7.999706816e+01 +7.999706816e+01 +1.907706816e+01 +1.907706816e+01 +2.0000e+00 +2.0000e+00 +2.0000e+00 +2.0000e+00 +2.0000e+00 +2.0000e+00 +2.0000e+00 +2.0000e+00 +2.0000e+00 +2.0000e+00
37 +5.380666816e+01 +5.380666816e+01 -7.113331840e+00 -7.113331840e+00 +1.0000e+00 +1.0000e+00 +1.0000e+00 +1.0000e+00 +1.0000e+00 +1.0000e+00 +1.0000e+00 +1.0000e+00 +1.0000e+00 +1.0000e+00
% function evaluation | noise-free fitness - Fopt (-1.948000000000e+01) | best noise-free fitness - Fopt | measured fitness | best measured fitness | x1 | x2...
1 +3.124680750e+03 +3.124680750e+03 +3.105200750e+03 +3.105200750e+03 +2.0000e+00 +2.0000e+01 +1.5000e+01 +2.0000e+01 +2.0000e+01 +1.5000e+01 +2.2000e+01 +1.5000e+01 +2.1000e+01 +2.2000e+01
6 +2.466904750e+03 +2.466904750e+03 +2.447424750e+03 +2.447424750e+03 +1.2000e+01 +1.2000e+01 +1.8000e+01 +1.6000e+01 +1.6000e+01 +1.2000e+01 +2.5000e+01 +1.2000e+01 +1.8000e+01 +1.2000e+01
46 +1.396424750e+03 +1.396424750e+03 +1.376944750e+03 +1.376944750e+03 +1.2000e+01 +1.2000e+01 +1.2000e+01 +1.2000e+01 +1.2000e+01 +1.2000e+01 +1.2000e+01 +1.2000e+01 +1.2000e+01 +1.2000e+01
50 +9.709719501e+02 +9.709719501e+02 +9.514919501e+02 +9.514919501e+02 +1.0000e+01 +1.0000e+01 +1.0000e+01 +1.0000e+01 +1.0000e+01 +1.0000e+01 +1.0000e+01 +1.0000e+01 +1.0000e+01 +1.0000e+01
54 +6.255191501e+02 +6.255191501e+02 +6.060391501e+02 +6.060391501e+02 +8.0000e+00 +8.0000e+00 +8.0000e+00 +8.0000e+00 +8.0000e+00 +8.0000e+00 +8.0000e+00 +8.0000e+00 +8.0000e+00 +8.0000e+00
58 +3.600663501e+02 +3.600663501e+02 +3.405863501e+02 +3.405863501e+02 +6.0000e+00 +6.0000e+00 +6.0000e+00 +6.0000e+00 +6.0000e+00 +6.0000e+00 +6.0000e+00 +6.0000e+00 +6.0000e+00 +6.0000e+00
62 +1.746135501e+02 +1.746135501e+02 +1.551335501e+02 +1.551335501e+02 +4.0000e+00 +4.0000e+00 +4.0000e+00 +4.0000e+00 +4.0000e+00 +4.0000e+00 +4.0000e+00 +4.0000e+00 +4.0000e+00 +4.0000e+00
64 +1.118871501e+02 +1.118871501e+02 +9.240715008e+01 +9.240715008e+01 +3.0000e+00 +3.0000e+00 +3.0000e+00 +3.0000e+00 +3.0000e+00 +3.0000e+00 +3.0000e+00 +3.0000e+00 +3.0000e+00 +3.0000e+00
66 +6.916075008e+01 +6.916075008e+01 +4.968075008e+01 +4.968075008e+01 +2.0000e+00 +2.0000e+00 +2.0000e+00 +2.0000e+00 +2.0000e+00 +2.0000e+00 +2.0000e+00 +2.0000e+00 +2.0000e+00 +2.0000e+00
68 +4.643435008e+01 +4.643435008e+01 +2.695435008e+01 +2.695435008e+01 +1.0000e+00 +1.0000e+00 +1.0000e+00 +1.0000e+00 +1.0000e+00 +1.0000e+00 +1.0000e+00 +1.0000e+00 +1.0000e+00 +1.0000e+00
% function evaluation | noise-free fitness - Fopt (1.344700000000e+02) | best noise-free fitness - Fopt | measured fitness | best measured fitness | x1 | x2...
1 +6.117614860e+03 +6.117614860e+03 +6.252084860e+03 +6.252084860e+03 +3.1000e+01 +1.2000e+01 +9.0000e+00 +2.8000e+01 +2.8000e+01 +2.8000e+01 +2.8000e+01 +2.0000e+01 +2.3000e+01 +1.5000e+01
2 +2.552629260e+03 +2.552629260e+03 +2.687099260e+03 +2.687099260e+03 +6.0000e+00 +2.8000e+01 +2.1000e+01 +1.2000e+01 +1.2000e+01 +1.2000e+01 +1.2000e+01 +1.0000e+00 +8.0000e+00 +2.2000e+01
4 +1.105454860e+03 +1.105454860e+03 +1.239924860e+03 +1.239924860e+03 +5.0000e+00 +1.1000e+01 +5.0000e+00 +1.1000e+01 +1.1000e+01 +1.1000e+01 +5.0000e+00 +1.1000e+01 +7.0000e+00 +1.1000e+01
6 +8.283444595e+02 +8.283444595e+02 +9.628144595e+02 +9.628144595e+02 +1.0000e+01 +1.0000e+01 +4.0000e+00 +4.0000e+00 +1.0000e+01 +1.0000e+01 +1.0000e+01 +1.0000e+01 +4.0000e+00 +4.0000e+00
12 +5.719572595e+02 +5.719572595e+02 +7.064272595e+02 +7.064272595e+02 +5.0000e+00 +1.1000e+01 +0.0000e+00 +0.0000e+00 +7.0000e+00 +7.0000e+00 +7.0000e+00 +7.0000e+00 +7.0000e+00 +7.0000e+00
22 +3.194324595e+02 +3.194324595e+02 +4.539024595e+02 +4.539024595e+02 +6.0000e+00 +6.0000e+00 +2.0000e+00 +2.0000e+00 +2.0000e+00 +2.0000e+00 +6.0000e+00 +6.0000e+00 +6.0000e+00 +2.0000e+00
28 +2.148212595e+02 +2.148212595e+02 +3.492912595e+02 +3.492912595e+02 +3.0000e+00 +3.0000e+00 +3.0000e+00 +3.0000e+00 +3.0000e+00 +3.0000e+00 +3.0000e+00 +3.0000e+00 +3.0000e+00 +3.0000e+00
30 +1.446612595e+02 +1.446612595e+02 +2.791312595e+02 +2.791312595e+02 +2.0000e+00 +2.0000e+00 +2.0000e+00 +2.0000e+00 +2.0000e+00 +2.0000e+00 +2.0000e+00 +2.0000e+00 +2.0000e+00 +2.0000e+00
32 +9.450125952e+01 +9.450125952e+01 +2.289712595e+02 +2.289712595e+02 +1.0000e+00 +1.0000e+00 +1.0000e+00 +1.0000e+00 +1.0000e+00 +1.0000e+00 +1.0000e+00 +1.0000e+00 +1.0000e+00 +1.0000e+00
% function evaluation | noise-free fitness - Fopt (4.453500000000e+02) | best noise-free fitness - Fopt | measured fitness | best measured fitness | x1 | x2...
1 +2.693017505e+03 +2.693017505e+03 +3.138367505e+03 +3.138367505e+03 +1.6000e+01 +1.0000e+00 +2.5000e+01 +2.1000e+01 +0.0000e+00 +0.0000e+00 +0.0000e+00 +2.1000e+01 +2.3000e+01 +1.7000e+01
19 +2.507287905e+03 +2.507287905e+03 +2.952637905e+03 +2.952637905e+03 +1.6000e+01 +1.6000e+01 +1.6000e+01 +1.6000e+01 +1.6000e+01 +1.6000e+01 +1.6000e+01 +1.6000e+01 +1.6000e+01 +1.6000e+01
27 +1.417419105e+03 +1.417419105e+03 +1.862769105e+03 +1.862769105e+03 +1.2000e+01 +1.2000e+01 +1.2000e+01 +1.2000e+01 +1.2000e+01 +1.2000e+01 +1.2000e+01 +1.2000e+01 +1.2000e+01 +1.2000e+01
31 +9.924847053e+02 +9.924847053e+02 +1.437834705e+03 +1.437834705e+03 +1.0000e+01 +1.0000e+01 +1.0000e+01 +1.0000e+01 +1.0000e+01 +1.0000e+01 +1.0000e+01 +1.0000e+01 +1.0000e+01 +1.0000e+01
37 +5.050831053e+02 +5.050831053e+02 +9.504331053e+02 +9.504331053e+02 +7.0000e+00 +7.0000e+00 +7.0000e+00 +7.0000e+00 +7.0000e+00 +7.0000e+00 +7.0000e+00 +7.0000e+00 +7.0000e+00 +7.0000e+00
39 +3.826159053e+02 +3.826159053e+02 +8.279659053e+02 +8.279659053e+02 +6.0000e+00 +6.0000e+00 +6.0000e+00 +6.0000e+00 +6.0000e+00 +6.0000e+00 +6.0000e+00 +6.0000e+00 +6.0000e+00 +6.0000e+00
43 +1.976815053e+02 +1.976815053e+02 +6.430315053e+02 +6.430315053e+02 +4.0000e+00 +4.0000e+00 +4.0000e+00 +4.0000e+00 +4.0000e+00 +4.0000e+00 +4.0000e+00 +4.0000e+00 +4.0000e+00 +4.0000e+00
45 +1.352143053e+02 +1.352143053e+02 +5.805643053e+02 +5.805643053e+02 +3.0000e+00 +3.0000e+00 +3.0000e+00 +3.0000e+00 +3.0000e+00 +3.0000e+00 +3.0000e+00 +3.0000e+00 +3.0000e+00 +3.0000e+00
47 +9.274710528e+01 +9.274710528e+01 +5.380971053e+02 +5.380971053e+02 +2.0000e+00 +2.0000e+00 +2.0000e+00 +2.0000e+00 +2.0000e+00 +2.0000e+00 +2.0000e+00 +2.0000e+00 +2.0000e+00 +2.0000e+00
