% function evaluation | noise-free fitness - Fopt (7.948000000000e+01) | best noise-free fitness - Fopt | measured fitness | best measured fitness | x1 | x2...
1 +8.063936017e+03 +8.063936017e+03 +8.143416017e+03 +8.143416017e+03 +0.0000e+00 +2.7000e+01 +1.7000e+01 +5.0000e+00 +2.3000e+01 +0.0000e+00 +1.5000e+01 +2.0000e+01 +2.5000e+01 +2.5000e+01 +2.0000e+01 +2.4000e+01 +2.4000e+01 +1.9000e+01 +1.4000e+01 +2.0000e+01 +2.3000e+01 +1.7000e+01 +2.4000e+01 +2.1000e+01
13 +6.047436817e+03 +6.047436817e+03 +6.126916817e+03 +6.126916817e+03 +1.0000e+01 +1.6000e+01 +8.0000e+00 +1.8000e+01 +1.8000e+01 +1.8000e+01 +1.8000e+01 +1.8000e+01 +1.8000e+01 +1.8000e+01 +1.8000e+01 +1.8000e+01 +1.8000e+01 +1.8000e+01 +1.8000e+01 +1.8000e+01 +1.8000e+01 +1.8000e+01 +1.8000e+01 +1.8000e+01
23 +3.502075217e+03 +3.502075217e+03 +3.581555217e+03 +3.581555217e+03 +1.3000e+01 +1.3000e+01 +1.3000e+01 +1.3000e+01 +1.3000e+01 +1.3000e+01 +1.3000e+01 +1.3000e+01 +1.3000e+01 +1.3000e+01 +1.3000e+01 +1.3000e+01 +1.3000e+01 +1.3000e+01 +1.3000e+01 +1.3000e+01 +1.3000e+01 +1.3000e+01 +1.3000e+01 +1.3000e+01
29 +2.114620817e+03 +2.114620817e+03 +2.194100817e+03 +2.194100817e+03 +1.0000e+01 +1.0000e+01 +1.0000e+01 +1.0000e+01 +1.0000e+01 +1.0000e+01 +1.0000e+01 +1.0000e+01 +1.0000e+01 +1.0000e+01 +1.0000e+01 +1.0000e+01 +1.0000e+01 +1.0000e+01 +1.0000e+01 +1.0000e+01 +1.0000e+01 +1.0000e+01 +1.0000e+01 +1.0000e+01
33 +1.389651217e+03 +1.389651217e+03 +1.469131217e+03 +1.469131217e+03 +8.0000e+00 +8.0000e+00 +8.0000e+00 +8.0000e+00 +8.0000e+00 +8.0000e+00 +8.0000e+00 +8.0000e+00 +8.0000e+00 +8.0000e+00 +8.0000e+00 +8.0000e+00 +8.0000e+00 +8.0000e+00 +8.0000e+00 +8.0000e+00 +8.0000e+00 +8.0000e+00 +8.0000e+00 +8.0000e+00
37 +8.246816173e+02 +8.246816173e+02 +9.041616173e+02 +9.041616173e+02 +6.0000e+00 +6.0000e+00 +6.0000e+00 +6.0000e+00 +6.0000e+00 +6.0000e+00 +6.0000e+00 +6.0000e+00 +6.0000e+00 +6.0000e+00 +6.0000e+00 +6.0000e+00 +6.0000e+00 +6.0000e+00 +6.0000e+00 +6.0000e+00 +6.0000e+00 +6.0000e+00 +6.0000e+00 +6.0000e+00
39 +6.021968173e+02 +6.021968173e+02 +6.816768173e+02 +6.816768173e+02 +5.0000e+00 +5.0000e+00 +5.0000e+00 +5.0000e+00 +5.0000e+00 +5.0000e+00 +5.0000e+00 +5.0000e+00 +5.0000e+00 +5.0000e+00 +5.0000e+00 +5.0000e+00 +5.0000e+00 +5.0000e+00 +5.0000e+00 +5.0000e+00 +5.0000e+00 +5.0000e+00 +5.0000e+00 +5.0000e+00
43 +2.772272173e+02 +2.772272173e+02 +3.567072173e+02 +3.567072173e+02 +3.0000e+00 +3.0000e+00 +3.0000e+00 +3.0000e+00 +3.0000e+00 +3.0000e+00 +3.0000e+00 +3.0000e+00 +3.0000e+00 +3.0000e+00 +3.0000e+00 +3.0000e+00 +3.0000e+00 +3.0000e+00 +3.0000e+00 +3.0000e+00 +3.0000e+00 +3.0000e+00 +3.0000e+00 +3.0000e+00
45 +1.747424173e+02 +1.747424173e+02 +2.542224173e+02 +2.542224173e+02 +2.0000e+00 +2.0000e+00 +2.0000e+00 +2.0000e+00 +2.0000e+00 +2.0000e+00 +2.0000e+00 +2.0000e+00 +2.0000e+00 +2.0000e+00 +2.0000e+00 +2.0000e+00 +2.0000e+00 +2.0000e+00 +2.0000e+00 +2.0000e+00 +2.0000e+00 +2.0000e+00 +2.0000e+00 +2.0000e+00
47 +1.122576173e+02 +1.122576173e+02 +1.917376173e+02 +1.917376173e+02 +1.0000e+00 +1.0000e+00 +1.0000e+00 +1.0000e+00 +1.0000e+00 +1.0000e+00 +1.0000e+00 +1.0000e+00 +1.0000e+00 +1.0000e+00 +1.0000e+00 +1.0000e+00 +1.0000e+00 +1.0000e+00 +1.0000e+00 +1.0000e+00 +1.0000e+00 +1.0000e+00 +1.0000e+00 +1.0000e+00
49 +8.977281728e+01 +8.977281728e+01 +1.692528173e+02 +1.692528173e+02 +0.0000e+00 +0.0000e+00 +0.0000e+00 +0.0000e+00 +0.0000e+00 +0.0000e+00 +0.0000e+00 +0.0000e+00 +0.0000e+00 +0.0000e+00 +0.0000e+00 +0.0000e+00 +0.0000e+00 +0.0000e+00 +0.0000e+00 +0.0000e+00 +0.0000e+00 +0.0000e+00 +0.0000e+00 +0.0000e+00
% function evaluation | noise-free fitness - Fopt (3.944800000000e+02) | best noise-free fitness - Fopt | measured fitness | best measured fitness | x1 | x2...
1 +7.992461282e+03 +7.992461282e+03 +8.386941282e+03 +8.386941282e+03 +2.4000e+01 +2.6000e+01 +1.1000e+01 +2.4000e+01 +1.0000e+01 +1.1000e+01 +2.9000e+01 +0.0000e+00 +1.1000e+01 +2.3000e+01 +2.6000e+01 +2.3000e+01 +1.1000e+01 +2.9000e+01 +2.6000e+01 +8.0000e+00 +2.6000e+01 +0.0000e+00 +2.0000e+01 +8.0000e+00
21 +5.450394082e+03 +5.450394082e+03 +5.844874082e+03 +5.844874082e+03 +1.6000e+01 +1.6000e+01 +1.6000e+01 +1.6000e+01 +1.6000e+01 +1.6000e+01 +1.6000e+01 +1.6000e+01 +1.6000e+01 +1.6000e+01 +1.6000e+01 +1.6000e+01 +1.6000e+01 +1.6000e+01 +1.6000e+01 +1.6000e+01 +1.6000e+01 +1.6000e+01 +1.6000e+01 +1.6000e+01
27 +3.675944482e+03 +3.675944482e+03 +4.070424482e+03 +4.070424482e+03 +1.3000e+01 +1.3000e+01 +1.3000e+01 +1.3000e+01 +1.3000e+01 +1.3000e+01 +1.3000e+01 +1.3000e+01 +1.3000e+01 +1.3000e+01 +1.3000e+01 +1.3000e+01 +1.3000e+01 +1.3000e+01 +1.3000e+01 +1.3000e+01 +1.3000e+01 +1.3000e+01 +1.3000e+01 +1.3000e+01
33 +2.261494882e+03 +2.261494882e+03 +2.655974882e+03 +2.655974882e+03 +1.0000e+01 +1.0000e+01 +1.0000e+01 +1.0000e+01 +1.0000e+01 +1.0000e+01 +1.0000e+01 +1.0000e+01 +1.0000e+01 +1.0000e+01 +1.0000e+01 +1.0000e+01 +1.0000e+01 +1.0000e+01 +1.0000e+01 +1.0000e+01 +1.0000e+01 +1.0000e+01 +1.0000e+01 +1.0000e+01
37 +1.518528482e+03 +1.518528482e+03 +1.913008482e+03 +1.913008482e+03 +8.0000e+00 +8.0000e+00 +8.0000e+00 +8.0000e+00 +8.0000e+00 +8.0000e+00 +8.0000e+00 +8.0000e+00 +8.0000e+00 +8.0000e+00 +8.0000e+00 +8.0000e+00 +8.0000e+00 +8.0000e+00 +8.0000e+00 +8.0000e+00 +8.0000e+00 +8.0000e+00 +8.0000e+00 +8.0000e+00
41 +9.355620819e+02 +9.355620819e+02 +1.330042082e+03 +1.330042082e+03 +6.0000e+00 +6.0000e+00 +6.0000e+00 +6.0000e+00 +6.0000e+00 +6.0000e+00 +6.0000e+00 +6.0000e+00 +6.0000e+00 +6.0000e+00 +6.0000e+00 +6.0000e+00 +6.0000e+00 +6.0000e+00 +6.0000e+00 +6.0000e+00 +6.0000e+00 +6.0000e+00 +6.0000e+00 +6.0000e+00
45 +5.125956819e+02 +5.125956819e+02 +9.070756819e+02 +9.070756819e+02 +4.0000e+00 +4.0000e+00 +4.0000e+00 +4.0000e+00 +4.0000e+00 +4.0000e+00 +4.0000e+00 +4.0000e+00 +4.0000e+00 +4.0000e+00 +4.0000e+00 +4.0000e+00 +4.0000e+00 +4.0000e+00 +4.0000e+00 +4.0000e+00 +4.0000e+00 +4.0000e+00 +4.0000e+00 +4.0000e+00
47 +3.611124819e+02 +3.611124819e+02 +7.555924819e+02 +7.555924819e+02 +3.0000e+00 +3.0000e+00 +3.0000e+00 +3.0000e+00 +3.0000e+00 +3.0000e+00 +3.0000e+00 +3.0000e+00 +3.0000e+00 +3.0000e+00 +3.0000e+00 +3.0000e+00 +3.0000e+00 +3.0000e+00 +3.0000e+00 +3.0000e+00 +3.0000e+00 +3.0000e+00 +3.0000e+00 +3.0000e+00
49 +2.496292819e+02 +2.496292819e+02 +6.441092819e+02 +6.441092819e+02 +2.0000e+00 +2.0000e+00 +2.0000e+00 +2.0000e+00 +2.0000e+00 +2.0000e+00 +2.0000e+00 +2.0000e+00 +2.0000e+00 +2.0000e+00 +2.0000e+00 +2.0000e+00 +2.0000e+00 +2.0000e+00 +2.0000e+00 +2.0000e+00 +2.0000e+00 +2.0000e+00 +2.0000e+00 +2.0000e+00
53 +1.466628819e+02 +1.466628819e+02 +5.411428819e+02 +5.411428819e+02 +0.0000e+00 +0.0000e+00 +0.0000e+00 +0.0000e+00 +0.0000e+00 +0.0000e+00 +0.0000e+00 +0.0000e+00 +0.0000e+00 +0.0000e+00 +0.0000e+00 +0.0000e+00 +0.0000e+00 +0.0000e+00 +0.0000e+00 +0.0000e+00 +0.0000e+00 +0.0000e+00 +0.0000e+00 +0.0000e+00
% function evaluation | noise-free fitness - Fopt (-2.471100000000e+02) | best noise-free fitness - Fopt | measured fitness | best measured fitness | x1 | x2...
1 +7.632549396e+03 +7.632549396e+03 +7.385439396e+03 +7.385439396e+03 +2.0000e+00 +2.4000e+01 +8.0000e+00 +1.7000e+01 +1.8000e+01 +3.0000e+00 +1.8000e+01 +2.7000e+01 +1.8000e+01 +1.8000e+01 +2.5000e+01 +2.7000e+01 +1.8000e+01 +1.8000e+01 +2.7000e+01 +1.8000e+01 +0.0000e+00 +2.4000e+01 +2.5000e+01 +2.7000e+01
7 +6.187955796e+03 +6.187955796e+03 +5.940845796e+03 +5.940845796e+03 +8.0000e+00 +3.1000e+01 +5.0000e+00 +5.0000e+00 +1.5000e+01 +1.5000e+01 +2.4000e+01 +5.0000e+00 +2.4000e+01 +1.5000e+01 +2.4000e+01 +2.2000e+01 +1.5000e+01 +2.4000e+01 +1.5000e+01 +5.0000e+00 +2.2000e+01 +1.5000e+01 +2.2000e+01 +2.4000e+01
26 +3.798376596e+03 +3.798376596e+03 +3.551266596e+03 +3.551266596e+03 +1.4000e+01 +1.4000e+01 +1.4000e+01 +1.4000e+01 +1.4000e+01 +1.6000e+01 +1.4000e+01 +1.4000e+01 +1.4000e+01 +1.4000e+01 +1.4000e+01 +1.4000e+01 +1.4000e+01 +1.4000e+01 +1.4000e+01 +1.4000e+01 +1.4000e+01 +1.4000e+01 +1.4000e+01 +1.4000e+01
32 +2.506874196e+03 +2.506874196e+03 +2.259764196e+03 +2.259764196e+03 +1.1000e+01 +1.3000e+01 +1.1000e+01 +1.3000e+01 +1.1000e+01 +1.1000e+01 +1.1000e+01 +1.1000e+01 +1.1000e+01 +1.1000e+01 +1.1000e+01 +1.1000e+01 +1.1000e+01 +1.1000e+01 +1.1000e+01 +1.1000e+01 +1.1000e+01 +1.1000e+01 +1.3000e+01 +1.3000e+01
40 +1.383466196e+03 +1.383466196e+03 +1.136356196e+03 +1.136356196e+03 +9.0000e+00 +9.0000e+00 +9.0000e+00 +7.0000e+00 +9.0000e+00 +9.0000e+00 +9.0000e+00 +9.0000e+00 +9.0000e+00 +9.0000e+00 +7.0000e+00 +9.0000e+00 +7.0000e+00 +7.0000e+00 +9.0000e+00 +9.0000e+00 +7.0000e+00 +9.0000e+00 +9.0000e+00 +7.0000e+00
44 +9.139077958e+02 +9.139077958e+02 +6.667977958e+02 +6.667977958e+02 +7.0000e+00 +7.0000e+00 +5.0000e+00 +7.0000e+00 +7.0000e+00 +5.0000e+00 +7.0000e+00 +7.0000e+00 +7.0000e+00 +7.0000e+00 +7.0000e+00 +7.0000e+00 +7.0000e+00 +7.0000e+00 +7.0000e+00 +7.0000e+00 +7.0000e+00 +7.0000e+00 +7.0000e+00 +7.0000e+00
48 +4.500549958e+02 +4.500549958e+02 +2.029449958e+02 +2.029449958e+02 +3.0000e+00 +5.0000e+00 +5.0000e+00 +5.0000e+00 +5.0000e+00 +5.0000e+00 +5.0000e+00 +3.0000e+00 +5.0000e+00 +3.0000e+00 +5.0000e+00 +5.0000e+00 +5.0000e+00 +5.0000e+00 +5.0000e+00 +5.0000e+00 +5.0000e+00 +5.0000e+00 +5.0000e+00 +5.0000e+00
50 +3.585109958e+02 +3.585109958e+02 +1.114009958e+02 +1.114009958e+02 +4.0000e+00 +4.0000e+00 +4.0000e+00 +4.0000e+00 +4.0000e+00 +4.0000e+00 +4.0000e+00 +4.0000e+00 +4.0000e+00 +4.0000e+00 +4.0000e+00 +4.0000e+00 +4.0000e+00 +4.0000e+00 +4.0000e+00 +4.0000e+00 +2.0000e+00 +4.0000e+00 +4.0000e+00 +4.0000e+00
52 +2.477349958e+02 +2.477349958e+02 +6.249958400e-01 +6.249958400e-01 +3.0000e+00 +3.0000e+00 +3.0000e+00 +3.0000e+00 +3.0000e+00 +3.0000e+00 +3.0000e+00 +3.0000e+00 +3.0000e+00 +3.0000e+00 +3.0000e+00 +3.0000e+00 +3.0000e+00 +3.0000e+00 +1.0000e+00 +3.0000e+00 +3.0000e+00 +3.0000e+00 +3.0000e+00 +3.0000e+00
56 +1.220581958e+02 +1.220581958e+02 -1.250518042e+02 -1.250518042e+02 +1.0000e+00 +1.0000e+00 +1.0000e+00 +1.0000e+00 +1.0000e+00 +1.0000e+00 +1.0000e+00 +1.0000e+00 +1.0000e+00 +1.0000e+00 +1.0000e+00 +1.0000e+00 +1.0000e+00 +1.0000e+00 +1.0000e+00 +1.0000e+00 +1.0000e+00 +1.0000e+00 +1.0000e+00 +1.0000e+00
% function evaluation | noise-free fitness - Fopt (-1.520400000000e+02) | best noise-free fitness - Fopt | measured fitness | best measured fitness | x1 | x2...
1 +6.578570435e+03 +6.578570435e+03 +6.426530435e+03 +6.426530435e+03 +1.2000e+01 +1.9000e+01 +5.0000e+00 +1.5000e+01 +1.5000e+01 +5.0000e+00 +1.2000e+01 +2.5000e+01 +2.9000e+01 +1.5000e+01 +2.9000e+01 +1.8000e+01 +2.1000e+01 +1.5000e+01 +1.5000e+01 +1.8000e+01 +2.9000e+01 +2.1000e+01 +1.0000e+00 +2.1000e+01
3 +5.773655235e+03 +5.773655235e+03 +5.621615235e+03 +5.621615235e+03 +1.4000e+01 +2.8000e+01 +1.1000e+01 +1.7000e+01 +1.7000e+01 +0.0000e+00 +2.0000e+01 +1.4000e+01 +2.8000e+01 +4.0000e+00 +2.8000e+01 +1.4000e+01 +1.4000e+01 +1.8000e+01 +1.7000e+01 +2.0000e+01 +2.0000e+01 +1.1000e+01 +4.0000e+00 +1.7000e+01
11 +3.652279235e+03 +3.652279235e+03 +3.500239235e+03 +3.500239235e+03 +8.0000e+00 +2.1000e+01 +1.3000e+01 +1.3000e+01 +1.3000e+01 +1.3000e+01 +1.3000e+01 +1.3000e+01 +1.6000e+01 +1.6000e+01 +1.3000e+01 +1.3000e+01 +1.3000e+01 +1.6000e+01 +1.3000e+01 +1.3000e+01 +1.3000e+01 +1.6000e+01 +1.3000e+01 +1.3000e+01
15 +2.394039235e+03 +2.394039235e+03 +2.241999235e+03 +2.241999235e+03 +1.1000e+01 +1.4000e+01 +1.1000e+01 +1.1000e+01 +1.4000e+01 +1.1000e+01 +1.1000e+01 +6.0000e+00 +1.1000e+01 +6.0000e+00 +6.0000e+00 +1.4000e+01 +1.1000e+01 +1.1000e+01 +1.1000e+01 +1.1000e+01 +6.0000e+00 +1.1000e+01 +1.1000e+01 +1.9000e+01
19 +1.224572035e+03 +1.224572035e+03 +1.072532035e+03 +1.072532035e+03 +4.0000e+00 +9.0000e+00 +4.0000e+00 +4.0000e+00 +4.0000e+00 +4.0000e+00 +1.2000e+01 +1.2000e+01 +9.0000e+00 +4.0000e+00 +1.2000e+01 +1.2000e+01 +4.0000e+00 +4.0000e+00 +9.0000e+00 +9.0000e+00 +9.0000e+00 +4.0000e+00 +4.0000e+00 +9.0000e+00
21 +9.431464352e+02 +9.431464352e+02 +7.911064352e+02 +7.911064352e+02 +8.0000e+00 +1.1000e+01 +3.0000e+00 +3.0000e+00 +3.0000e+00 +8.0000e+00 +3.0000e+00 +8.0000e+00 +8.0000e+00 +8.0000e+00 +3.0000e+00 +1.1000e+01 +8.0000e+00 +3.0000e+00 +8.0000e+00 +3.0000e+00 +8.0000e+00 +3.0000e+00 +8.0000e+00 +3.0000e+00
23 +4.408232352e+02 +4.408232352e+02 +2.887832352e+02 +2.887832352e+02 +2.0000e+00 +2.0000e+00 +2.0000e+00 +7.0000e+00 +1.0000e+01 +2.0000e+00 +2.0000e+00 +2.0000e+00 +7.0000e+00 +2.0000e+00 +1.0000e+01 +2.0000e+00 +2.0000e+00 +2.0000e+00 +7.0000e+00 +2.0000e+00 +2.0000e+00 +7.0000e+00 +2.0000e+00 +2.0000e+00
27 +3.476200352e+02 +3.476200352e+02 +1.955800352e+02 +1.955800352e+02 +8.0000e+00 +0.0000e+00 +5.0000e+00 +0.0000e+00 +5.0000e+00 +0.0000e+00 +0.0000e+00 +0.0000e+00 +0.0000e+00 +8.0000e+00 +0.0000e+00 +0.0000e+00 +0.0000e+00 +0.0000e+00 +0.0000e+00 +0.0000e+00 +5.0000e+00 +5.0000e+00 +8.0000e+00 +0.0000e+00
31 +1.462680352e+02 +1.462680352e+02 -5.771964800e+00 -5.771964800e+00 +2.0000e+00 +4.0000e+00 +0.0000e+00 +0.0000e+00 +3.0000e+00 +0.0000e+00 +0.0000e+00 +0.0000e+00 +3.0000e+00 +0.0000e+00 +0.0000e+00 +0.0000e+00 +3.0000e+00 +0.0000e+00 +0.0000e+00 +0.0000e+00 +0.0000e+00 +0.0000e+00 +0.0000e+00 +0.0000e+00
% function evaluation | noise-free fitness - Fopt (-2.525000000000e+01) | best noise-free fitness - Fopt | measured fitness | best measured fitness | x1 | x2...
1 +1.171673243e+04 +1.171673243e+04 +1.169148243e+04 +1.169148243e+04 +2.5000e+01 +2.4000e+01 +6.0000e+00 +2.5000e+01 +1.6000e+01 +3.0000e+01 +2.3000e+01 +3.0000e+01 +1.7000e+01 +2.5000e+01 +1.5000e+01 +1.0000e+01 +1.6000e+01 +3.0000e+01 +3.0000e+01 +1.5000e+01 +3.0000e+01 +3.0000e+01 +2.9000e+01 +3.0000e+01
2 +4.583794828e+03 +4.583794828e+03 +4.558544828e+03 +4.558544828e+03 +1.2000e+01 +4.0000e+00 +2.5000e+01 +4.0000e+00 +3.0000e+01 +1.2000e+01 +2.2000e+01 +0.0000e+00 +0.0000e+00 +4.0000e+00 +6.0000e+00 +2.6000e+01 +3.0000e+01 +0.0000e+00 +0.0000e+00 +2.0000e+01 +0.0000e+00 +0.0000e+00 +0.0000e+00 +1.2000e+01
4 +2.360594828e+03 +2.360594828e+03 +2.335344828e+03 +2.335344828e+03 +2.4000e+01 +2.9000e+01 +3.0000e+00 +1.1000e+01 +0.0000e+00 +0.0000e+00 +0.0000e+00 +3.0000e+00 +1.1000e+01 +3.0000e+00 +0.0000e+00 +3.0000e+00 +0.0000e+00 +0.0000e+00 +0.0000e+00 +0.0000e+00 +0.0000e+00 +1.1000e+01 +2.5000e+01 +0.0000e+00
16 +1.009455628e+03 +1.009455628e+03 +9.842056282e+02 +9.842056282e+02 +0.0000e+00 +0.0000e+00 +0.0000e+00 +0.0000e+00 +1.8000e+01 +0.0000e+00 +0.0000e+00 +0.0000e+00 +0.0000e+00 +0.0000e+00 +1.8000e+01 +1.8000e+01 +0.0000e+00 +0.0000e+00 +1.7000e+01 +0.0000e+00 +0.0000e+00 +0.0000e+00 +0.0000e+00 +0.0000e+00
18 +7.017628282e+02 +7.017628282e+02 +6.765128282e+02 +6.765128282e+02 +0.0000e+00 +0.0000e+00 +1.7000e+01 +0.0000e+00 +0.0000e+00 +1.7000e+01 +0.0000e+00 +0.0000e+00 +0.0000e+00 +0.0000e+00 +0.0000e+00 +0.0000e+00 +0.0000e+00 +0.0000e+00 +0.0000e+00 +0.0000e+00 +0.0000e+00 +0.0000e+00 +0.0000e+00 +0.0000e+00
24 +2.312156282e+02 +2.312156282e+02 +2.059656282e+02 +2.059656282e+02 +0.0000e+00 +0.0000e+00 +0.0000e+00 +0.0000e+00 +0.0000e+00 +0.0000e+00 +0.0000e+00 +0.0000e+00 +1.4000e+01 +0.0000e+00 +0.0000e+00 +0.0000e+00 +0.0000e+00 +0.0000e+00 +0.0000e+00 +0.0000e+00 +0.0000e+00 +0.0000e+00 +0.0000e+00 +0.0000e+00
26 +7.197402816e+01 +7.197402816e+01 +4.672402816e+01 +4.672402816e+01 +0.0000e+00 +0.0000e+00 +0.0000e+00 +0.0000e+00 +0.0000e+00 +0.0000e+00 +0.0000e+00 +0.0000e+00 +0.0000e+00 +0.0000e+00 +0.0000e+00 +0.0000e+00 +0.0000e+00 +0.0000e+00 +0.0000e+00 +0.0000e+00 +0.0000e+00 +0.0000e+00 +0.0000e+00 +0.0000e+00
% function evaluation | noise-free fitness - Fopt (2.230000000000e+00) | best noise-free fitness - Fopt | measured fitness | best measured fitness | x1 | x2...
1 +8.533200183e+03 +8.533200183e+03 +8.535430183e+03 +8.535430183e+03 +3.0000e+01 +5.0000e+00 +2.0000e+01 +2.8000e+01 +1.3000e+01 +2.6000e+01 +1.8000e+01 +2.6000e+01 +1.5000e+01 +2.8000e+01 +0.0000e+00 +2.6000e+01 +2.8000e+01 +0.0000e+00 +2.9000e+01 +6.0000e+00 +2.0000e+00 +8.0000e+00 +2.6000e+01 +1.8000e+01
18 +5.632569783e+03 +5.632569783e+03 +5.634799783e+03 +5.634799783e+03 +1.6000e+01 +1.6000e+01 +1.6000e+01 +1.6000e+01 +2.2000e+01 +1.6000e+01 +1.6000e+01 +1.6000e+01 +1.4000e+01 +1.6000e+01 +1.6000e+01 +1.6000e+01 +1.6000e+01 +1.4000e+01 +1.6000e+01 +1.6000e+01 +1.6000e+01 +2.2000e+01 +1.6000e+01 +1.6000e+01
50 +3.974704183e+03 +3.974704183e+03 +3.976934183e+03 +3.976934183e+03 +1.4000e+01 +1.4000e+01 +1.4000e+01 +1.4000e+01 +1.4000e+01 +1.4000e+01 +1.4000e+01 +1.4000e+01 +1.4000e+01 +1.4000e+01 +1.4000e+01 +6.0000e+00 +1.4000e+01 +1.4000e+01 +1.4000e+01 +1.4000e+01 +1.4000e+01 +1.4000e+01 +1.4000e+01 +1.4000e+01
58 +2.190934583e+03 +2.190934583e+03 +2.193164583e+03 +2.193164583e+03 +1.0000e+01 +1.0000e+01 +1.0000e+01 +1.0000e+01 +1.0000e+01 +1.0000e+01 +1.0000e+01 +1.0000e+01 +1.0000e+01 +1.0000e+01 +1.0000e+01 +1.0000e+01 +1.0000e+01 +1.0000e+01 +1.0000e+01 +1.0000e+01 +1.0000e+01 +1.0000e+01 +1.0000e+01 +1.0000e+01
62 +1.454467383e+03 +1.454467383e+03 +1.456697383e+03 +1.456697383e+03 +8.0000e+00 +8.0000e+00 +8.0000e+00 +8.0000e+00 +8.0000e+00 +8.0000e+00 +8.0000e+00 +8.0000e+00 +8.0000e+00 +8.0000e+00 +8.0000e+00 +8.0000e+00 +8.0000e+00 +8.0000e+00 +8.0000e+00 +8.0000e+00 +8.0000e+00 +8.0000e+00 +8.0000e+00 +8.0000e+00
66 +8.780001830e+02 +8.780001830e+02 +8.802301830e+02 +8.802301830e+02 +6.0000e+00 +6.0000e+00 +6.0000e+00 +6.0000e+00 +6.0000e+00 +6.0000e+00 +6.0000e+00 +6.0000e+00 +6.0000e+00 +6.0000e+00 +6.0000e+00 +6.0000e+00 +6.0000e+00 +6.0000e+00 +6.0000e+00 +6.0000e+00 +6.0000e+00 +6.0000e+00 +6.0000e+00 +6.0000e+00
70 +4.615329830e+02 +4.615329830e+02 +4.637629830e+02 +4.637629830e+02 +4.0000e+00 +4.0000e+00 +4.0000e+00 +4.0000e+00 +4.0000e+00 +4.0000e+00 +4.0000e+00 +4.0000e+00 +4.0000e+00 +4.0000e+00 +4.0000e+00 +4.0000e+00 +4.0000e+00 +4.0000e+00 +4.0000e+00 +4.0000e+00 +4.0000e+00 +4.0000e+00 +4.0000e+00 +4.0000e+00
72 +3.132993830e+02 +3.132993830e+02 +3.155293830e+02 +3.155293830e+02 +3.0000e+00 +3.0000e+00 +3.0000e+00 +3.0000e+00 +3.0000e+00 +3.0000e+00 +3.0000e+00 +3.0000e+00 +3.0000e+00 +3.0000e+00 +3.0000e+00 +3.0000e+00 +3.0000e+00 +3.0000e+00 +3.0000e+00 +3.0000e+00 +3.0000e+00 +3.0000e+00 +3.0000e+00 +3.0000e+00
74 +2.050657830e+02 +2.050657830e+02 +2.072957830e+02 +2.072957830e+02 +2.0000e+00 +2.0000e+00 +2.0000e+00 +2.0000e+00 +2.0000e+00 +2.0000e+00 +2.0000e+00 +2.0000e+00 +2.0000e+00 +2.0000e+00 +2.0000e+00 +2.0000e+00 +2.0000e+00 +2.0000e+00 +2.0000e+00 +2.0000e+00 +2.0000e+00 +2.0000e+00 +2.0000e+00 +2.0000e+00
76 +1.368321830e+02 +1.368321830e+02 +1.390621830e+02 +1.390621830e+02 +1.0000e+00 +1.0000e+00 +1.0000e+00 +1.0000e+00 +1.0000e+00 +1.0000e+00 +1.0000e+00 +1.0000e+00 +1.0000e+00 +1.0000e+00 +1.0000e+00 +1.0000e+00 +1.0000e+00 +1.0000e+00 +1.0000e+00 +1.0000e+00 +1.0000e+00 +1.0000e+00 +1.0000e+00 +1.0000e+00
% function evaluation | noise-free fitness - Fopt (-1.308000000000e+01) | best noise-free fitness - Fopt | measured fitness | best measured fitness | x1 | x2...
1 +8.632660947e+03 +8.632660947e+03 +8.619580947e+03 +8.619580947e+03 +2.7000e+01 +2.2000e+01 +2.9000e+01 +2.9000e+01 +7.0000e+00 +2.2000e+01 +1.3000e+01 +2.0000e+01 +1.1000e+01 +2.6000e+01 +1.9000e+01 +1.3000e+01 +0.0000e+00 +2.7000e+01 +1.3000e+01 +3.0000e+01 +1.3000e+01 +3.0000e+01 +0.0000e+00 +2.2000e+01
7 +5.391779347e+03 +5.391779347e+03 +5.378699347e+03 +5.378699347e+03 +1.8000e+01 +9.0000e+00 +2.7000e+01 +1.9000e+01 +1.0000e+01 +2.6000e+01 +0.0000e+00 +1.0000e+01 +1.9000e+01 +1.0000e+01 +2.4000e+01 +1.0000e+01 +2.4000e+01 +1.7000e+01 +1.9000e+01 +1.0000e+01 +1.7000e+01 +1.0000e+01 +1.7000e+01 +1.0000e+01
20 +3.883328147e+03 +3.883328147e+03 +3.870248147e+03 +3.870248147e+03 +1.8000e+01 +1.4000e+01 +1.4000e+01 +0.0000e+00 +1.4000e+01 +1.4000e+01 +1.4000e+01 +1.8000e+01 +1.4000e+01 +1.4000e+01 +0.0000e+00 +1.8000e+01 +1.4000e+01 +1.8000e+01 +0.0000e+00 +1.4000e+01 +0.0000e+00 +1.8000e+01 +1.4000e+01 +1.0000e+01
26 +2.149827347e+03 +2.149827347e+03 +2.136747347e+03 +2.136747347e+03 +1.5000e+01 +1.1000e+01 +7.0000e+00 +1.1000e+01 +1.1000e+01 +1.1000e+01 +0.0000e+00 +1.1000e+01 +1.1000e+01 +1.1000e+01 +1.1000e+01 +7.0000e+00 +1.1000e+01 +1.1000e+01 +0.0000e+00 +1.1000e+01 +1.1000e+01 +1.1000e+01 +7.0000e+00 +1.1000e+01
30 +1.253438547e+03 +1.253438547e+03 +1.240358547e+03 +1.240358547e+03 +5.0000e+00 +5.0000e+00 +9.0000e+00 +5.0000e+00 +9.0000e+00 +9.0000e+00 +9.0000e+00 +5.0000e+00 +9.0000e+00 +5.0000e+00 +5.0000e+00 +9.0000e+00 +9.0000e+00 +5.0000e+00 +9.0000e+00 +9.0000e+00 +9.0000e+00 +9.0000e+00 +9.0000e+00 +9.0000e+00
32 +9.693409466e+02 +9.693409466e+02 +9.562609466e+02 +9.562609466e+02 +1.2000e+01 +0.0000e+00 +8.0000e+00 +4.0000e+00 +8.0000e+00 +4.0000e+00 +4.0000e+00 +8.0000e+00 +8.0000e+00 +8.0000e+00 +4.0000e+00 +8.0000e+00 +8.0000e+00 +8.0000e+00 +8.0000e+00 +4.0000e+00 +8.0000e+00 +4.0000e+00 +4.0000e+00 +4.0000e+00
34 +4.576449466e+02 +4.576449466e+02 +4.445649466e+02 +4.445649466e+02 +7.0000e+00 +3.0000e+00 +7.0000e+00 +7.0000e+00 +3.0000e+00 +3.0000e+00 +0.0000e+00 +7.0000e+00 +7.0000e+00 +7.0000e+00 +3.0000e+00 +3.0000e+00 +3.0000e+00 +3.0000e+00 +3.0000e+00 +3.0000e+00 +0.0000e+00 +3.0000e+00 +3.0000e+00 +3.0000e+00
36 +1.872769466e+02 +1.872769466e+02 +1.741969466e+02 +1.741969466e+02 +2.0000e+00 +2.0000e+00 +2.0000e+00 +2.0000e+00 +2.0000e+00 +0.0000e+00 +2.0000e+00 +2.0000e+00 +2.0000e+00 +2.0000e+00 +2.0000e+00 +2.0000e+00 +2.0000e+00 +2.0000e+00 +2.0000e+00 +6.0000e+00 +2.0000e+00 +2.0000e+00 +2.0000e+00 +2.0000e+00
38 +9.566254656e+01 +9.566254656e+01 +8.258254656e+01 +8.258254656e+01 +1.0000e+00 +1.0000e+00 +1.0000e+00 +1.0000e+00 +1.0000e+00 +1.0000e+00 +1.0000e+00 +1.0000e+00 +1.0000e+00 +0.0000e+00 +5.0000e+00 +1.0000e+00 +1.0000e+00 +1.0000e+00 +1.0000e+00 +1.0000e+00 +1.0000e+00 +1.0000e+00 +1.0000e+00 +1.0000e+00
% function evaluation | noise-free fitness - Fopt (2.671600000000e+02) | best noise-free fitness - Fopt | measured fitness | best measured fitness | x1 | x2...
1 +7.994699384e+03 +7.994699384e+03 +8.261859384e+03 +8.261859384e+03 +8.0000e+00 +3.0000e+00 +2.6000e+01 +2.9000e+01 +1.6000e+01 +1.6000e+01 +2.9000e+01 +2.7000e+01 +4.0000e+00 +2.9000e+01 +2.0000e+01 +2.2000e+01 +0.0000e+00 +0.0000e+00 +4.0000e+00 +2.6000e+01 +2.7000e+01 +1.1000e+01 +4.0000e+00 +2.2000e+01
18 +5.837137784e+03 +5.837137784e+03 +6.104297784e+03 +6.104297784e+03 +1.6000e+01 +1.6000e+01 +1.6000e+01 +1.6000e+01 +1.6000e+01 +1.6000e+01 +1.6000e+01 +1.6000e+01 +1.6000e+01 +1.6000e+01 +1.6000e+01 +1.6000e+01 +1.6000e+01 +1.6000e+01 +1.6000e+01 +1.6000e+01 +1.6000e+01 +1.6000e+01 +1.6000e+01 +1.6000e+01
26 +3.443806584e+03 +3.443806584e+03 +3.710966584e+03 +3.710966584e+03 +1.2000e+01 +1.2000e+01 +1.2000e+01 +1.2000e+01 +1.2000e+01 +1.2000e+01 +1.2000e+01 +1.2000e+01 +1.2000e+01 +1.2000e+01 +1.2000e+01 +1.2000e+01 +1.2000e+01 +1.2000e+01 +1.2000e+01 +1.2000e+01 +1.2000e+01 +1.2000e+01 +1.2000e+01 +1.2000e+01
30 +2.487140984e+03 +2.487140984e+03 +2.754300984e+03 +2.754300984e+03 +1.0000e+01 +1.0000e+01 +1.0000e+01 +1.0000e+01 +1.0000e+01 +1.0000e+01 +1.0000e+01 +1.0000e+01 +1.0000e+01 +1.0000e+01 +1.0000e+01 +1.0000e+01 +1.0000e+01 +1.0000e+01 +1.0000e+01 +1.0000e+01 +1.0000e+01 +1.0000e+01 +1.0000e+01 +1.0000e+01
36 +1.352142584e+03 +1.352142584e+03 +1.619302584e+03 +1.619302584e+03 +7.0000e+00 +7.0000e+00 +7.0000e+00 +7.0000e+00 +7.0000e+00 +7.0000e+00 +7.0000e+00 +7.0000e+00 +7.0000e+00 +7.0000e+00 +7.0000e+00 +7.0000e+00 +7.0000e+00 +7.0000e+00 +7.0000e+00 +7.0000e+00 +7.0000e+00 +7.0000e+00 +7.0000e+00 +7.0000e+00
40 +7.954769843e+02 +7.954769843e+02 +1.062636984e+03 +1.062636984e+03 +5.0000e+00 +5.0000e+00 +5.0000e+00 +5.0000e+00 +5.0000e+00 +5.0000e+00 +5.0000e+00 +5.0000e+00 +5.0000e+00 +5.0000e+00 +5.0000e+00 +5.0000e+00 +5.0000e+00 +5.0000e+00 +5.0000e+00 +5.0000e+00 +5.0000e+00 +5.0000e+00 +5.0000e+00 +5.0000e+00
42 +5.771441843e+02 +5.771441843e+02 +8.443041843e+02 +8.443041843e+02 +4.0000e+00 +4.0000e+00 +4.0000e+00 +4.0000e+00 +4.0000e+00 +4.0000e+00 +4.0000e+00 +4.0000e+00 +4.0000e+00 +4.0000e+00 +4.0000e+00 +4.0000e+00 +4.0000e+00 +4.0000e+00 +4.0000e+00 +4.0000e+00 +4.0000e+00 +4.0000e+00 +4.0000e+00 +4.0000e+00
46 +2.604785843e+02 +2.604785843e+02 +5.276385843e+02 +5.276385843e+02 +2.0000e+00 +2.0000e+00 +2.0000e+00 +2.0000e+00 +2.0000e+00 +2.0000e+00 +2.0000e+00 +2.0000e+00 +2.0000e+00 +2.0000e+00 +2.0000e+00 +2.0000e+00 +2.0000e+00 +2.0000e+00 +2.0000e+00 +2.0000e+00 +2.0000e+00 +2.0000e+00 +2.0000e+00 +2.0000e+00
48 +1.621457843e+02 +1.621457843e+02 +4.293057843e+02 +4.293057843e+02 +1.0000e+00 +1.0000e+00 +1.0000e+00 +1.0000e+00 +1.0000e+00 +1.0000e+00 +1.0000e+00 +1.0000e+00 +1.0000e+00 +1.0000e+00 +1.0000e+00 +1.0000e+00 +1.0000e+00 +1.0000e+00 +1.0000e+00 +1.0000e+00 +1.0000e+00 +1.0000e+00 +1.0000e+00 +1.0000e+00
50 +1.038129843e+02 +1.038129843e+02 +3.709729843e+02 +3.709729843e+02 +0.0000e+00 +0.0000e+00 +0.0000e+00 +0.0000e+00 +0.0000e+00 +0.0000e+00 +0.0000e+00 +0.0000e+00 +0.0000e+00 +0.0000e+00 +0.0000e+00 +0.0000e+00 +0.0000e+00 +0.0000e+00 +0.0000e+00 +0.0000e+00 +0.0000e+00 +0.0000e+00 +0.0000e+00 +0.0000e+00
% function evaluation | noise-free fitness - Fopt (3.710000000000e+00) | best noise-free fitness - Fopt | measured fitness | best measured fitness | x1 | x2...
1 +7.195455709e+03 +7.195455709e+03 +7.199165709e+03 +7.199165709e+03 +7.0000e+00 +1.8000e+01 +4.0000e+00 +2.3000e+01 +6.0000e+00 +2.0000e+01 +2.4000e+01 +8.0000e+00 +1.8000e+01 +2.5000e+01 +2.0000e+01 +1.4000e+01 +7.0000e+00 +2.5000e+01 +1.4000e+01 +2.3000e+01 +2.4000e+01 +2.5000e+01 +1.4000e+01 +7.0000e+00
56 +5.849852509e+03 +5.849852509e+03 +5.853562509e+03 +5.853562509e+03 +1.9000e+01 +1.3000e+01 +1.7000e+01 +1.5000e+01 +1.5000e+01 +1.7000e+01 +1.7000e+01 +1.7000e+01 +1.5000e+01 +1.7000e+01 +1.7000e+01 +1.5000e+01 +1.7000e+01 +1.7000e+01 +1.7000e+01 +1.7000e+01 +1.7000e+01 +1.7000e+01 +1.5000e+01 +1.5000e+01
64 +3.738402909e+03 +3.738402909e+03 +3.742112909e+03 +3.742112909e+03 +1.3000e+01 +1.3000e+01 +1.3000e+01 +1.3000e+01 +1.3000e+01 +1.3000e+01 +1.3000e+01 +1.3000e+01 +1.3000e+01 +1.3000e+01 +1.3000e+01 +1.3000e+01 +1.3000e+01 +1.1000e+01 +1.3000e+01 +1.3000e+01 +1.3000e+01 +1.3000e+01 +1.3000e+01 +1.1000e+01
70 +2.375663709e+03 +2.375663709e+03 +2.379373709e+03 +2.379373709e+03 +1.0000e+01 +1.0000e+01 +1.0000e+01 +1.0000e+01 +1.0000e+01 +1.0000e+01 +1.0000e+01 +1.0000e+01 +1.0000e+01 +1.0000e+01 +1.0000e+01 +1.0000e+01 +1.0000e+01 +1.0000e+01 +1.0000e+01 +1.0000e+01 +1.0000e+01 +1.0000e+01 +1.0000e+01 +1.0000e+01
76 +1.271769309e+03 +1.271769309e+03 +1.275479309e+03 +1.275479309e+03 +7.0000e+00 +7.0000e+00 +7.0000e+00 +7.0000e+00 +7.0000e+00 +7.0000e+00 +7.0000e+00 +7.0000e+00 +7.0000e+00 +7.0000e+00 +7.0000e+00 +7.0000e+00 +7.0000e+00 +7.0000e+00 +7.0000e+00 +7.0000e+00 +7.0000e+00 +7.0000e+00 +7.0000e+00 +7.0000e+00
78 +9.838045094e+02 +9.838045094e+02 +9.875145094e+02 +9.875145094e+02 +6.0000e+00 +6.0000e+00 +6.0000e+00 +6.0000e+00 +6.0000e+00 +6.0000e+00 +6.0000e+00 +6.0000e+00 +6.0000e+00 +6.0000e+00 +6.0000e+00 +6.0000e+00 +6.0000e+00 +6.0000e+00 +6.0000e+00 +6.0000e+00 +6.0000e+00 +6.0000e+00 +6.0000e+00 +6.0000e+00
82 +5.278749094e+02 +5.278749094e+02 +5.315849094e+02 +5.315849094e+02 +4.0000e+00 +4.0000e+00 +4.0000e+00 +4.0000e+00 +4.0000e+00 +4.0000e+00 +4.0000e+00 +4.0000e+00 +4.0000e+00 +4.0000e+00 +4.0000e+00 +4.0000e+00 +4.0000e+00 +4.0000e+00 +4.0000e+00 +4.0000e+00 +4.0000e+00 +4.0000e+00 +4.0000e+00 +4.0000e+00
84 +3.599101094e+02 +3.599101094e+02 +3.636201094e+02 +3.636201094e+02 +3.0000e+00 +3.0000e+00 +3.0000e+00 +3.0000e+00 +3.0000e+00 +3.0000e+00 +3.0000e+00 +3.0000e+00 +3.0000e+00 +3.0000e+00 +3.0000e+00 +3.0000e+00 +3.0000e+00 +3.0000e+00 +3.0000e+00 +3.0000e+00 +3.0000e+00 +3.0000e+00 +3.0000e+00 +3.0000e+00
86 +2.319453094e+02 +2.319453094e+02 +2.356553094e+02 +2.356553094e+02 +2.0000e+00 +2.0000e+00 +2.0000e+00 +2.0000e+00 +2.0000e+00 +2.0000e+00 +2.0000e+00 +2.0000e+00 +2.0000e+00 +2.0000e+00 +2.0000e+00 +2.0000e+00 +2.0000e+00 +2.0000e+00 +2.0000e+00 +2.0000e+00 +2.0000e+00 +2.0000e+00 +2.0000e+00 +2.0000e+00
88 +1.439805094e+02 +1.439805094e+02 +1.476905094e+02 +1.476905094e+02 +1.0000e+00 +1.0000e+00 +1.0000e+00 +1.0000e+00 +1.0000e+00 +1.0000e+00 +1.0000e+00 +1.0000e+00 +1.0000e+00 +1.0000e+00 +1.0000e+00 +1.0000e+00 +1.0000e+00 +1.0000e+00 +1.0000e+00 +1.0000e+00 +1.0000e+00 +1.0000e+00 +1.0000e+00 +1.0000e+00
90 +9.601570944e+01 +9.601570944e+01 +9.972570944e+01 +9.972570944e+01 +0.0000e+00 +0.0000e+00 +0.0000e+00 +0.0000e+00 +0.0000e+00 +0.0000e+00 +0.0000e+00 +0.0000e+00 +0.0000e+00 +0.0000e+00 +0.0000e+00 +0.0000e+00 +0.0000e+00 +0.0000e+00 +0.0000e+00 +0.0000e+00 +0.0000e+00 +0.0000e+00 +0.0000e+00 +0.0000e+00
% function evaluation | noise-free fitness - Fopt (9.478000000000e+01) | best noise-free fitness - Fopt | measured fitness | best measured fitness | x1 | x2...
1 +5.672874233e+03 +5.672874233e+03 +5.767654233e+03 +5.767654233e+03 +2.1000e+01 +1.9000e+01 +1.6000e+01 +2.9000e+01 +1.3000e+01 +1.1000e+01 +1.3000e+01 +1.3000e+01 +1.3000e+01 +1.7000e+01 +1.1000e+01 +1.6000e+01 +6.0000e+00 +1.6000e+01 +1.1000e+01 +1.7000e+01 +1.4000e+01 +1.3000e+01 +1.9000e+01 +2.9000e+01
3 +3.807159033e+03 +3.807159033e+03 +3.901939033e+03 +3.901939033e+03 +1.2000e+01 +1.0000e+01 +1.2000e+01 +1.6000e+01 +1.6000e+01 +1.2000e+01 +1.6000e+01 +1.5000e+01 +1.2000e+01 +1.2000e+01 +1.8000e+01 +2.0000e+01 +1.2000e+01 +1.5000e+01 +1.0000e+01 +1.6000e+01 +1.2000e+01 +1.0000e+01 +1.5000e+01 +1.3000e+01
11 +2.351923833e+03 +2.351923833e+03 +2.446703833e+03 +2.446703833e+03 +1.2000e+01 +1.2000e+01 +1.1000e+01 +8.0000e+00 +1.1000e+01 +8.0000e+00 +1.2000e+01 +8.0000e+00 +1.1000e+01 +1.1000e+01 +1.1000e+01 +1.2000e+01 +1.2000e+01 +1.2000e+01 +1.2000e+01 +1.2000e+01 +1.1000e+01 +8.0000e+00 +1.1000e+01 +1.2000e+01
15 +1.524635833e+03 +1.524635833e+03 +1.619415833e+03 +1.619415833e+03 +9.0000e+00 +9.0000e+00 +6.0000e+00 +9.0000e+00 +1.0000e+01 +6.0000e+00 +9.0000e+00 +1.0000e+01 +6.0000e+00 +1.0000e+01 +9.0000e+00 +9.0000e+00 +1.0000e+01 +1.0000e+01 +6.0000e+00 +9.0000e+00 +1.0000e+01 +6.0000e+00 +1.0000e+01 +9.0000e+00
21 +7.748902330e+02 +7.748902330e+02 +8.696702330e+02 +8.696702330e+02 +7.0000e+00 +7.0000e+00 +7.0000e+00 +7.0000e+00 +7.0000e+00 +3.0000e+00 +3.0000e+00 +7.0000e+00 +7.0000e+00 +7.0000e+00 +7.0000e+00 +3.0000e+00 +7.0000e+00 +7.0000e+00 +7.0000e+00 +7.0000e+00 +7.0000e+00 +3.0000e+00 +3.0000e+00 +3.0000e+00
25 +5.326598330e+02 +5.326598330e+02 +6.274398330e+02 +6.274398330e+02 +5.0000e+00 +5.0000e+00 +5.0000e+00 +5.0000e+00 +5.0000e+00 +5.0000e+00 +5.0000e+00 +5.0000e+00 +1.0000e+00 +5.0000e+00 +5.0000e+00 +5.0000e+00 +5.0000e+00 +5.0000e+00 +5.0000e+00 +5.0000e+00 +5.0000e+00 +5.0000e+00 +5.0000e+00 +5.0000e+00
27 +3.238742330e+02 +3.238742330e+02 +4.186542330e+02 +4.186542330e+02 +4.0000e+00 +4.0000e+00 +4.0000e+00 +0.0000e+00 +4.0000e+00 +4.0000e+00 +4.0000e+00 +4.0000e+00 +4.0000e+00 +4.0000e+00 +4.0000e+00 +4.0000e+00 +4.0000e+00 +4.0000e+00 +4.0000e+00 +4.0000e+00 +4.0000e+00 +4.0000e+00 +4.0000e+00 +4.0000e+00
29 +1.627798330e+02 +1.627798330e+02 +2.575598330e+02 +2.575598330e+02 +3.0000e+00 +3.0000e+00 +3.0000e+00 +0.0000e+00 +3.0000e+00 +3.0000e+00 +3.0000e+00 +3.0000e+00 +3.0000e+00 +3.0000e+00 +0.0000e+00 +3.0000e+00 +0.0000e+00 +3.0000e+00 +3.0000e+00 +0.0000e+00 +3.0000e+00 +3.0000e+00 +3.0000e+00 +3.0000e+00
31 +1.441142330e+02 +1.441142330e+02 +2.388942330e+02 +2.388942330e+02 +0.0000e+00 +2.0000e+00 +2.0000e+00 +0.0000e+00 +0.0000e+00 +0.0000e+00 +2.0000e+00 +2.0000e+00 +2.0000e+00 +2.0000e+00 +2.0000e+00 +2.0000e+00 +2.0000e+00 +2.0000e+00 +2.0000e+00 +2.0000e+00 +2.0000e+00 +2.0000e+00 +2.0000e+00 +2.0000e+00
% function evaluation | noise-free fitness - Fopt (2.339200000000e+02) | best noise-free fitness - Fopt | measured fitness | best measured fitness | x1 | x2...
1 +9.796899020e+03 +9.796899020e+03 +1.003081902e+04 +1.003081902e+04 +2.5000e+01 +7.0000e+00 +2.2000e+01 +2.2000e+01 +1.7000e+01 +2.8000e+01 +1.9000e+01 +2.4000e+01 +1.4000e+01 +2.2000e+01 +5.0000e+00 +2.2000e+01 +2.2000e+01 +1.9000e+01 +2.4000e+01 +2.6000e+01 +2.4000e+01 +2.8000e+01 +2.6000e+01 +2.8000e+01
21 +6.090651020e+03 +6.090651020e+03 +6.324571020e+03 +6.324571020e+03 +9.0000e+00 +9.0000e+00 +1.8000e+01 +1.8000e+01 +1.8000e+01 +1.8000e+01 +1.8000e+01 +1.8000e+01 +1.8000e+01 +1.8000e+01 +1.8000e+01 +1.8000e+01 +1.8000e+01 +1.8000e+01 +1.8000e+01 +1.8000e+01 +1.8000e+01 +1.8000e+01 +1.8000e+01 +1.8000e+01
30 +3.507196620e+03 +3.507196620e+03 +3.741116620e+03 +3.741116620e+03 +1.3000e+01 +1.3000e+01 +1.3000e+01 +1.3000e+01 +1.3000e+01 +1.3000e+01 +1.3000e+01 +1.3000e+01 +1.3000e+01 +1.3000e+01 +1.3000e+01 +1.3000e+01 +1.3000e+01 +1.3000e+01 +1.3000e+01 +1.3000e+01 +1.3000e+01 +1.3000e+01 +1.3000e+01 +1.3000e+01
36 +2.115465420e+03 +2.115465420e+03 +2.349385420e+03 +2.349385420e+03 +1.0000e+01 +1.0000e+01 +1.0000e+01 +1.0000e+01 +1.0000e+01 +1.0000e+01 +1.0000e+01 +1.0000e+01 +1.0000e+01 +1.0000e+01 +1.0000e+01 +1.0000e+01 +1.0000e+01 +1.0000e+01 +1.0000e+01 +1.0000e+01 +1.0000e+01 +1.0000e+01 +1.0000e+01 +1.0000e+01
40 +1.387644620e+03 +1.387644620e+03 +1.621564620e+03 +1.621564620e+03 +8.0000e+00 +8.0000e+00 +8.0000e+00 +8.0000e+00 +8.0000e+00 +8.0000e+00 +8.0000e+00 +8.0000e+00 +8.0000e+00 +8.0000e+00 +8.0000e+00 +8.0000e+00 +8.0000e+00 +8.0000e+00 +8.0000e+00 +8.0000e+00 +8.0000e+00 +8.0000e+00 +8.0000e+00 +8.0000e+00
44 +8.198238195e+02 +8.198238195e+02 +1.053743820e+03 +1.053743820e+03 +6.0000e+00 +6.0000e+00 +6.0000e+00 +6.0000e+00 +6.0000e+00 +6.0000e+00 +6.0000e+00 +6.0000e+00 +6.0000e+00 +6.0000e+00 +6.0000e+00 +6.0000e+00 +6.0000e+00 +6.0000e+00 +6.0000e+00 +6.0000e+00 +6.0000e+00 +6.0000e+00 +6.0000e+00 +6.0000e+00
46 +5.959134195e+02 +5.959134195e+02 +8.298334195e+02 +8.298334195e+02 +5.0000e+00 +5.0000e+00 +5.0000e+00 +5.0000e+00 +5.0000e+00 +5.0000e+00 +5.0000e+00 +5.0000e+00 +5.0000e+00 +5.0000e+00 +5.0000e+00 +5.0000e+00 +5.0000e+00 +5.0000e+00 +5.0000e+00 +5.0000e+00 +5.0000e+00 +5.0000e+00 +5.0000e+00 +5.0000e+00
50 +2.680926195e+02 +2.680926195e+02 +5.020126195e+02 +5.020126195e+02 +3.0000e+00 +3.0000e+00 +3.0000e+00 +3.0000e+00 +3.0000e+00 +3.0000e+00 +3.0000e+00 +3.0000e+00 +3.0000e+00 +3.0000e+00 +3.0000e+00 +3.0000e+00 +3.0000e+00 +3.0000e+00 +3.0000e+00 +3.0000e+00 +3.0000e+00 +3.0000e+00 +3.0000e+00 +3.0000e+00
52 +1.641822195e+02 +1.641822195e+02 +3.981022195e+02 +3.981022195e+02 +2.0000e+00 +2.0000e+00 +2.0000e+00 +2.0000e+00 +2.0000e+00 +2.0000e+00 +2.0000e+00 +2.0000e+00 +2.0000e+00 +2.0000e+00 +2.0000e+00 +2.0000e+00 +2.0000e+00 +2.0000e+00 +2.0000e+00 +2.0000e+00 +2.0000e+00 +2.0000e+00 +2.0000e+00 +2.0000e+00
54 +1.002718195e+02 +1.002718195e+02 +3.341918195e+02 +3.341918195e+02 +1.0000e+00 +1.0000e+00 +1.0000e+00 +1.0000e+00 +1.0000e+00 +1.0000e+00 +1.0000e+00 +1.0000e+00 +1.0000e+00 +1.0000e+00 +1.0000e+00 +1.0000e+00 +1.0000e+00 +1.0000e+00 +1.0000e+00 +1.0000e+00 +1.0000e+00 +1.0000e+00 +1.0000e+00 +1.0000e+00
56 +7.636141952e+01 +7.636141952e+01 +3.102814195e+02 +3.102814195e+02 +0.0000e+00 +0.0000e+00 +0.0000e+00 +0.0000e+00 +0.0000e+00 +0.0000e+00 +0.0000e+00 +0.0000e+00 +0.0000e+00 +0.0000e+00 +0.0000e+00 +0.0000e+00 +0.0000e+00 +0.0000e+00 +0.0000e+00 +0.0000e+00 +0.0000e+00 +0.0000e+00 +0.0000e+00 +0.0000e+00
% function evaluation | noise-free fitness - Fopt (-6.092000000000e+01) | best noise-free fitness - Fopt | measured fitness | best measured fitness | x1 | x2...
1 +8.719798836e+03 +8.719798836e+03 +8.658878836e+03 +8.658878836e+03 +1.8000e+01 +3.0000e+01 +8.0000e+00 +4.0000e+00 +2.2000e+01 +2.9000e+01 +1.5000e+01 +2.5000e+01 +1.8000e+01 +2.5000e+01 +2.8000e+01 +1.0000e+01 +2.0000e+00 +2.0000e+00 +2.5000e+01 +2.9000e+01 +3.0000e+01 +1.8000e+01 +2.5000e+01 +8.0000e+00
4 +5.922752436e+03 +5.922752436e+03 +5.861832436e+03 +5.861832436e+03 +1.5000e+01 +2.3000e+01 +2.3000e+01 +4.0000e+00 +4.0000e+00 +2.0000e+01 +1.0000e+01 +2.0000e+01 +1.5000e+01 +2.0000e+01 +2.3000e+01 +4.0000e+00 +2.0000e+01 +1.5000e+01 +5.0000e+00 +1.0000e+01 +5.0000e+00 +2.0000e+01 +2.9000e+01 +2.3000e+01
19 +3.829107636e+03 +3.829107636e+03 +3.768187636e+03 +3.768187636e+03 +1.3000e+01 +1.3000e+01 +1.3000e+01 +1.3000e+01 +1.3000e+01 +1.3000e+01 +1.3000e+01 +1.3000e+01 +1.3000e+01 +1.3000e+01 +1.3000e+01 +1.3000e+01 +2.1000e+01 +1.3000e+01 +1.3000e+01 +1.3000e+01 +1.3000e+01 +1.3000e+01 +1.3000e+01 +1.3000e+01
33 +1.990515636e+03 +1.990515636e+03 +1.929595636e+03 +1.929595636e+03 +6.0000e+00 +0.0000e+00 +6.0000e+00 +6.0000e+00 +2.2000e+01 +6.0000e+00 +6.0000e+00 +6.0000e+00 +6.0000e+00 +6.0000e+00 +1.4000e+01 +6.0000e+00 +6.0000e+00 +1.4000e+01 +1.4000e+01 +6.0000e+00 +6.0000e+00 +6.0000e+00 +1.4000e+01 +6.0000e+00
39 +1.560102836e+03 +1.560102836e+03 +1.499182836e+03 +1.499182836e+03 +3.0000e+00 +1.9000e+01 +1.9000e+01 +3.0000e+00 +3.0000e+00 +3.0000e+00 +3.0000e+00 +3.0000e+00 +1.9000e+01 +3.0000e+00 +3.0000e+00 +3.0000e+00 +3.0000e+00 +1.9000e+01 +3.0000e+00 +3.0000e+00 +3.0000e+00 +3.0000e+00 +3.0000e+00 +3.0000e+00
47 +3.981044365e+02 +3.981044365e+02 +3.371844365e+02 +3.371844365e+02 +0.0000e+00 +0.0000e+00 +0.0000e+00 +0.0000e+00 +0.0000e+00 +0.0000e+00 +0.0000e+00 +0.0000e+00 +0.0000e+00 +0.0000e+00 +0.0000e+00 +0.0000e+00 +0.0000e+00 +0.0000e+00 +0.0000e+00 +0.0000e+00 +0.0000e+00 +0.0000e+00 +0.0000e+00 +1.5000e+01
49 +1.045124365e+02 +1.045124365e+02 +4.359243648e+01 +4.359243648e+01 +0.0000e+00 +0.0000e+00 +0.0000e+00 +0.0000e+00 +0.0000e+00 +0.0000e+00 +0.0000e+00 +0.0000e+00 +0.0000e+00 +0.0000e+00 +0.0000e+00 +0.0000e+00 +0.0000e+00 +0.0000e+00 +0.0000e+00 +0.0000e+00 +0.0000e+00 +0.0000e+00 +0.0000e+00 +0.0000e+00
% function evaluation | noise-free fitness - Fopt (-1.948000000000e+01) | best noise-free fitness - Fopt | measured fitness | best measured fitness | x1 | x2...
1 +7.686344972e+03 +7.686344972e+03 +7.666864972e+03 +7.666864972e+03 +1.4000e+01 +2.9000e+01 +1.0000e+01 +2.3000e+01 +1.1000e+01 +2.3000e+01 +2.3000e+01 +3.0000e+00 +1.6000e+01 +3.0000e+00 +3.0000e+01 +1.3000e+01 +2.7000e+01 +2.3000e+01 +1.3000e+01 +3.0000e+01 +1.0000e+01 +2.3000e+01 +6.0000e+00 +2.7000e+01
7 +5.071090572e+03 +5.071090572e+03 +5.051610572e+03 +5.051610572e+03 +2.7000e+01 +1.1000e+01 +1.1000e+01 +2.0000e+01 +1.3000e+01 +1.1000e+01 +1.1000e+01 +1.3000e+01 +1.3000e+01 +1.3000e+01 +2.7000e+01 +1.1000e+01 +2.7000e+01 +1.3000e+01 +0.0000e+00 +1.3000e+01 +1.1000e+01 +2.7000e+01 +1.3000e+01 +0.0000e+00
9 +3.252813772e+03 +3.252813772e+03 +3.233333772e+03 +3.233333772e+03 +1.0000e+01 +1.2000e+01 +1.2000e+01 +1.0000e+01 +1.2000e+01 +1.2000e+01 +1.0000e+01 +0.0000e+00 +1.0000e+01 +2.6000e+01 +1.0000e+01 +1.2000e+01 +1.0000e+01 +1.2000e+01 +1.0000e+01 +1.0000e+01 +2.6000e+01 +1.0000e+01 +1.2000e+01 +1.0000e+01
11 +2.341669772e+03 +2.341669772e+03 +2.322189772e+03 +2.322189772e+03 +9.0000e+00 +9.0000e+00 +9.0000e+00 +1.1000e+01 +1.1000e+01 +9.0000e+00 +2.5000e+01 +9.0000e+00 +1.1000e+01 +1.1000e+01 +1.1000e+01 +0.0000e+00 +9.0000e+00 +0.0000e+00 +1.1000e+01 +1.1000e+01 +9.0000e+00 +9.0000e+00 +9.0000e+00 +9.0000e+00
13 +1.486791372e+03 +1.486791372e+03 +1.467311372e+03 +1.467311372e+03 +8.0000e+00 +8.0000e+00 +8.0000e+00 +1.0000e+01 +8.0000e+00 +8.0000e+00 +8.0000e+00 +8.0000e+00 +8.0000e+00 +8.0000e+00 +1.0000e+01 +1.0000e+01 +1.0000e+01 +8.0000e+00 +1.0000e+01 +8.0000e+00 +8.0000e+00 +1.0000e+01 +8.0000e+00 +8.0000e+00
17 +8.790729722e+02 +8.790729722e+02 +8.595929722e+02 +8.595929722e+02 +6.0000e+00 +6.0000e+00 +8.0000e+00 +6.0000e+00 +6.0000e+00 +6.0000e+00 +8.0000e+00 +6.0000e+00 +8.0000e+00 +6.0000e+00 +6.0000e+00 +6.0000e+00 +6.0000e+00 +8.0000e+00 +6.0000e+00 +6.0000e+00 +8.0000e+00 +6.0000e+00 +6.0000e+00 +6.0000e+00
19 +5.544761722e+02 +5.544761722e+02 +5.349961722e+02 +5.349961722e+02 +5.0000e+00 +7.0000e+00 +5.0000e+00 +5.0000e+00 +5.0000e+00 +5.0000e+00 +5.0000e+00 +5.0000e+00 +5.0000e+00 +5.0000e+00 +5.0000e+00 +5.0000e+00 +5.0000e+00 +5.0000e+00 +5.0000e+00 +5.0000e+00 +5.0000e+00 +5.0000e+00 +5.0000e+00 +5.0000e+00
23 +2.771513722e+02 +2.771513722e+02 +2.576713722e+02 +2.576713722e+02 +3.0000e+00 +3.0000e+00 +3.0000e+00 +5.0000e+00 +3.0000e+00 +3.0000e+00 +3.0000e+00 +3.0000e+00 +3.0000e+00 +3.0000e+00 +3.0000e+00 +3.0000e+00 +3.0000e+00 +3.0000e+00 +3.0000e+00 +3.0000e+00 +5.0000e+00 +3.0000e+00 +3.0000e+00 +3.0000e+00
25 +1.733289722e+02 +1.733289722e+02 +1.538489722e+02 +1.538489722e+02 +4.0000e+00 +2.0000e+00 +2.0000e+00 +2.0000e+00 +2.0000e+00 +2.0000e+00 +2.0000e+00 +2.0000e+00 +2.0000e+00 +2.0000e+00 +2.0000e+00 +2.0000e+00 +2.0000e+00 +2.0000e+00 +2.0000e+00 +2.0000e+00 +2.0000e+00 +2.0000e+00 +2.0000e+00 +2.0000e+00
27 +1.168793722e+02 +1.168793722e+02 +9.739937216e+01 +9.739937216e+01 +1.0000e+00 +1.0000e+00 +1.0000e+00 +1.0000e+00 +1.0000e+00 +1.0000e+00 +1.0000e+00 +1.0000e+00 +1.0000e+00 +1.0000e+00 +1.0000e+00 +1.0000e+00 +1.0000e+00 +1.0000e+00 +1.0000e+00 +1.0000e+00 +1.0000e+00 +1.0000e+00 +3.0000e+00 +1.0000e+00
% function evaluation | noise-free fitness - Fopt (1.344700000000e+02) | best noise-free fitness - Fopt | measured fitness | best measured fitness | x1 | x2...
1 +1.264346307e+04 +1.264346307e+04 +1.277793307e+04 +1.277793307e+04 +3.0000e+01 +2.2000e+01 +2.3000e+01 +9.0000e+00 +3.0000e+01 +2.2000e+01 +2.0000e+00 +3.0000e+01 +1.0000e+01 +3.0000e+01 +1.5000e+01 +2.0000e+00 +1.0000e+01 +3.0000e+01 +2.8000e+01 +2.8000e+01 +3.0000e+01 +2.2000e+01 +3.0000e+01 +3.0000e+01
7 +9.999656666e+03 +9.999656666e+03 +1.013412667e+04 +1.013412667e+04 +1.9000e+01 +1.9000e+01 +1.9000e+01 +1.9000e+01 +2.7000e+01 +2.7000e+01 +2.7000e+01 +1.9000e+01 +1.9000e+01 +2.7000e+01 +1.9000e+01 +1.9000e+01 +1.9000e+01 +1.9000e+01 +1.9000e+01 +1.9000e+01 +1.9000e+01 +1.9000e+01 +1.9000e+01 +2.7000e+01
28 +5.903290266e+03 +5.903290266e+03 +6.037760266e+03 +6.037760266e+03 +1.6000e+01 +1.6000e+01 +1.6000e+01 +1.6000e+01 +1.6000e+01 +1.6000e+01 +1.6000e+01 +1.6000e+01 +1.6000e+01 +1.6000e+01 +1.6000e+01 +1.6000e+01 +1.6000e+01 +1.6000e+01 +1.6000e+01 +1.6000e+01 +1.6000e+01 +1.6000e+01 +1.6000e+01 +1.6000e+01
36 +3.496256666e+03 +3.496256666e+03 +3.630726666e+03 +3.630726666e+03 +1.2000e+01 +1.2000e+01 +1.2000e+01 +1.2000e+01 +1.2000e+01 +1.2000e+01 +1.2000e+01 +1.2000e+01 +1.2000e+01 +1.2000e+01 +1.2000e+01 +1.2000e+01 +1.2000e+01 +1.2000e+01 +1.2000e+01 +1.2000e+01 +1.2000e+01 +1.2000e+01 +1.2000e+01 +1.2000e+01
42 +2.110981466e+03 +2.110981466e+03 +2.245451466e+03 +2.245451466e+03 +9.0000e+00 +9.0000e+00 +9.0000e+00 +9.0000e+00 +9.0000e+00 +9.0000e+00 +9.0000e+00 +9.0000e+00 +9.0000e+00 +9.0000e+00 +9.0000e+00 +9.0000e+00 +9.0000e+00 +9.0000e+00 +9.0000e+00 +9.0000e+00 +9.0000e+00 +9.0000e+00 +9.0000e+00 +9.0000e+00
46 +1.387464666e+03 +1.387464666e+03 +1.521934666e+03 +1.521934666e+03 +7.0000e+00 +7.0000e+00 +7.0000e+00 +7.0000e+00 +7.0000e+00 +7.0000e+00 +7.0000e+00 +7.0000e+00 +7.0000e+00 +7.0000e+00 +7.0000e+00 +7.0000e+00 +7.0000e+00 +7.0000e+00 +7.0000e+00 +7.0000e+00 +7.0000e+00 +7.0000e+00 +7.0000e+00 +7.0000e+00
50 +8.239478662e+02 +8.239478662e+02 +9.584178662e+02 +9.584178662e+02 +5.0000e+00 +5.0000e+00 +5.0000e+00 +5.0000e+00 +5.0000e+00 +5.0000e+00 +5.0000e+00 +5.0000e+00 +5.0000e+00 +5.0000e+00 +5.0000e+00 +5.0000e+00 +5.0000e+00 +5.0000e+00 +5.0000e+00 +5.0000e+00 +5.0000e+00 +5.0000e+00 +5.0000e+00 +5.0000e+00
52 +6.021894662e+02 +6.021894662e+02 +7.366594662e+02 +7.366594662e+02 +4.0000e+00 +4.0000e+00 +4.0000e+00 +4.0000e+00 +4.0000e+00 +4.0000e+00 +4.0000e+00 +4.0000e+00 +4.0000e+00 +4.0000e+00 +4.0000e+00 +4.0000e+00 +4.0000e+00 +4.0000e+00 +4.0000e+00 +4.0000e+00 +4.0000e+00 +4.0000e+00 +4.0000e+00 +4.0000e+00
56 +2.786726662e+02 +2.786726662e+02 +4.131426662e+02 +4.131426662e+02 +2.0000e+00 +2.0000e+00 +2.0000e+00 +2.0000e+00 +2.0000e+00 +2.0000e+00 +2.0000e+00 +2.0000e+00 +2.0000e+00 +2.0000e+00 +2.0000e+00 +2.0000e+00 +2.0000e+00 +2.0000e+00 +2.0000e+00 +2.0000e+00 +2.0000e+00 +2.0000e+00 +2.0000e+00 +2.0000e+00
58 +1.769142662e+02 +1.769142662e+02 +3.113842662e+02 +3.113842662e+02 +1.0000e+00 +1.0000e+00 +1.0000e+00 +1.0000e+00 +1.0000e+00 +1.0000e+00 +1.0000e+00 +1.0000e+00 +1.0000e+00 +1.0000e+00 +1.0000e+00 +1.0000e+00 +1.0000e+00 +1.0000e+00 +1.0000e+00 +1.0000e+00 +1.0000e+00 +1.0000e+00 +1.0000e+00 +1.0000e+00
60 +1.151558662e+02 +1.151558662e+02 +2.496258662e+02 +2.496258662e+02 +0.0000e+00 +0.0000e+00 +0.0000e+00 +0.0000e+00 +0.0000e+00 +0.0000e+00 +0.0000e+00 +0.0000e+00 +0.0000e+00 +0.0000e+00 +0.0000e+00 +0.0000e+00 +0.0000e+00 +0.0000e+00 +0.0000e+00 +0.0000e+00 +0.0000e+00 +0.0000e+00 +0.0000e+00 +0.0000e+00
% function evaluation | noise-free fitness - Fopt (4.453500000000e+02) | best noise-free fitness - Fopt | measured fitness | best measured fitness | x1 | x2...
1 +8.919476345e+03 +8.919476345e+03 +9.364826345e+03 +9.364826345e+03 +2.1000e+01 +2.7000e+01 +2.9000e+01 +2.0000e+00 +2.6000e+01 +1.9000e+01 +4.0000e+00 +2.6000e+01 +2.9000e+01 +1.2000e+01 +1.2000e+01 +2.5000e+01 +1.9000e+01 +1.9000e+01 +1.9000e+01 +1.8000e+01 +2.9000e+01 +2.9000e+01 +2.5000e+01 +1.3000e+01
23 +6.197463545e+03 +6.197463545e+03 +6.642813545e+03 +6.642813545e+03 +1.8000e+01 +1.8000e+01 +1.8000e+01 +1.6000e+01 +2.2000e+01 +1.8000e+01 +1.8000e+01 +1.8000e+01 +1.8000e+01 +1.8000e+01 +1.8000e+01 +1.8000e+01 +2.2000e+01 +1.4000e+01 +1.6000e+01 +1.6000e+01 +1.8000e+01 +1.8000e+01 +1.8000e+01 +1.8000e+01
29 +3.937957945e+03 +3.937957945e+03 +4.383307945e+03 +4.383307945e+03 +1.5000e+01 +1.5000e+01 +1.5000e+01 +1.1000e+01 +1.5000e+01 +1.1000e+01 +1.5000e+01 +1.5000e+01 +1.5000e+01 +1.5000e+01 +1.5000e+01 +1.5000e+01 +1.1000e+01 +1.5000e+01 +1.5000e+01 +1.5000e+01 +1.1000e+01 +1.5000e+01 +1.5000e+01 +1.5000e+01
37 +2.243109945e+03 +2.243109945e+03 +2.688459945e+03 +2.688459945e+03 +1.1000e+01 +1.1000e+01 +1.1000e+01 +1.1000e+01 +1.1000e+01 +1.1000e+01 +1.1000e+01 +1.1000e+01 +1.1000e+01 +1.1000e+01 +1.1000e+01 +1.1000e+01 +1.1000e+01 +1.1000e+01 +1.1000e+01 +7.0000e+00 +1.1000e+01 +1.1000e+01 +1.1000e+01 +1.1000e+01
41 +1.534293945e+03 +1.534293945e+03 +1.979643945e+03 +1.979643945e+03 +9.0000e+00 +9.0000e+00 +9.0000e+00 +9.0000e+00 +9.0000e+00 +9.0000e+00 +9.0000e+00 +9.0000e+00 +9.0000e+00 +9.0000e+00 +5.0000e+00 +9.0000e+00 +9.0000e+00 +9.0000e+00 +9.0000e+00 +9.0000e+00 +9.0000e+00 +9.0000e+00 +9.0000e+00 +9.0000e+00
45 +9.707387450e+02 +9.707387450e+02 +1.416088745e+03 +1.416088745e+03 +7.0000e+00 +7.0000e+00 +7.0000e+00 +7.0000e+00 +7.0000e+00 +7.0000e+00 +7.0000e+00 +7.0000e+00 +7.0000e+00 +7.0000e+00 +7.0000e+00 +7.0000e+00 +7.0000e+00 +7.0000e+00 +7.0000e+00 +7.0000e+00 +7.0000e+00 +7.0000e+00 +7.0000e+00 +7.0000e+00
49 +5.292315450e+02 +5.292315450e+02 +9.745815450e+02 +9.745815450e+02 +5.0000e+00 +5.0000e+00 +5.0000e+00 +5.0000e+00 +5.0000e+00 +5.0000e+00 +5.0000e+00 +5.0000e+00 +5.0000e+00 +5.0000e+00 +5.0000e+00 +5.0000e+00 +5.0000e+00 +5.0000e+00 +5.0000e+00 +5.0000e+00 +5.0000e+00 +5.0000e+00 +5.0000e+00 +5.0000e+00
51 +3.684779450e+02 +3.684779450e+02 +8.138279450e+02 +8.138279450e+02 +4.0000e+00 +4.0000e+00 +4.0000e+00 +4.0000e+00 +4.0000e+00 +4.0000e+00 +4.0000e+00 +4.0000e+00 +4.0000e+00 +4.0000e+00 +4.0000e+00 +4.0000e+00 +4.0000e+00 +4.0000e+00 +4.0000e+00 +4.0000e+00 +4.0000e+00 +4.0000e+00 +4.0000e+00 +4.0000e+00
53 +2.477243450e+02 +2.477243450e+02 +6.930743450e+02 +6.930743450e+02 +3.0000e+00 +3.0000e+00 +3.0000e+00 +3.0000e+00 +3.0000e+00 +3.0000e+00 +3.0000e+00 +3.0000e+00 +3.0000e+00 +3.0000e+00 +3.0000e+00 +3.0000e+00 +3.0000e+00 +3.0000e+00 +3.0000e+00 +3.0000e+00 +3.0000e+00 +3.0000e+00 +3.0000e+00 +3.0000e+00
57 +1.262171450e+02 +1.262171450e+02 +5.715671450e+02 +5.715671450e+02 +1.0000e+00 +1.0000e+00 +1.0000e+00 +1.0000e+00 +1.0000e+00 +1.0000e+00 +1.0000e+00 +1.0000e+00 +1.0000e+00 +1.0000e+00 +1.0000e+00 +1.0000e+00 +1.0000e+00 +1.0000e+00 +1.0000e+00 +1.0000e+00 +1.0000e+00 +1.0000e+00 +1.0000e+00 +1.0000e+00
