% function evaluation | noise-free fitness - Fopt (7.948000000000e+01) | best noise-free fitness - Fopt | measured fitness | best measured fitness | x1 | x2...
1 +2.958700470e+03 +2.958700470e+03 +3.038180470e+03 +3.038180470e+03 +2.7000e+01 +1.1000e+01 +1.0000e+01 +6.0000e+00 +1.7000e+01 +1.9000e+01 +2.3000e+01 +2.2000e+01 +3.0000e+00 +1.1000e+01
6 +2.132601270e+03 +2.132601270e+03 +2.212081270e+03 +2.212081270e+03 +3.0000e+00 +1.5000e+01 +1.0000e+00 +2.8000e+01 +4.0000e+00 +2.1000e+01 +6.0000e+00 +1.2000e+01 +1.4000e+01 +1.4000e+01
24 +1.473724470e+03 +1.473724470e+03 +1.553204470e+03 +1.553204470e+03 +0.0000e+00 +1.2000e+01 +0.0000e+00 +2.5000e+01 +1.0000e+00 +1.8000e+01 +3.0000e+00 +9.0000e+00 +1.1000e+01 +1.1000e+01
42 +9.755020698e+02 +9.755020698e+02 +1.054982070e+03 +1.054982070e+03 +0.0000e+00 +9.0000e+00 +0.0000e+00 +2.2000e+01 +0.0000e+00 +1.5000e+01 +0.0000e+00 +6.0000e+00 +8.0000e+00 +8.0000e+00
60 +6.013420698e+02 +6.013420698e+02 +6.808220698e+02 +6.808220698e+02 +0.0000e+00 +6.0000e+00 +0.0000e+00 +1.9000e+01 +0.0000e+00 +1.2000e+01 +0.0000e+00 +3.0000e+00 +5.0000e+00 +5.0000e+00
78 +3.351820698e+02 +3.351820698e+02 +4.146620698e+02 +4.146620698e+02 +0.0000e+00 +3.0000e+00 +0.0000e+00 +1.6000e+01 +0.0000e+00 +9.0000e+00 +0.0000e+00 +0.0000e+00 +2.0000e+00 +2.0000e+00
90 +2.132620698e+02 +2.132620698e+02 +2.927420698e+02 +2.927420698e+02 +0.0000e+00 +1.0000e+00 +0.0000e+00 +1.4000e+01 +0.0000e+00 +7.0000e+00 +0.0000e+00 +0.0000e+00 +0.0000e+00 +0.0000e+00
102 +1.434108698e+02 +1.434108698e+02 +2.228908698e+02 +2.228908698e+02 +0.0000e+00 +0.0000e+00 +0.0000e+00 +1.2000e+01 +0.0000e+00 +5.0000e+00 +0.0000e+00 +0.0000e+00 +0.0000e+00 +0.0000e+00
% function evaluation | noise-free fitness - Fopt (3.944800000000e+02) | best noise-free fitness - Fopt | measured fitness | best measured fitness | x1 | x2...
1 +1.232560175e+03 +1.232560175e+03 +1.627040175e+03 +1.627040175e+03 +0.0000e+00 +0.0000e+00 +5.0000e+00 +1.6000e+01 +7.0000e+00 +1.9000e+01 +1.6000e+01 +0.0000e+00 +7.0000e+00 +1.2000e+01
13 +9.200993754e+02 +9.200993754e+02 +1.314579375e+03 +1.314579375e+03 +0.0000e+00 +0.0000e+00 +3.0000e+00 +1.4000e+01 +5.0000e+00 +1.7000e+01 +1.4000e+01 +0.0000e+00 +5.0000e+00 +1.0000e+01
31 +5.564081754e+02 +5.564081754e+02 +9.508881754e+02 +9.508881754e+02 +0.0000e+00 +0.0000e+00 +0.0000e+00 +1.1000e+01 +2.0000e+00 +1.4000e+01 +1.1000e+01 +0.0000e+00 +2.0000e+00 +7.0000e+00
43 +3.951569754e+02 +3.951569754e+02 +7.896369754e+02 +7.896369754e+02 +0.0000e+00 +0.0000e+00 +0.0000e+00 +9.0000e+00 +0.0000e+00 +1.2000e+01 +9.0000e+00 +0.0000e+00 +0.0000e+00 +5.0000e+00
61 +2.254193754e+02 +2.254193754e+02 +6.198993754e+02 +6.198993754e+02 +0.0000e+00 +0.0000e+00 +0.0000e+00 +6.0000e+00 +0.0000e+00 +9.0000e+00 +6.0000e+00 +0.0000e+00 +0.0000e+00 +2.0000e+00
73 +1.522609754e+02 +1.522609754e+02 +5.467409754e+02 +5.467409754e+02 +0.0000e+00 +0.0000e+00 +0.0000e+00 +4.0000e+00 +0.0000e+00 +7.0000e+00 +4.0000e+00 +0.0000e+00 +0.0000e+00 +0.0000e+00
% function evaluation | noise-free fitness - Fopt (-2.471100000000e+02) | best noise-free fitness - Fopt | measured fitness | best measured fitness | x1 | x2...
1 +4.831617318e+03 +4.831617318e+03 +4.584507318e+03 +4.584507318e+03 +2.9000e+01 +2.4000e+01 +1.6000e+01 +1.9000e+01 +2.0000e+01 +1.0000e+01 +1.2000e+01 +2.5000e+01 +2.5000e+01 +1.9000e+01
2 +1.944782118e+03 +1.944782118e+03 +1.697672118e+03 +1.697672118e+03 +5.0000e+00 +1.7000e+01 +1.2000e+01 +2.1000e+01 +3.0000e+00 +2.0000e+01 +1.1000e+01 +1.0000e+01 +3.0000e+00 +1.7000e+01
14 +1.481962918e+03 +1.481962918e+03 +1.234852918e+03 +1.234852918e+03 +3.0000e+00 +1.5000e+01 +1.0000e+01 +1.9000e+01 +1.0000e+00 +1.8000e+01 +9.0000e+00 +8.0000e+00 +1.0000e+00 +1.5000e+01
32 +9.424157178e+02 +9.424157178e+02 +6.953057178e+02 +6.953057178e+02 +0.0000e+00 +1.2000e+01 +7.0000e+00 +1.6000e+01 +0.0000e+00 +1.5000e+01 +6.0000e+00 +5.0000e+00 +0.0000e+00 +1.2000e+01
50 +5.689997178e+02 +5.689997178e+02 +3.218897178e+02 +3.218897178e+02 +0.0000e+00 +9.0000e+00 +4.0000e+00 +1.3000e+01 +0.0000e+00 +1.2000e+01 +3.0000e+00 +2.0000e+00 +0.0000e+00 +9.0000e+00
62 +3.900557178e+02 +3.900557178e+02 +1.429457178e+02 +1.429457178e+02 +0.0000e+00 +7.0000e+00 +2.0000e+00 +1.1000e+01 +0.0000e+00 +1.0000e+01 +1.0000e+00 +0.0000e+00 +0.0000e+00 +7.0000e+00
80 +2.246381178e+02 +2.246381178e+02 -2.247188224e+01 -2.247188224e+01 +0.0000e+00 +4.0000e+00 +0.0000e+00 +8.0000e+00 +0.0000e+00 +7.0000e+00 +0.0000e+00 +0.0000e+00 +0.0000e+00 +4.0000e+00
92 +1.552429178e+02 +1.552429178e+02 -9.186708224e+01 -9.186708224e+01 +0.0000e+00 +2.0000e+00 +0.0000e+00 +6.0000e+00 +0.0000e+00 +5.0000e+00 +0.0000e+00 +0.0000e+00 +0.0000e+00 +2.0000e+00
% function evaluation | noise-free fitness - Fopt (-1.520400000000e+02) | best noise-free fitness - Fopt | measured fitness | best measured fitness | x1 | x2...
1 +2.136421542e+03 +2.136421542e+03 +1.984381542e+03 +1.984381542e+03 +1.0000e+01 +3.0000e+01 +1.6000e+01 +2.0000e+00 +1.7000e+01 +1.4000e+01 +1.9000e+01 +3.0000e+00 +3.0000e+00 +3.0000e+00
19 +1.555827942e+03 +1.555827942e+03 +1.403787942e+03 +1.403787942e+03 +7.0000e+00 +2.7000e+01 +1.3000e+01 +0.0000e+00 +1.4000e+01 +1.1000e+01 +1.6000e+01 +0.0000e+00 +0.0000e+00 +0.0000e+00
43 +9.392135418e+02 +9.392135418e+02 +7.871735418e+02 +7.871735418e+02 +3.0000e+00 +2.3000e+01 +9.0000e+00 +0.0000e+00 +1.0000e+01 +7.0000e+00 +1.2000e+01 +0.0000e+00 +0.0000e+00 +0.0000e+00
61 +6.027527418e+02 +6.027527418e+02 +4.507127418e+02 +4.507127418e+02 +0.0000e+00 +2.0000e+01 +6.0000e+00 +0.0000e+00 +7.0000e+00 +4.0000e+00 +9.0000e+00 +0.0000e+00 +0.0000e+00 +0.0000e+00
79 +3.668951418e+02 +3.668951418e+02 +2.148551418e+02 +2.148551418e+02 +0.0000e+00 +1.7000e+01 +3.0000e+00 +0.0000e+00 +4.0000e+00 +1.0000e+00 +6.0000e+00 +0.0000e+00 +0.0000e+00 +0.0000e+00
92 +2.131895418e+02 +2.131895418e+02 +6.114954176e+01 +6.114954176e+01 +2.0000e+00 +0.0000e+00 +0.0000e+00 +0.0000e+00 +0.0000e+00 +9.0000e+00 +0.0000e+00 +4.0000e+00 +8.0000e+00 +9.0000e+00
% function evaluation | noise-free fitness - Fopt (-2.525000000000e+01) | best noise-free fitness - Fopt | measured fitness | best measured fitness | x1 | x2...
1 +3.100594943e+03 +3.100594943e+03 +3.075344943e+03 +3.075344943e+03 +8.0000e+00 +2.5000e+01 +2.7000e+01 +5.0000e+00 +1.8000e+01 +0.0000e+00 +6.0000e+00 +1.8000e+01 +2.5000e+01 +1.7000e+01
4 +2.137194943e+03 +2.137194943e+03 +2.111944943e+03 +2.111944943e+03 +2.0000e+01 +2.2000e+01 +8.0000e+00 +1.0000e+00 +2.5000e+01 +2.4000e+01 +0.0000e+00 +1.1000e+01 +9.0000e+00 +3.0000e+00
22 +1.488977343e+03 +1.488977343e+03 +1.463727343e+03 +1.463727343e+03 +1.7000e+01 +1.9000e+01 +5.0000e+00 +0.0000e+00 +2.2000e+01 +2.1000e+01 +0.0000e+00 +8.0000e+00 +6.0000e+00 +0.0000e+00
40 +9.971021434e+02 +9.971021434e+02 +9.718521434e+02 +9.718521434e+02 +1.4000e+01 +1.6000e+01 +2.0000e+00 +0.0000e+00 +1.9000e+01 +1.8000e+01 +0.0000e+00 +5.0000e+00 +3.0000e+00 +0.0000e+00
64 +5.353293434e+02 +5.353293434e+02 +5.100793434e+02 +5.100793434e+02 +1.0000e+01 +1.2000e+01 +0.0000e+00 +0.0000e+00 +1.5000e+01 +1.4000e+01 +0.0000e+00 +1.0000e+00 +0.0000e+00 +0.0000e+00
76 +3.724781434e+02 +3.724781434e+02 +3.472281434e+02 +3.472281434e+02 +8.0000e+00 +1.0000e+01 +0.0000e+00 +0.0000e+00 +1.3000e+01 +1.2000e+01 +0.0000e+00 +0.0000e+00 +0.0000e+00 +0.0000e+00
88 +2.462573434e+02 +2.462573434e+02 +2.210073434e+02 +2.210073434e+02 +6.0000e+00 +8.0000e+00 +0.0000e+00 +0.0000e+00 +1.1000e+01 +1.0000e+01 +0.0000e+00 +0.0000e+00 +0.0000e+00 +0.0000e+00
100 +1.520365434e+02 +1.520365434e+02 +1.267865434e+02 +1.267865434e+02 +4.0000e+00 +6.0000e+00 +0.0000e+00 +0.0000e+00 +9.0000e+00 +8.0000e+00 +0.0000e+00 +0.0000e+00 +0.0000e+00 +0.0000e+00
% function evaluation | noise-free fitness - Fopt (2.230000000000e+00) | best noise-free fitness - Fopt | measured fitness | best measured fitness | x1 | x2...
1 +2.645045406e+03 +2.645045406e+03 +2.647275406e+03 +2.647275406e+03 +2.6000e+01 +3.0000e+00 +2.3000e+01 +1.4000e+01 +2.0000e+00 +2.2000e+01 +4.0000e+00 +1.0000e+00 +2.4000e+01 +8.0000e+00
3 +2.379079006e+03 +2.379079006e+03 +2.381309006e+03 +2.381309006e+03 +1.9000e+01 +2.8000e+01 +1.3000e+01 +2.5000e+01 +1.1000e+01 +2.0000e+00 +5.0000e+00 +9.0000e+00 +8.0000e+00 +3.0000e+00
18 +1.415178206e+03 +1.415178206e+03 +1.417408206e+03 +1.417408206e+03 +0.0000e+00 +2.0000e+00 +1.7000e+01 +1.2000e+01 +0.0000e+00 +3.0000e+00 +8.0000e+00 +2.4000e+01 +0.0000e+00 +7.0000e+00
36 +9.744230061e+02 +9.744230061e+02 +9.766530061e+02 +9.766530061e+02 +0.0000e+00 +0.0000e+00 +1.4000e+01 +9.0000e+00 +0.0000e+00 +0.0000e+00 +5.0000e+00 +2.1000e+01 +0.0000e+00 +4.0000e+00
60 +5.872358061e+02 +5.872358061e+02 +5.894658061e+02 +5.894658061e+02 +0.0000e+00 +0.0000e+00 +1.0000e+01 +5.0000e+00 +0.0000e+00 +0.0000e+00 +1.0000e+00 +1.7000e+01 +0.0000e+00 +0.0000e+00
78 +3.908070061e+02 +3.908070061e+02 +3.930370061e+02 +3.930370061e+02 +0.0000e+00 +0.0000e+00 +7.0000e+00 +2.0000e+00 +0.0000e+00 +0.0000e+00 +0.0000e+00 +1.4000e+01 +0.0000e+00 +0.0000e+00
101 +2.439062061e+02 +2.439062061e+02 +2.461362061e+02 +2.461362061e+02 +6.0000e+00 +8.0000e+00 +1.0000e+00 +0.0000e+00 +6.0000e+00 +0.0000e+00 +0.0000e+00 +0.0000e+00 +0.0000e+00 +1.1000e+01
% function evaluation | noise-free fitness - Fopt (-1.308000000000e+01) | best noise-free fitness - Fopt | measured fitness | best measured fitness | x1 | x2...
1 +2.762376067e+03 +2.762376067e+03 +2.749296067e+03 +2.749296067e+03 +1.6000e+01 +4.0000e+00 +0.0000e+00 +8.0000e+00 +1.9000e+01 +6.0000e+00 +1.4000e+01 +2.0000e+00 +3.0000e+01 +2.6000e+01
6 +2.088868867e+03 +2.088868867e+03 +2.075788867e+03 +2.075788867e+03 +1.0000e+00 +4.0000e+00 +2.0000e+01 +2.2000e+01 +2.1000e+01 +8.0000e+00 +1.6000e+01 +2.0000e+00 +1.9000e+01 +1.1000e+01
24 +1.413558467e+03 +1.413558467e+03 +1.400478467e+03 +1.400478467e+03 +0.0000e+00 +1.0000e+00 +1.7000e+01 +1.9000e+01 +1.8000e+01 +5.0000e+00 +1.3000e+01 +0.0000e+00 +1.6000e+01 +8.0000e+00
42 +8.986896672e+02 +8.986896672e+02 +8.856096672e+02 +8.856096672e+02 +0.0000e+00 +0.0000e+00 +1.4000e+01 +1.6000e+01 +1.5000e+01 +2.0000e+00 +1.0000e+01 +0.0000e+00 +1.3000e+01 +5.0000e+00
54 +6.286896672e+02 +6.286896672e+02 +6.156096672e+02 +6.156096672e+02 +0.0000e+00 +0.0000e+00 +1.2000e+01 +1.4000e+01 +1.3000e+01 +0.0000e+00 +8.0000e+00 +0.0000e+00 +1.1000e+01 +3.0000e+00
72 +3.368160672e+02 +3.368160672e+02 +3.237360672e+02 +3.237360672e+02 +0.0000e+00 +0.0000e+00 +9.0000e+00 +1.1000e+01 +1.0000e+01 +0.0000e+00 +5.0000e+00 +0.0000e+00 +8.0000e+00 +0.0000e+00
84 +2.109472672e+02 +2.109472672e+02 +1.978672672e+02 +1.978672672e+02 +0.0000e+00 +0.0000e+00 +7.0000e+00 +9.0000e+00 +8.0000e+00 +0.0000e+00 +3.0000e+00 +0.0000e+00 +6.0000e+00 +0.0000e+00
96 +1.250784672e+02 +1.250784672e+02 +1.119984672e+02 +1.119984672e+02 +0.0000e+00 +0.0000e+00 +5.0000e+00 +7.0000e+00 +6.0000e+00 +0.0000e+00 +1.0000e+00 +0.0000e+00 +4.0000e+00 +0.0000e+00
102 +9.714406720e+01 +9.714406720e+01 +8.406406720e+01 +8.406406720e+01 +0.0000e+00 +0.0000e+00 +4.0000e+00 +6.0000e+00 +5.0000e+00 +0.0000e+00 +0.0000e+00 +0.0000e+00 +3.0000e+00 +0.0000e+00
% function evaluation | noise-free fitness - Fopt (2.671600000000e+02) | best noise-free fitness - Fopt | measured fitness | best measured fitness | x1 | x2...
1 +3.565668357e+03 +3.565668357e+03 +3.832828357e+03 +3.832828357e+03 +2.6000e+01 +2.8000e+01 +5.0000e+00 +3.0000e+00 +5.0000e+00 +1.9000e+01 +2.7000e+01 +1.8000e+01 +2.0000e+00 +1.1000e+01
2 +2.294484357e+03 +2.294484357e+03 +2.561644357e+03 +2.561644357e+03 +3.0000e+00 +1.4000e+01 +1.3000e+01 +2.0000e+00 +2.2000e+01 +2.0000e+01 +2.0000e+00 +1.4000e+01 +5.0000e+00 +2.4000e+01
26 +1.394860357e+03 +1.394860357e+03 +1.662020357e+03 +1.662020357e+03 +0.0000e+00 +1.0000e+01 +9.0000e+00 +0.0000e+00 +1.8000e+01 +1.6000e+01 +0.0000e+00 +1.0000e+01 +1.0000e+00 +2.0000e+01
44 +9.057915571e+02 +9.057915571e+02 +1.172951557e+03 +1.172951557e+03 +0.0000e+00 +7.0000e+00 +6.0000e+00 +0.0000e+00 +1.5000e+01 +1.3000e+01 +0.0000e+00 +7.0000e+00 +0.0000e+00 +1.7000e+01
62 +5.329275571e+02 +5.329275571e+02 +8.000875571e+02 +8.000875571e+02 +0.0000e+00 +4.0000e+00 +3.0000e+00 +0.0000e+00 +1.2000e+01 +1.0000e+01 +0.0000e+00 +4.0000e+00 +0.0000e+00 +1.4000e+01
74 +3.443515571e+02 +3.443515571e+02 +6.115115571e+02 +6.115115571e+02 +0.0000e+00 +2.0000e+00 +1.0000e+00 +0.0000e+00 +1.0000e+01 +8.0000e+00 +0.0000e+00 +2.0000e+00 +0.0000e+00 +1.2000e+01
86 +2.097067571e+02 +2.097067571e+02 +4.768667571e+02 +4.768667571e+02 +0.0000e+00 +0.0000e+00 +0.0000e+00 +0.0000e+00 +8.0000e+00 +6.0000e+00 +0.0000e+00 +0.0000e+00 +0.0000e+00 +1.0000e+01
98 +1.382155571e+02 +1.382155571e+02 +4.053755571e+02 +4.053755571e+02 +0.0000e+00 +0.0000e+00 +0.0000e+00 +0.0000e+00 +6.0000e+00 +4.0000e+00 +0.0000e+00 +0.0000e+00 +0.0000e+00 +8.0000e+00
% function evaluation | noise-free fitness - Fopt (3.710000000000e+00) | best noise-free fitness - Fopt | measured fitness | best measured fitness | x1 | x2...
1 +2.224259065e+03 +2.224259065e+03 +2.227969065e+03 +2.227969065e+03 +3.0000e+00 +2.8000e+01 +3.0000e+00 +3.0000e+00 +2.3000e+01 +1.7000e+01 +9.0000e+00 +1.8000e+01 +1.0000e+00 +1.1000e+01
21 +1.409255865e+03 +1.409255865e+03 +1.412965865e+03 +1.412965865e+03 +1.6000e+01 +0.0000e+00 +1.7000e+01 +1.2000e+01 +2.0000e+01 +0.0000e+00 +1.4000e+01 +1.6000e+01 +0.0000e+00 +0.0000e+00
39 +9.218110650e+02 +9.218110650e+02 +9.255210650e+02 +9.255210650e+02 +1.3000e+01 +0.0000e+00 +1.4000e+01 +9.0000e+00 +1.7000e+01 +0.0000e+00 +1.1000e+01 +1.3000e+01 +0.0000e+00 +0.0000e+00
57 +5.423662650e+02 +5.423662650e+02 +5.460762650e+02 +5.460762650e+02 +1.0000e+01 +0.0000e+00 +1.1000e+01 +6.0000e+00 +1.4000e+01 +0.0000e+00 +8.0000e+00 +1.0000e+01 +0.0000e+00 +0.0000e+00
69 +3.494030650e+02 +3.494030650e+02 +3.531130650e+02 +3.531130650e+02 +8.0000e+00 +0.0000e+00 +9.0000e+00 +4.0000e+00 +1.2000e+01 +0.0000e+00 +6.0000e+00 +8.0000e+00 +0.0000e+00 +0.0000e+00
81 +2.044398650e+02 +2.044398650e+02 +2.081498650e+02 +2.081498650e+02 +6.0000e+00 +0.0000e+00 +7.0000e+00 +2.0000e+00 +1.0000e+01 +0.0000e+00 +4.0000e+00 +6.0000e+00 +0.0000e+00 +0.0000e+00
87 +1.499582650e+02 +1.499582650e+02 +1.536682650e+02 +1.536682650e+02 +5.0000e+00 +0.0000e+00 +6.0000e+00 +1.0000e+00 +9.0000e+00 +0.0000e+00 +3.0000e+00 +5.0000e+00 +0.0000e+00 +0.0000e+00
99 +8.005586496e+01 +8.005586496e+01 +8.376586496e+01 +8.376586496e+01 +3.0000e+00 +0.0000e+00 +4.0000e+00 +0.0000e+00 +7.0000e+00 +0.0000e+00 +1.0000e+00 +3.0000e+00 +0.0000e+00 +0.0000e+00
% function evaluation | noise-free fitness - Fopt (9.478000000000e+01) | best noise-free fitness - Fopt | measured fitness | best measured fitness | x1 | x2...
1 +3.569300108e+03 +3.569300108e+03 +3.664080108e+03 +3.664080108e+03 +2.5000e+01 +9.0000e+00 +2.4000e+01 +3.0000e+00 +2.7000e+01 +2.8000e+01 +1.8000e+01 +1.3000e+01 +5.0000e+00 +2.9000e+01
3 +2.031749708e+03 +2.031749708e+03 +2.126529708e+03 +2.126529708e+03 +3.0000e+00 +2.2000e+01 +1.1000e+01 +2.0000e+01 +5.0000e+00 +2.0000e+00 +7.0000e+00 +1.9000e+01 +2.0000e+01 +1.7000e+01
21 +1.438762508e+03 +1.438762508e+03 +1.533542508e+03 +1.533542508e+03 +0.0000e+00 +1.9000e+01 +8.0000e+00 +1.7000e+01 +2.0000e+00 +0.0000e+00 +4.0000e+00 +1.6000e+01 +1.7000e+01 +1.4000e+01
39 +9.916441082e+02 +9.916441082e+02 +1.086424108e+03 +1.086424108e+03 +0.0000e+00 +1.6000e+01 +5.0000e+00 +1.4000e+01 +0.0000e+00 +0.0000e+00 +1.0000e+00 +1.3000e+01 +1.4000e+01 +1.1000e+01
63 +5.529545082e+02 +5.529545082e+02 +6.477345082e+02 +6.477345082e+02 +0.0000e+00 +1.2000e+01 +1.0000e+00 +1.0000e+01 +0.0000e+00 +0.0000e+00 +0.0000e+00 +9.0000e+00 +1.0000e+01 +7.0000e+00
75 +3.937257082e+02 +3.937257082e+02 +4.885057082e+02 +4.885057082e+02 +0.0000e+00 +1.0000e+01 +0.0000e+00 +8.0000e+00 +0.0000e+00 +0.0000e+00 +0.0000e+00 +7.0000e+00 +8.0000e+00 +5.0000e+00
93 +2.196681082e+02 +2.196681082e+02 +3.144481082e+02 +3.144481082e+02 +0.0000e+00 +7.0000e+00 +0.0000e+00 +5.0000e+00 +0.0000e+00 +0.0000e+00 +0.0000e+00 +4.0000e+00 +5.0000e+00 +2.0000e+00
% function evaluation | noise-free fitness - Fopt (2.339200000000e+02) | best noise-free fitness - Fopt | measured fitness | best measured fitness | x1 | x2...
1 +3.441489648e+03 +3.441489648e+03 +3.675409648e+03 +3.675409648e+03 +1.1000e+01 +1.1000e+01 +2.1000e+01 +2.0000e+01 +9.0000e+00 +2.7000e+01 +0.0000e+00 +2.4000e+01 +2.9000e+01 +0.0000e+00
4 +2.293577648e+03 +2.293577648e+03 +2.527497648e+03 +2.527497648e+03 +2.7000e+01 +0.0000e+00 +2.0000e+00 +6.0000e+00 +5.0000e+00 +1.1000e+01 +9.0000e+00 +1.4000e+01 +1.2000e+01 +3.0000e+01
28 +1.497731248e+03 +1.497731248e+03 +1.731651248e+03 +1.731651248e+03 +2.3000e+01 +0.0000e+00 +0.0000e+00 +2.0000e+00 +1.0000e+00 +7.0000e+00 +5.0000e+00 +1.0000e+01 +8.0000e+00 +2.6000e+01
52 +9.752880480e+02 +9.752880480e+02 +1.209208048e+03 +1.209208048e+03 +1.9000e+01 +0.0000e+00 +0.0000e+00 +0.0000e+00 +0.0000e+00 +3.0000e+00 +1.0000e+00 +6.0000e+00 +4.0000e+00 +2.2000e+01
82 +5.684384480e+02 +5.684384480e+02 +8.023584480e+02 +8.023584480e+02 +1.4000e+01 +0.0000e+00 +0.0000e+00 +0.0000e+00 +0.0000e+00 +0.0000e+00 +0.0000e+00 +1.0000e+00 +0.0000e+00 +1.7000e+01
100 +3.906912480e+02 +3.906912480e+02 +6.246112480e+02 +6.246112480e+02 +1.1000e+01 +0.0000e+00 +0.0000e+00 +0.0000e+00 +0.0000e+00 +0.0000e+00 +0.0000e+00 +0.0000e+00 +0.0000e+00 +1.4000e+01
% function evaluation | noise-free fitness - Fopt (-6.092000000000e+01) | best noise-free fitness - Fopt | measured fitness | best measured fitness | x1 | x2...
1 +3.655792268e+03 +3.655792268e+03 +3.594872268e+03 +3.594872268e+03 +2.9000e+01 +2.9000e+01 +2.0000e+01 +1.1000e+01 +6.0000e+00 +1.6000e+01 +2.9000e+01 +2.3000e+01 +4.0000e+00 +1.0000e+01
6 +2.496097868e+03 +2.496097868e+03 +2.435177868e+03 +2.435177868e+03 +7.0000e+00 +2.1000e+01 +1.9000e+01 +1.8000e+01 +9.0000e+00 +1.8000e+01 +8.0000e+00 +7.0000e+00 +1.0000e+01 +2.7000e+01
30 +1.519336268e+03 +1.519336268e+03 +1.458416268e+03 +1.458416268e+03 +3.0000e+00 +1.7000e+01 +1.5000e+01 +1.4000e+01 +5.0000e+00 +1.4000e+01 +4.0000e+00 +3.0000e+00 +6.0000e+00 +2.3000e+01
48 +9.967650682e+02 +9.967650682e+02 +9.358450682e+02 +9.358450682e+02 +0.0000e+00 +1.4000e+01 +1.2000e+01 +1.1000e+01 +2.0000e+00 +1.1000e+01 +1.0000e+00 +0.0000e+00 +3.0000e+00 +2.0000e+01
66 +6.225698682e+02 +6.225698682e+02 +5.616498682e+02 +5.616498682e+02 +0.0000e+00 +1.1000e+01 +9.0000e+00 +8.0000e+00 +0.0000e+00 +8.0000e+00 +0.0000e+00 +0.0000e+00 +0.0000e+00 +1.7000e+01
84 +3.755234682e+02 +3.755234682e+02 +3.146034682e+02 +3.146034682e+02 +0.0000e+00 +8.0000e+00 +6.0000e+00 +5.0000e+00 +0.0000e+00 +5.0000e+00 +0.0000e+00 +0.0000e+00 +0.0000e+00 +1.4000e+01
102 +2.184770682e+02 +2.184770682e+02 +1.575570682e+02 +1.575570682e+02 +0.0000e+00 +5.0000e+00 +3.0000e+00 +2.0000e+00 +0.0000e+00 +2.0000e+00 +0.0000e+00 +0.0000e+00 +0.0000e+00 +1.1000e+01
% function evaluation | noise-free fitness - Fopt (-1.948000000000e+01) | best noise-free fitness - Fopt | measured fitness | best measured fitness | x1 | x2...
1 +3.954629550e+03 +3.954629550e+03 +3.935149550e+03 +3.935149550e+03 +2.2000e+01 +2.0000e+01 +2.9000e+01 +1.7000e+01 +6.0000e+00 +2.5000e+01 +1.5000e+01 +2.5000e+01 +1.3000e+01 +1.5000e+01
2 +2.292571950e+03 +2.292571950e+03 +2.273091950e+03 +2.273091950e+03 +1.8000e+01 +7.0000e+00 +8.0000e+00 +2.8000e+01 +1.3000e+01 +8.0000e+00 +2.5000e+01 +2.0000e+00 +1.5000e+01 +3.0000e+00
26 +1.468579950e+03 +1.468579950e+03 +1.449099950e+03 +1.449099950e+03 +1.4000e+01 +3.0000e+00 +4.0000e+00 +2.4000e+01 +9.0000e+00 +4.0000e+00 +2.1000e+01 +0.0000e+00 +1.1000e+01 +0.0000e+00
50 +9.095287501e+02 +9.095287501e+02 +8.900487501e+02 +8.900487501e+02 +1.0000e+01 +0.0000e+00 +0.0000e+00 +2.0000e+01 +5.0000e+00 +0.0000e+00 +1.7000e+01 +0.0000e+00 +7.0000e+00 +0.0000e+00
68 +6.167575501e+02 +6.167575501e+02 +5.972775501e+02 +5.972775501e+02 +7.0000e+00 +0.0000e+00 +0.0000e+00 +1.7000e+01 +2.0000e+00 +0.0000e+00 +1.4000e+01 +0.0000e+00 +4.0000e+00 +0.0000e+00
92 +3.497335501e+02 +3.497335501e+02 +3.302535501e+02 +3.302535501e+02 +3.0000e+00 +0.0000e+00 +0.0000e+00 +1.3000e+01 +0.0000e+00 +0.0000e+00 +1.0000e+01 +0.0000e+00 +0.0000e+00 +0.0000e+00
% function evaluation | noise-free fitness - Fopt (1.344700000000e+02) | best noise-free fitness - Fopt | measured fitness | best measured fitness | x1 | x2...
1 +2.326094860e+03 +2.326094860e+03 +2.460564860e+03 +2.460564860e+03 +2.4000e+01 +6.0000e+00 +2.6000e+01 +0.0000e+00 +6.0000e+00 +1.8000e+01 +3.0000e+00 +0.0000e+00 +1.9000e+01 +1.0000e+00
10 +1.493400460e+03 +1.493400460e+03 +1.627870460e+03 +1.627870460e+03 +6.0000e+00 +2.2000e+01 +1.6000e+01 +0.0000e+00 +7.0000e+00 +0.0000e+00 +1.8000e+01 +0.0000e+00 +1.7000e+01 +4.0000e+00
28 +9.778324595e+02 +9.778324595e+02 +1.112302460e+03 +1.112302460e+03 +3.0000e+00 +1.9000e+01 +1.3000e+01 +0.0000e+00 +4.0000e+00 +0.0000e+00 +1.5000e+01 +0.0000e+00 +1.4000e+01 +1.0000e+00
46 +5.952948595e+02 +5.952948595e+02 +7.297648595e+02 +7.297648595e+02 +0.0000e+00 +1.6000e+01 +1.0000e+01 +0.0000e+00 +1.0000e+00 +0.0000e+00 +1.2000e+01 +0.0000e+00 +1.1000e+01 +0.0000e+00
64 +3.466692595e+02 +3.466692595e+02 +4.811392595e+02 +4.811392595e+02 +0.0000e+00 +1.3000e+01 +7.0000e+00 +0.0000e+00 +0.0000e+00 +0.0000e+00 +9.0000e+00 +0.0000e+00 +8.0000e+00 +0.0000e+00
76 +2.258628595e+02 +2.258628595e+02 +3.603328595e+02 +3.603328595e+02 +0.0000e+00 +1.1000e+01 +5.0000e+00 +0.0000e+00 +0.0000e+00 +0.0000e+00 +7.0000e+00 +0.0000e+00 +6.0000e+00 +0.0000e+00
88 +1.370564595e+02 +1.370564595e+02 +2.715264595e+02 +2.715264595e+02 +0.0000e+00 +9.0000e+00 +3.0000e+00 +0.0000e+00 +0.0000e+00 +0.0000e+00 +5.0000e+00 +0.0000e+00 +4.0000e+00 +0.0000e+00
100 +8.025005952e+01 +8.025005952e+01 +2.147200595e+02 +2.147200595e+02 +0.0000e+00 +7.0000e+00 +1.0000e+00 +0.0000e+00 +0.0000e+00 +0.0000e+00 +3.0000e+00 +0.0000e+00 +2.0000e+00 +0.0000e+00
% function evaluation | noise-free fitness - Fopt (4.453500000000e+02) | best noise-free fitness - Fopt | measured fitness | best measured fitness | x1 | x2...
1 +2.434649505e+03 +2.434649505e+03 +2.879999505e+03 +2.879999505e+03 +1.6000e+01 +1.3000e+01 +1.9000e+01 +3.0000e+00 +0.0000e+00 +1.9000e+01 +2.1000e+01 +1.5000e+01 +2.0000e+00 +2.1000e+01
3 +1.193113505e+03 +1.193113505e+03 +1.638463505e+03 +1.638463505e+03 +2.5000e+01 +8.0000e+00 +1.3000e+01 +6.0000e+00 +0.0000e+00 +2.0000e+00 +6.0000e+00 +1.0000e+00 +5.0000e+00 +4.0000e+00
15 +9.468351053e+02 +9.468351053e+02 +1.392185105e+03 +1.392185105e+03 +2.3000e+01 +6.0000e+00 +1.1000e+01 +4.0000e+00 +0.0000e+00 +0.0000e+00 +4.0000e+00 +0.0000e+00 +3.0000e+00 +2.0000e+00
39 +5.985551053e+02 +5.985551053e+02 +1.043905105e+03 +1.043905105e+03 +1.9000e+01 +2.0000e+00 +7.0000e+00 +0.0000e+00 +0.0000e+00 +0.0000e+00 +0.0000e+00 +0.0000e+00 +0.0000e+00 +0.0000e+00
69 +3.597231053e+02 +3.597231053e+02 +8.050731053e+02 +8.050731053e+02 +1.4000e+01 +0.0000e+00 +2.0000e+00 +0.0000e+00 +0.0000e+00 +0.0000e+00 +0.0000e+00 +0.0000e+00 +0.0000e+00 +0.0000e+00
91 +2.271775053e+02 +2.271775053e+02 +6.725275053e+02 +6.725275053e+02 +1.0000e+00 +0.0000e+00 +4.0000e+00 +0.0000e+00 +0.0000e+00 +4.0000e+00 +6.0000e+00 +0.0000e+00 +0.0000e+00 +6.0000e+00
