% function evaluation | noise-free fitness - Fopt (7.948000000000e+01) | best noise-free fitness - Fopt | measured fitness | best measured fitness | x1 | x2...
1 +2.325528158e+26 +2.325528158e+26 +2.325528158e+26 +2.325528158e+26 +1.5250e+13 +0.0000e+00 +0.0000e+00 +0.0000e+00 +0.0000e+00 +0.0000e+00 +0.0000e+00 +0.0000e+00 +0.0000e+00 +0.0000e+00
2 +1.959270362e+24 +1.959270362e+24 +1.959270362e+24 +1.959270362e+24 +1.3997e+12 +0.0000e+00 +0.0000e+00 +0.0000e+00 +0.0000e+00 +0.0000e+00 +0.0000e+00 +0.0000e+00 +0.0000e+00 +0.0000e+00
22 +3.071174447e+22 +3.071174447e+22 +3.071174447e+22 +3.071174447e+22 +1.7525e+11 +0.0000e+00 +0.0000e+00 +0.0000e+00 +0.0000e+00 +0.0000e+00 +0.0000e+00 +0.0000e+00 +0.0000e+00 +0.0000e+00
% function evaluation | noise-free fitness - Fopt (3.944800000000e+02) | best noise-free fitness - Fopt | measured fitness | best measured fitness | x1 | x2...
1 +2.504656547e+26 +2.504656547e+26 +2.504656547e+26 +2.504656547e+26 +1.5826e+13 +0.0000e+00 +0.0000e+00 +0.0000e+00 +0.0000e+00 +0.0000e+00 +0.0000e+00 +0.0000e+00 +0.0000e+00 +0.0000e+00
5 +9.418978529e+24 +9.418978529e+24 +9.418978529e+24 +9.418978529e+24 +3.0690e+12 +0.0000e+00 +0.0000e+00 +0.0000e+00 +0.0000e+00 +0.0000e+00 +0.0000e+00 +0.0000e+00 +0.0000e+00 +0.0000e+00
17 +5.886089804e+24 +5.886089804e+24 +5.886089804e+24 +5.886089804e+24 +2.4261e+12 +0.0000e+00 +0.0000e+00 +0.0000e+00 +0.0000e+00 +0.0000e+00 +0.0000e+00 +0.0000e+00 +0.0000e+00 +0.0000e+00
47 +6.649231703e+22 +6.649231703e+22 +6.649231703e+22 +6.649231703e+22 +2.5786e+11 +0.0000e+00 +0.0000e+00 +0.0000e+00 +0.0000e+00 +0.0000e+00 +0.0000e+00 +0.0000e+00 +0.0000e+00 +0.0000e+00
% function evaluation | noise-free fitness - Fopt (-2.471100000000e+02) | best noise-free fitness - Fopt | measured fitness | best measured fitness | x1 | x2...
1 +8.681897117e+25 +8.681897117e+25 +8.681897117e+25 +8.681897117e+25 +9.3177e+12 +0.0000e+00 +0.0000e+00 +0.0000e+00 +0.0000e+00 +0.0000e+00 +0.0000e+00 +0.0000e+00 +0.0000e+00 +0.0000e+00
4 +7.834678154e+24 +7.834678154e+24 +7.834678154e+24 +7.834678154e+24 +2.7990e+12 +0.0000e+00 +0.0000e+00 +0.0000e+00 +0.0000e+00 +0.0000e+00 +0.0000e+00 +0.0000e+00 +0.0000e+00 +0.0000e+00
23 +4.994171252e+24 +4.994171252e+24 +4.994171252e+24 +4.994171252e+24 +2.2348e+12 +0.0000e+00 +0.0000e+00 +0.0000e+00 +0.0000e+00 +0.0000e+00 +0.0000e+00 +0.0000e+00 +0.0000e+00 +0.0000e+00
33 +3.173237451e+23 +3.173237451e+23 +3.173237451e+23 +3.173237451e+23 +5.6331e+11 +0.0000e+00 +0.0000e+00 +0.0000e+00 +0.0000e+00 +0.0000e+00 +0.0000e+00 +0.0000e+00 +0.0000e+00 +0.0000e+00
% function evaluation | noise-free fitness - Fopt (-1.520400000000e+02) | best noise-free fitness - Fopt | measured fitness | best measured fitness | x1 | x2...
1 +9.624544399e+25 +9.624544399e+25 +9.624544399e+25 +9.624544399e+25 +9.8105e+12 +0.0000e+00 +0.0000e+00 +0.0000e+00 +0.0000e+00 +0.0000e+00 +0.0000e+00 +0.0000e+00 +0.0000e+00 +0.0000e+00
2 +4.017946058e+25 +4.017946058e+25 +4.017946058e+25 +4.017946058e+25 +6.3387e+12 +0.0000e+00 +0.0000e+00 +0.0000e+00 +0.0000e+00 +0.0000e+00 +0.0000e+00 +0.0000e+00 +0.0000e+00 +0.0000e+00
7 +1.641689703e+24 +1.641689703e+24 +1.641689703e+24 +1.641689703e+24 +1.2813e+12 +0.0000e+00 +0.0000e+00 +0.0000e+00 +0.0000e+00 +0.0000e+00 +0.0000e+00 +0.0000e+00 +0.0000e+00 +0.0000e+00
15 +1.525728979e+24 +1.525728979e+24 +1.525728979e+24 +1.525728979e+24 +1.2352e+12 +0.0000e+00 +0.0000e+00 +0.0000e+00 +0.0000e+00 +0.0000e+00 +0.0000e+00 +0.0000e+00 +0.0000e+00 +0.0000e+00
66 +8.363400706e+23 +8.363400706e+23 +8.363400706e+23 +8.363400706e+23 +9.1452e+11 +0.0000e+00 +0.0000e+00 +0.0000e+00 +0.0000e+00 +0.0000e+00 +0.0000e+00 +0.0000e+00 +0.0000e+00 +0.0000e+00
% function evaluation | noise-free fitness - Fopt (-2.525000000000e+01) | best noise-free fitness - Fopt | measured fitness | best measured fitness | x1 | x2...
1 +2.151997527e+26 +2.151997527e+26 +2.151997527e+26 +2.151997527e+26 +1.4670e+13 +0.0000e+00 +0.0000e+00 +0.0000e+00 +0.0000e+00 +0.0000e+00 +0.0000e+00 +0.0000e+00 +0.0000e+00 +0.0000e+00
2 +6.737821217e+25 +6.737821217e+25 +6.737821217e+25 +6.737821217e+25 +8.2084e+12 +0.0000e+00 +0.0000e+00 +0.0000e+00 +0.0000e+00 +0.0000e+00 +0.0000e+00 +0.0000e+00 +0.0000e+00 +0.0000e+00
11 +1.947216271e+25 +1.947216271e+25 +1.947216271e+25 +1.947216271e+25 +4.4127e+12 +0.0000e+00 +0.0000e+00 +0.0000e+00 +0.0000e+00 +0.0000e+00 +0.0000e+00 +0.0000e+00 +0.0000e+00 +0.0000e+00
13 +5.167287724e+24 +5.167287724e+24 +5.167287724e+24 +5.167287724e+24 +2.2732e+12 +0.0000e+00 +0.0000e+00 +0.0000e+00 +0.0000e+00 +0.0000e+00 +0.0000e+00 +0.0000e+00 +0.0000e+00 +0.0000e+00
84 +7.265454841e+23 +7.265454841e+23 +7.265454841e+23 +7.265454841e+23 +8.5238e+11 +0.0000e+00 +0.0000e+00 +0.0000e+00 +0.0000e+00 +0.0000e+00 +0.0000e+00 +0.0000e+00 +0.0000e+00 +0.0000e+00
88 +3.023368177e+23 +3.023368177e+23 +3.023368177e+23 +3.023368177e+23 +5.4985e+11 +0.0000e+00 +0.0000e+00 +0.0000e+00 +0.0000e+00 +0.0000e+00 +0.0000e+00 +0.0000e+00 +0.0000e+00 +0.0000e+00
% function evaluation | noise-free fitness - Fopt (2.230000000000e+00) | best noise-free fitness - Fopt | measured fitness | best measured fitness | x1 | x2...
1 +4.509286306e+26 +4.509286306e+26 +4.509286306e+26 +4.509286306e+26 +2.1235e+13 +0.0000e+00 +0.0000e+00 +0.0000e+00 +0.0000e+00 +0.0000e+00 +0.0000e+00 +0.0000e+00 +0.0000e+00 +0.0000e+00
2 +2.373886942e+26 +2.373886942e+26 +2.373886942e+26 +2.373886942e+26 +1.5407e+13 +0.0000e+00 +0.0000e+00 +0.0000e+00 +0.0000e+00 +0.0000e+00 +0.0000e+00 +0.0000e+00 +0.0000e+00 +0.0000e+00
5 +1.067157186e+26 +1.067157186e+26 +1.067157186e+26 +1.067157186e+26 +1.0330e+13 +0.0000e+00 +0.0000e+00 +0.0000e+00 +0.0000e+00 +0.0000e+00 +0.0000e+00 +0.0000e+00 +0.0000e+00 +0.0000e+00
15 +4.270989888e+25 +4.270989888e+25 +4.270989888e+25 +4.270989888e+25 +6.5353e+12 +0.0000e+00 +0.0000e+00 +0.0000e+00 +0.0000e+00 +0.0000e+00 +0.0000e+00 +0.0000e+00 +0.0000e+00 +0.0000e+00
23 +1.514813126e+22 +1.514813126e+22 +1.514813126e+22 +1.514813126e+22 +1.2308e+11 +0.0000e+00 +0.0000e+00 +0.0000e+00 +0.0000e+00 +0.0000e+00 +0.0000e+00 +0.0000e+00 +0.0000e+00 +0.0000e+00
% function evaluation | noise-free fitness - Fopt (-1.308000000000e+01) | best noise-free fitness - Fopt | measured fitness | best measured fitness | x1 | x2...
1 +1.034442233e+27 +1.034442233e+27 +1.034442233e+27 +1.034442233e+27 +3.2163e+13 +0.0000e+00 +0.0000e+00 +0.0000e+00 +0.0000e+00 +0.0000e+00 +0.0000e+00 +0.0000e+00 +0.0000e+00 +0.0000e+00
2 +6.541308215e+26 +6.541308215e+26 +6.541308215e+26 +6.541308215e+26 +2.5576e+13 +0.0000e+00 +0.0000e+00 +0.0000e+00 +0.0000e+00 +0.0000e+00 +0.0000e+00 +0.0000e+00 +0.0000e+00 +0.0000e+00
3 +6.564188235e+25 +6.564188235e+25 +6.564188235e+25 +6.564188235e+25 +8.1020e+12 +0.0000e+00 +0.0000e+00 +0.0000e+00 +0.0000e+00 +0.0000e+00 +0.0000e+00 +0.0000e+00 +0.0000e+00 +0.0000e+00
5 +4.153640183e+25 +4.153640183e+25 +4.153640183e+25 +4.153640183e+25 +6.4449e+12 +0.0000e+00 +0.0000e+00 +0.0000e+00 +0.0000e+00 +0.0000e+00 +0.0000e+00 +0.0000e+00 +0.0000e+00 +0.0000e+00
14 +9.806935356e+23 +9.806935356e+23 +9.806935356e+23 +9.806935356e+23 +9.9030e+11 +0.0000e+00 +0.0000e+00 +0.0000e+00 +0.0000e+00 +0.0000e+00 +0.0000e+00 +0.0000e+00 +0.0000e+00 +0.0000e+00
% function evaluation | noise-free fitness - Fopt (2.671600000000e+02) | best noise-free fitness - Fopt | measured fitness | best measured fitness | x1 | x2...
1 +2.075480267e+26 +2.075480267e+26 +2.075480267e+26 +2.075480267e+26 +1.4407e+13 +0.0000e+00 +0.0000e+00 +0.0000e+00 +0.0000e+00 +0.0000e+00 +0.0000e+00 +0.0000e+00 +0.0000e+00 +0.0000e+00
15 +1.051556847e+26 +1.051556847e+26 +1.051556847e+26 +1.051556847e+26 +1.0255e+13 +0.0000e+00 +0.0000e+00 +0.0000e+00 +0.0000e+00 +0.0000e+00 +0.0000e+00 +0.0000e+00 +0.0000e+00 +0.0000e+00
18 +2.683256243e+25 +2.683256243e+25 +2.683256243e+25 +2.683256243e+25 +5.1800e+12 +0.0000e+00 +0.0000e+00 +0.0000e+00 +1.6000e+01 +0.0000e+00 +0.0000e+00 +0.0000e+00 +0.0000e+00 +0.0000e+00
27 +4.795737188e+24 +4.795737188e+24 +4.795737188e+24 +4.795737188e+24 +2.1899e+12 +0.0000e+00 +0.0000e+00 +0.0000e+00 +0.0000e+00 +0.0000e+00 +0.0000e+00 +0.0000e+00 +0.0000e+00 +0.0000e+00
40 +2.749960833e+24 +2.749960833e+24 +2.749960833e+24 +2.749960833e+24 +1.6583e+12 +0.0000e+00 +0.0000e+00 +0.0000e+00 +0.0000e+00 +0.0000e+00 +0.0000e+00 +0.0000e+00 +0.0000e+00 +0.0000e+00
56 +2.002414536e+23 +2.002414536e+23 +2.002414536e+23 +2.002414536e+23 +4.4748e+11 +0.0000e+00 +0.0000e+00 +0.0000e+00 +0.0000e+00 +0.0000e+00 +0.0000e+00 +0.0000e+00 +0.0000e+00 +0.0000e+00
% function evaluation | noise-free fitness - Fopt (3.710000000000e+00) | best noise-free fitness - Fopt | measured fitness | best measured fitness | x1 | x2...
1 +5.020419228e+26 +5.020419228e+26 +5.020419228e+26 +5.020419228e+26 +2.2406e+13 +0.0000e+00 +0.0000e+00 +0.0000e+00 +0.0000e+00 +0.0000e+00 +0.0000e+00 +0.0000e+00 +0.0000e+00 +0.0000e+00
2 +3.919415151e+26 +3.919415151e+26 +3.919415151e+26 +3.919415151e+26 +1.9798e+13 +0.0000e+00 +0.0000e+00 +0.0000e+00 +0.0000e+00 +0.0000e+00 +0.0000e+00 +0.0000e+00 +0.0000e+00 +0.0000e+00
4 +8.839214776e+25 +8.839214776e+25 +8.839214776e+25 +8.839214776e+25 +9.4017e+12 +0.0000e+00 +0.0000e+00 +0.0000e+00 +0.0000e+00 +0.0000e+00 +0.0000e+00 +0.0000e+00 +0.0000e+00 +0.0000e+00
7 +3.705282958e+25 +3.705282958e+25 +3.705282958e+25 +3.705282958e+25 +6.0871e+12 +0.0000e+00 +0.0000e+00 +0.0000e+00 +0.0000e+00 +0.0000e+00 +0.0000e+00 +0.0000e+00 +0.0000e+00 +0.0000e+00
14 +2.461717240e+25 +2.461717240e+25 +2.461717240e+25 +2.461717240e+25 +4.9616e+12 +0.0000e+00 +0.0000e+00 +0.0000e+00 +0.0000e+00 +0.0000e+00 +0.0000e+00 +0.0000e+00 +0.0000e+00 +0.0000e+00
15 +9.806557585e+24 +9.806557585e+24 +9.806557585e+24 +9.806557585e+24 +3.1315e+12 +0.0000e+00 +0.0000e+00 +0.0000e+00 +0.0000e+00 +0.0000e+00 +0.0000e+00 +0.0000e+00 +0.0000e+00 +0.0000e+00
43 +1.528106134e+24 +1.528106134e+24 +1.528106134e+24 +1.528106134e+24 +1.2362e+12 +0.0000e+00 +0.0000e+00 +0.0000e+00 +0.0000e+00 +0.0000e+00 +0.0000e+00 +0.0000e+00 +0.0000e+00 +0.0000e+00
53 +2.490992218e+23 +2.490992218e+23 +2.490992218e+23 +2.490992218e+23 +4.9910e+11 +0.0000e+00 +0.0000e+00 +0.0000e+00 +0.0000e+00 +0.0000e+00 +0.0000e+00 +0.0000e+00 +0.0000e+00 +0.0000e+00
% function evaluation | noise-free fitness - Fopt (9.478000000000e+01) | best noise-free fitness - Fopt | measured fitness | best measured fitness | x1 | x2...
1 +1.118633585e+27 +1.118633585e+27 +1.118633585e+27 +1.118633585e+27 +3.3446e+13 +0.0000e+00 +0.0000e+00 +0.0000e+00 +0.0000e+00 +0.0000e+00 +0.0000e+00 +0.0000e+00 +0.0000e+00 +0.0000e+00
2 +4.431843078e+26 +4.431843078e+26 +4.431843078e+26 +4.431843078e+26 +2.1052e+13 +0.0000e+00 +0.0000e+00 +0.0000e+00 +0.0000e+00 +0.0000e+00 +0.0000e+00 +0.0000e+00 +0.0000e+00 +0.0000e+00
4 +2.906061840e+26 +2.906061840e+26 +2.906061840e+26 +2.906061840e+26 +1.7047e+13 +0.0000e+00 +0.0000e+00 +0.0000e+00 +0.0000e+00 +0.0000e+00 +0.0000e+00 +0.0000e+00 +0.0000e+00 +0.0000e+00
5 +6.893930777e+25 +6.893930777e+25 +6.893930777e+25 +6.893930777e+25 +8.3030e+12 +0.0000e+00 +0.0000e+00 +0.0000e+00 +0.0000e+00 +0.0000e+00 +0.0000e+00 +0.0000e+00 +0.0000e+00 +0.0000e+00
22 +1.777562768e+24 +1.777562768e+24 +1.777562768e+24 +1.777562768e+24 +1.3333e+12 +0.0000e+00 +0.0000e+00 +0.0000e+00 +0.0000e+00 +0.0000e+00 +0.0000e+00 +0.0000e+00 +0.0000e+00 +0.0000e+00
25 +6.874502421e+23 +6.874502421e+23 +6.874502421e+23 +6.874502421e+23 +8.2913e+11 +0.0000e+00 +0.0000e+00 +0.0000e+00 +0.0000e+00 +0.0000e+00 +0.0000e+00 +0.0000e+00 +0.0000e+00 +0.0000e+00
33 +5.355829209e+23 +5.355829209e+23 +5.355829209e+23 +5.355829209e+23 +7.3184e+11 +0.0000e+00 +0.0000e+00 +0.0000e+00 +0.0000e+00 +0.0000e+00 +0.0000e+00 +0.0000e+00 +0.0000e+00 +0.0000e+00
84 +9.555845672e+22 +9.555845672e+22 +9.555845672e+22 +9.555845672e+22 +3.0913e+11 +0.0000e+00 +0.0000e+00 +0.0000e+00 +0.0000e+00 +0.0000e+00 +0.0000e+00 +0.0000e+00 +0.0000e+00 +0.0000e+00
% function evaluation | noise-free fitness - Fopt (2.339200000000e+02) | best noise-free fitness - Fopt | measured fitness | best measured fitness | x1 | x2...
1 +1.795226596e+26 +1.795226596e+26 +1.795226596e+26 +1.795226596e+26 +1.3399e+13 +0.0000e+00 +0.0000e+00 +0.0000e+00 +0.0000e+00 +0.0000e+00 +0.0000e+00 +0.0000e+00 +0.0000e+00 +0.0000e+00
2 +2.358220482e+25 +2.358220482e+25 +2.358220482e+25 +2.358220482e+25 +4.8562e+12 +0.0000e+00 +0.0000e+00 +0.0000e+00 +0.0000e+00 +0.0000e+00 +0.0000e+00 +0.0000e+00 +0.0000e+00 +0.0000e+00
10 +1.533562454e+25 +1.533562454e+25 +1.533562454e+25 +1.533562454e+25 +3.9161e+12 +0.0000e+00 +0.0000e+00 +0.0000e+00 +0.0000e+00 +0.0000e+00 +0.0000e+00 +0.0000e+00 +0.0000e+00 +0.0000e+00
11 +3.085087818e+24 +3.085087818e+24 +3.085087818e+24 +3.085087818e+24 +1.7564e+12 +0.0000e+00 +0.0000e+00 +0.0000e+00 +0.0000e+00 +0.0000e+00 +0.0000e+00 +0.0000e+00 +0.0000e+00 +0.0000e+00
76 +8.110106101e+19 +8.110106101e+19 +8.110106101e+19 +8.110106101e+19 +9.0056e+09 +0.0000e+00 +0.0000e+00 +0.0000e+00 +0.0000e+00 +0.0000e+00 +0.0000e+00 +0.0000e+00 +0.0000e+00 +0.0000e+00
% function evaluation | noise-free fitness - Fopt (-6.092000000000e+01) | best noise-free fitness - Fopt | measured fitness | best measured fitness | x1 | x2...
1 +4.114263436e+25 +4.114263436e+25 +4.114263436e+25 +4.114263436e+25 +6.4143e+12 +0.0000e+00 +0.0000e+00 +0.0000e+00 +0.0000e+00 +0.0000e+00 +0.0000e+00 +0.0000e+00 +0.0000e+00 +0.0000e+00
8 +2.398003230e+25 +2.398003230e+25 +2.398003230e+25 +2.398003230e+25 +4.8969e+12 +0.0000e+00 +0.0000e+00 +0.0000e+00 +0.0000e+00 +0.0000e+00 +0.0000e+00 +0.0000e+00 +0.0000e+00 +0.0000e+00
9 +1.302666210e+25 +1.302666210e+25 +1.302666210e+25 +1.302666210e+25 +3.6092e+12 +0.0000e+00 +0.0000e+00 +0.0000e+00 +0.0000e+00 +0.0000e+00 +0.0000e+00 +0.0000e+00 +0.0000e+00 +0.0000e+00
13 +8.535464525e+23 +8.535464525e+23 +8.535464525e+23 +8.535464525e+23 +9.2388e+11 +0.0000e+00 +0.0000e+00 +0.0000e+00 +0.0000e+00 +0.0000e+00 +0.0000e+00 +0.0000e+00 +0.0000e+00 +0.0000e+00
64 +5.449307392e+22 +5.449307392e+22 +5.449307392e+22 +5.449307392e+22 +2.3344e+11 +0.0000e+00 +0.0000e+00 +0.0000e+00 +0.0000e+00 +0.0000e+00 +0.0000e+00 +0.0000e+00 +0.0000e+00 +0.0000e+00
% function evaluation | noise-free fitness - Fopt (-1.948000000000e+01) | best noise-free fitness - Fopt | measured fitness | best measured fitness | x1 | x2...
1 +2.004676945e+26 +2.004676945e+26 +2.004676945e+26 +2.004676945e+26 +1.4159e+13 +0.0000e+00 +0.0000e+00 +0.0000e+00 +0.0000e+00 +0.0000e+00 +0.0000e+00 +0.0000e+00 +0.0000e+00 +0.0000e+00
3 +2.149800933e+25 +2.149800933e+25 +2.149800933e+25 +2.149800933e+25 +4.6366e+12 +0.0000e+00 +0.0000e+00 +0.0000e+00 +0.0000e+00 +0.0000e+00 +0.0000e+00 +0.0000e+00 +0.0000e+00 +0.0000e+00
6 +9.522431828e+23 +9.522431828e+23 +9.522431828e+23 +9.522431828e+23 +9.7583e+11 +0.0000e+00 +0.0000e+00 +0.0000e+00 +0.0000e+00 +0.0000e+00 +0.0000e+00 +0.0000e+00 +0.0000e+00 +0.0000e+00
65 +5.867431768e+23 +5.867431768e+23 +5.867431768e+23 +5.867431768e+23 +7.6599e+11 +0.0000e+00 +0.0000e+00 +0.0000e+00 +0.0000e+00 +0.0000e+00 +0.0000e+00 +0.0000e+00 +0.0000e+00 +0.0000e+00
% function evaluation | noise-free fitness - Fopt (1.344700000000e+02) | best noise-free fitness - Fopt | measured fitness | best measured fitness | x1 | x2...
1 +2.501239540e+26 +2.501239540e+26 +2.501239540e+26 +2.501239540e+26 +1.5815e+13 +0.0000e+00 +0.0000e+00 +0.0000e+00 +0.0000e+00 +0.0000e+00 +0.0000e+00 +0.0000e+00 +0.0000e+00 +0.0000e+00
2 +9.891142247e+25 +9.891142247e+25 +9.891142247e+25 +9.891142247e+25 +9.9454e+12 +0.0000e+00 +0.0000e+00 +0.0000e+00 +0.0000e+00 +0.0000e+00 +0.0000e+00 +0.0000e+00 +0.0000e+00 +0.0000e+00
11 +4.101425209e+24 +4.101425209e+24 +4.101425209e+24 +4.101425209e+24 +2.0252e+12 +0.0000e+00 +0.0000e+00 +0.0000e+00 +0.0000e+00 +0.0000e+00 +0.0000e+00 +0.0000e+00 +0.0000e+00 +0.0000e+00
26 +3.274999309e+24 +3.274999309e+24 +3.274999309e+24 +3.274999309e+24 +1.8097e+12 +0.0000e+00 +0.0000e+00 +0.0000e+00 +0.0000e+00 +0.0000e+00 +0.0000e+00 +0.0000e+00 +0.0000e+00 +0.0000e+00
93 +6.498125782e+23 +6.498125782e+23 +6.498125782e+23 +6.498125782e+23 +8.0611e+11 +0.0000e+00 +0.0000e+00 +0.0000e+00 +0.0000e+00 +0.0000e+00 +0.0000e+00 +0.0000e+00 +0.0000e+00 +0.0000e+00
% function evaluation | noise-free fitness - Fopt (4.453500000000e+02) | best noise-free fitness - Fopt | measured fitness | best measured fitness | x1 | x2...
1 +9.847219559e+26 +9.847219559e+26 +9.847219559e+26 +9.847219559e+26 +3.1380e+13 +0.0000e+00 +0.0000e+00 +0.0000e+00 +0.0000e+00 +0.0000e+00 +0.0000e+00 +0.0000e+00 +0.0000e+00 +0.0000e+00
2 +2.535157330e+26 +2.535157330e+26 +2.535157330e+26 +2.535157330e+26 +1.5922e+13 +0.0000e+00 +0.0000e+00 +0.0000e+00 +0.0000e+00 +0.0000e+00 +0.0000e+00 +0.0000e+00 +0.0000e+00 +0.0000e+00
7 +1.066530769e+26 +1.066530769e+26 +1.066530769e+26 +1.066530769e+26 +1.0327e+13 +0.0000e+00 +0.0000e+00 +0.0000e+00 +0.0000e+00 +0.0000e+00 +0.0000e+00 +0.0000e+00 +0.0000e+00 +0.0000e+00
11 +5.368561023e+25 +5.368561023e+25 +5.368561023e+25 +5.368561023e+25 +7.3270e+12 +0.0000e+00 +0.0000e+00 +0.0000e+00 +0.0000e+00 +0.0000e+00 +0.0000e+00 +0.0000e+00 +0.0000e+00 +0.0000e+00
20 +1.872623840e+25 +1.872623840e+25 +1.872623840e+25 +1.872623840e+25 +4.3274e+12 +0.0000e+00 +0.0000e+00 +0.0000e+00 +0.0000e+00 +0.0000e+00 +0.0000e+00 +0.0000e+00 +0.0000e+00 +0.0000e+00
29 +1.521844300e+23 +1.521844300e+23 +1.521844300e+23 +1.521844300e+23 +3.9011e+11 +0.0000e+00 +0.0000e+00 +0.0000e+00 +0.0000e+00 +0.0000e+00 +0.0000e+00 +0.0000e+00 +0.0000e+00 +0.0000e+00
