% function evaluation | noise-free fitness - Fopt (7.948000000000e+01) | best noise-free fitness - Fopt | measured fitness | best measured fitness | x1 | x2...
1 +6.784041617e+03 +6.784041617e+03 +6.863521617e+03 +6.863521617e+03 +6.0000e+00 +1.4000e+01 +1.0000e+01 +2.9000e+01 +6.0000e+00 +6.0000e+00 +1.5000e+01 +2.4000e+01 +2.1000e+01 +6.0000e+00 +2.9000e+01 +2.4000e+01 +1.9000e+01 +1.4000e+01 +2.8000e+01 +1.5000e+01 +2.1000e+01 +2.3000e+01 +1.5000e+01 +6.0000e+00
3 +6.295825617e+03 +6.295825617e+03 +6.375305617e+03 +6.375305617e+03 +1.3000e+01 +1.7000e+01 +2.5000e+01 +2.3000e+01 +1.3000e+01 +9.0000e+00 +2.0000e+01 +1.8000e+01 +2.6000e+01 +9.0000e+00 +2.3000e+01 +1.8000e+01 +1.6000e+01 +9.0000e+00 +4.0000e+00 +2.0000e+01 +2.6000e+01 +7.0000e+00 +2.0000e+01 +9.0000e+00
10 +3.492966417e+03 +3.492966417e+03 +3.572446417e+03 +3.572446417e+03 +3.0000e+00 +8.0000e+00 +5.0000e+00 +2.7000e+01 +0.0000e+00 +0.0000e+00 +1.6000e+01 +0.0000e+00 +1.8000e+01 +0.0000e+00 +2.7000e+01 +0.0000e+00 +1.1000e+01 +1.7000e+01 +9.0000e+00 +1.6000e+01 +1.8000e+01 +0.0000e+00 +1.6000e+01 +0.0000e+00
77 +2.173289617e+03 +2.173289617e+03 +2.252769617e+03 +2.252769617e+03 +1.0000e+01 +6.0000e+00 +1.4000e+01 +1.0000e+01 +1.0000e+01 +1.0000e+01 +1.0000e+01 +6.0000e+00 +1.0000e+01 +1.0000e+01 +1.0000e+01 +1.0000e+01 +1.0000e+01 +6.0000e+00 +1.0000e+01 +1.4000e+01 +1.0000e+01 +1.0000e+01 +1.0000e+01 +1.4000e+01
107 +1.335096017e+03 +1.335096017e+03 +1.414576017e+03 +1.414576017e+03 +7.0000e+00 +7.0000e+00 +7.0000e+00 +7.0000e+00 +7.0000e+00 +7.0000e+00 +1.1000e+01 +1.1000e+01 +7.0000e+00 +7.0000e+00 +7.0000e+00 +7.0000e+00 +7.0000e+00 +7.0000e+00 +1.1000e+01 +7.0000e+00 +7.0000e+00 +7.0000e+00 +7.0000e+00 +1.1000e+01
126 +8.964848173e+02 +8.964848173e+02 +9.759648173e+02 +9.759648173e+02 +2.0000e+00 +2.0000e+00 +2.0000e+00 +1.1000e+01 +2.0000e+00 +2.0000e+00 +1.1000e+01 +1.1000e+01 +1.8000e+01 +2.0000e+00 +2.0000e+00 +2.0000e+00 +2.0000e+00 +2.0000e+00 +1.1000e+01 +2.0000e+00 +2.0000e+00 +0.0000e+00 +2.0000e+00 +0.0000e+00
136 +3.146272173e+02 +3.146272173e+02 +3.941072173e+02 +3.941072173e+02 +0.0000e+00 +1.0000e+00 +1.0000e+00 +1.0000e+00 +1.0000e+01 +1.0000e+00 +1.0000e+00 +1.0000e+00 +1.0000e+00 +0.0000e+00 +1.0000e+00 +1.0000e+01 +1.0000e+00 +1.0000e+00 +1.0000e+00 +1.0000e+00 +1.0000e+00 +1.0000e+00 +1.0000e+00 +1.0000e+00
139 +2.123136173e+02 +2.123136173e+02 +2.917936173e+02 +2.917936173e+02 +0.0000e+00 +5.0000e+00 +1.0000e+00 +1.0000e+00 +4.0000e+00 +1.0000e+00 +1.0000e+00 +1.0000e+00 +1.0000e+00 +4.0000e+00 +1.0000e+00 +4.0000e+00 +1.0000e+00 +1.0000e+00 +1.0000e+00 +1.0000e+00 +1.0000e+00 +1.0000e+00 +1.0000e+00 +1.0000e+00
149 +9.619521728e+01 +9.619521728e+01 +1.756752173e+02 +1.756752173e+02 +0.0000e+00 +0.0000e+00 +0.0000e+00 +0.0000e+00 +0.0000e+00 +0.0000e+00 +0.0000e+00 +0.0000e+00 +0.0000e+00 +0.0000e+00 +0.0000e+00 +3.0000e+00 +0.0000e+00 +3.0000e+00 +0.0000e+00 +0.0000e+00 +0.0000e+00 +0.0000e+00 +0.0000e+00 +0.0000e+00
% function evaluation | noise-free fitness - Fopt (3.944800000000e+02) | best noise-free fitness - Fopt | measured fitness | best measured fitness | x1 | x2...
1 +9.720578082e+03 +9.720578082e+03 +1.011505808e+04 +1.011505808e+04 +2.8000e+01 +2.4000e+01 +3.0000e+01 +2.5000e+01 +2.5000e+01 +3.0000e+01 +2.3000e+01 +2.5000e+01 +1.4000e+01 +6.0000e+00 +1.9000e+01 +8.0000e+00 +3.0000e+01 +0.0000e+00 +3.0000e+00 +6.0000e+00 +2.3000e+01 +2.8000e+01 +2.5000e+01 +3.0000e+00
2 +4.723678882e+03 +4.723678882e+03 +5.118158882e+03 +5.118158882e+03 +6.0000e+00 +1.1000e+01 +6.0000e+00 +1.7000e+01 +1.7000e+01 +1.6000e+01 +0.0000e+00 +1.9000e+01 +3.0000e+01 +1.0000e+00 +9.0000e+00 +2.8000e+01 +6.0000e+00 +8.0000e+00 +2.0000e+01 +1.0000e+00 +2.0000e+00 +7.0000e+00 +1.9000e+01 +2.0000e+01
25 +2.964888482e+03 +2.964888482e+03 +3.359368482e+03 +3.359368482e+03 +0.0000e+00 +7.0000e+00 +0.0000e+00 +2.0000e+00 +1.8000e+01 +4.0000e+00 +1.5000e+01 +1.5000e+01 +2.1000e+01 +2.0000e+00 +1.5000e+01 +1.5000e+01 +2.0000e+00 +2.0000e+00 +1.5000e+01 +4.0000e+00 +1.8000e+01 +2.0000e+00 +2.1000e+01 +2.0000e+00
41 +1.754552482e+03 +1.754552482e+03 +2.149032482e+03 +2.149032482e+03 +0.0000e+00 +0.0000e+00 +0.0000e+00 +1.0000e+01 +2.0000e+01 +1.1000e+01 +0.0000e+00 +1.9000e+01 +2.0000e+00 +1.0000e+01 +0.0000e+00 +2.0000e+00 +0.0000e+00 +2.0000e+00 +2.0000e+00 +2.0000e+00 +2.0000e+00 +2.0000e+01 +0.0000e+00 +2.0000e+00
71 +1.360630882e+03 +1.360630882e+03 +1.755110882e+03 +1.755110882e+03 +0.0000e+00 +0.0000e+00 +0.0000e+00 +0.0000e+00 +0.0000e+00 +0.0000e+00 +1.7000e+01 +0.0000e+00 +0.0000e+00 +0.0000e+00 +1.7000e+01 +1.7000e+01 +0.0000e+00 +0.0000e+00 +0.0000e+00 +1.6000e+01 +8.0000e+00 +1.6000e+01 +0.0000e+00 +0.0000e+00
111 +8.325076819e+02 +8.325076819e+02 +1.226987682e+03 +1.226987682e+03 +0.0000e+00 +0.0000e+00 +0.0000e+00 +0.0000e+00 +0.0000e+00 +1.3000e+01 +1.2000e+01 +0.0000e+00 +0.0000e+00 +0.0000e+00 +0.0000e+00 +0.0000e+00 +0.0000e+00 +0.0000e+00 +0.0000e+00 +0.0000e+00 +1.3000e+01 +0.0000e+00 +0.0000e+00 +1.3000e+01
132 +5.628772819e+02 +5.628772819e+02 +9.573572819e+02 +9.573572819e+02 +7.0000e+00 +0.0000e+00 +0.0000e+00 +7.0000e+00 +7.0000e+00 +7.0000e+00 +0.0000e+00 +7.0000e+00 +0.0000e+00 +0.0000e+00 +0.0000e+00 +7.0000e+00 +7.0000e+00 +0.0000e+00 +0.0000e+00 +7.0000e+00 +0.0000e+00 +7.0000e+00 +0.0000e+00 +0.0000e+00
152 +3.480388819e+02 +3.480388819e+02 +7.425188819e+02 +7.425188819e+02 +0.0000e+00 +5.0000e+00 +0.0000e+00 +0.0000e+00 +0.0000e+00 +0.0000e+00 +0.0000e+00 +5.0000e+00 +0.0000e+00 +0.0000e+00 +5.0000e+00 +0.0000e+00 +5.0000e+00 +0.0000e+00 +0.0000e+00 +0.0000e+00 +5.0000e+00 +5.0000e+00 +3.0000e+00 +0.0000e+00
162 +1.493060819e+02 +1.493060819e+02 +5.437860819e+02 +5.437860819e+02 +0.0000e+00 +0.0000e+00 +0.0000e+00 +0.0000e+00 +0.0000e+00 +0.0000e+00 +0.0000e+00 +2.0000e+00 +0.0000e+00 +0.0000e+00 +0.0000e+00 +0.0000e+00 +0.0000e+00 +2.0000e+00 +0.0000e+00 +2.0000e+00 +0.0000e+00 +0.0000e+00 +4.0000e+00 +0.0000e+00
% function evaluation | noise-free fitness - Fopt (-2.471100000000e+02) | best noise-free fitness - Fopt | measured fitness | best measured fitness | x1 | x2...
1 +5.724899796e+03 +5.724899796e+03 +5.477789796e+03 +5.477789796e+03 +2.9000e+01 +2.1000e+01 +2.0000e+00 +1.4000e+01 +2.9000e+01 +7.0000e+00 +2.0000e+00 +3.0000e+01 +1.5000e+01 +2.0000e+00 +1.5000e+01 +0.0000e+00 +1.4000e+01 +2.0000e+00 +2.0000e+00 +2.9000e+01 +0.0000e+00 +0.0000e+00 +1.4000e+01 +1.5000e+01
17 +3.767152596e+03 +3.767152596e+03 +3.520042596e+03 +3.520042596e+03 +1.6000e+01 +1.1000e+01 +5.0000e+00 +1.2000e+01 +8.0000e+00 +8.0000e+00 +1.2000e+01 +2.0000e+00 +8.0000e+00 +2.9000e+01 +2.3000e+01 +8.0000e+00 +1.6000e+01 +2.0000e+00 +2.3000e+01 +1.8000e+01 +8.0000e+00 +1.2000e+01 +2.4000e+01 +2.0000e+00
41 +1.966782996e+03 +1.966782996e+03 +1.719672996e+03 +1.719672996e+03 +2.6000e+01 +1.0000e+00 +0.0000e+00 +1.0000e+01 +1.1000e+01 +1.0000e+01 +1.0000e+01 +1.0000e+01 +2.0000e+00 +1.0000e+01 +0.0000e+00 +0.0000e+00 +1.7000e+01 +2.0000e+00 +1.0000e+01 +0.0000e+00 +0.0000e+00 +2.0000e+00 +1.1000e+01 +1.0000e+00
51 +6.158613958e+02 +6.158613958e+02 +3.687513958e+02 +3.687513958e+02 +1.0000e+00 +9.0000e+00 +0.0000e+00 +0.0000e+00 +0.0000e+00 +9.0000e+00 +1.0000e+00 +0.0000e+00 +0.0000e+00 +0.0000e+00 +1.6000e+01 +9.0000e+00 +0.0000e+00 +9.0000e+00 +0.0000e+00 +0.0000e+00 +9.0000e+00 +1.0000e+00 +9.0000e+00 +0.0000e+00
77 +3.167765958e+02 +3.167765958e+02 +6.966659584e+01 +6.966659584e+01 +2.0000e+00 +6.0000e+00 +2.0000e+00 +2.0000e+00 +6.0000e+00 +2.0000e+00 +2.0000e+00 +0.0000e+00 +2.0000e+00 +6.0000e+00 +2.0000e+00 +6.0000e+00 +2.0000e+00 +6.0000e+00 +2.0000e+00 +6.0000e+00 +6.0000e+00 +2.0000e+00 +2.0000e+00 +0.0000e+00
81 +1.888533958e+02 +1.888533958e+02 -5.825660416e+01 -5.825660416e+01 +0.0000e+00 +0.0000e+00 +0.0000e+00 +0.0000e+00 +0.0000e+00 +0.0000e+00 +0.0000e+00 +0.0000e+00 +0.0000e+00 +0.0000e+00 +0.0000e+00 +0.0000e+00 +0.0000e+00 +0.0000e+00 +1.3000e+01 +0.0000e+00 +0.0000e+00 +0.0000e+00 +0.0000e+00 +0.0000e+00
97 +1.367925958e+02 +1.367925958e+02 -1.103174042e+02 -1.103174042e+02 +0.0000e+00 +0.0000e+00 +0.0000e+00 +0.0000e+00 +0.0000e+00 +0.0000e+00 +0.0000e+00 +0.0000e+00 +4.0000e+00 +0.0000e+00 +0.0000e+00 +0.0000e+00 +0.0000e+00 +4.0000e+00 +4.0000e+00 +4.0000e+00 +4.0000e+00 +0.0000e+00 +0.0000e+00 +0.0000e+00
% function evaluation | noise-free fitness - Fopt (-1.520400000000e+02) | best noise-free fitness - Fopt | measured fitness | best measured fitness | x1 | x2...
1 +7.342728835e+03 +7.342728835e+03 +7.190688835e+03 +7.190688835e+03 +4.0000e+00 +2.0000e+01 +2.0000e+01 +2.8000e+01 +9.0000e+00 +2.6000e+01 +1.3000e+01 +1.9000e+01 +2.7000e+01 +1.0000e+01 +1.0000e+01 +2.7000e+01 +2.0000e+01 +1.0000e+01 +2.6000e+01 +1.9000e+01 +2.6000e+01 +9.0000e+00 +1.3000e+01 +2.4000e+01
2 +5.629746435e+03 +5.629746435e+03 +5.477706435e+03 +5.477706435e+03 +1.8000e+01 +2.1000e+01 +8.0000e+00 +0.0000e+00 +1.5000e+01 +2.2000e+01 +1.8000e+01 +0.0000e+00 +1.9000e+01 +7.0000e+00 +1.4000e+01 +1.9000e+01 +8.0000e+00 +7.0000e+00 +2.2000e+01 +2.7000e+01 +2.2000e+01 +8.0000e+00 +1.8000e+01 +3.0000e+01
20 +3.335428035e+03 +3.335428035e+03 +3.183388035e+03 +3.183388035e+03 +0.0000e+00 +1.6000e+01 +2.0000e+01 +9.0000e+00 +0.0000e+00 +9.0000e+00 +9.0000e+00 +4.0000e+00 +4.0000e+00 +4.0000e+00 +9.0000e+00 +2.8000e+01 +0.0000e+00 +3.0000e+00 +9.0000e+00 +9.0000e+00 +1.6000e+01 +2.0000e+01 +2.0000e+01 +1.5000e+01
50 +2.108808835e+03 +2.108808835e+03 +1.956768835e+03 +1.956768835e+03 +6.0000e+00 +6.0000e+00 +1.7000e+01 +1.2000e+01 +6.0000e+00 +6.0000e+00 +1.3000e+01 +6.0000e+00 +5.0000e+00 +6.0000e+00 +6.0000e+00 +1.3000e+01 +1.3000e+01 +0.0000e+00 +1.3000e+01 +1.3000e+01 +6.0000e+00 +1.7000e+01 +6.0000e+00 +6.0000e+00
60 +1.156949635e+03 +1.156949635e+03 +1.004909635e+03 +1.004909635e+03 +5.0000e+00 +5.0000e+00 +5.0000e+00 +4.0000e+00 +1.6000e+01 +1.6000e+01 +5.0000e+00 +1.2000e+01 +1.2000e+01 +4.0000e+00 +5.0000e+00 +5.0000e+00 +4.0000e+00 +4.0000e+00 +5.0000e+00 +4.0000e+00 +5.0000e+00 +5.0000e+00 +5.0000e+00 +1.1000e+01
70 +8.088120352e+02 +8.088120352e+02 +6.567720352e+02 +6.567720352e+02 +4.0000e+00 +4.0000e+00 +3.0000e+00 +4.0000e+00 +1.5000e+01 +1.5000e+01 +1.0000e+01 +3.0000e+00 +3.0000e+00 +4.0000e+00 +3.0000e+00 +4.0000e+00 +4.0000e+00 +3.0000e+00 +4.0000e+00 +4.0000e+00 +4.0000e+00 +4.0000e+00 +3.0000e+00 +1.1000e+01
80 +5.289032352e+02 +5.289032352e+02 +3.768632352e+02 +3.768632352e+02 +3.0000e+00 +3.0000e+00 +3.0000e+00 +1.0000e+01 +2.0000e+00 +2.0000e+00 +2.0000e+00 +2.0000e+00 +3.0000e+00 +1.4000e+01 +3.0000e+00 +2.0000e+00 +3.0000e+00 +1.4000e+01 +3.0000e+00 +1.0000e+01 +3.0000e+00 +3.0000e+00 +3.0000e+00 +3.0000e+00
90 +1.744088352e+02 +1.744088352e+02 +2.236883520e+01 +2.236883520e+01 +2.0000e+00 +2.0000e+00 +1.0000e+00 +2.0000e+00 +2.0000e+00 +2.0000e+00 +2.0000e+00 +2.0000e+00 +2.0000e+00 +9.0000e+00 +2.0000e+00 +2.0000e+00 +2.0000e+00 +1.0000e+00 +2.0000e+00 +1.0000e+00 +2.0000e+00 +2.0000e+00 +2.0000e+00 +1.0000e+00
100 +1.248232352e+02 +1.248232352e+02 -2.721676480e+01 -2.721676480e+01 +0.0000e+00 +1.0000e+00 +1.0000e+00 +0.0000e+00 +1.0000e+00 +0.0000e+00 +1.0000e+00 +1.0000e+00 +1.0000e+00 +0.0000e+00 +1.0000e+00 +1.0000e+00 +1.0000e+00 +8.0000e+00 +1.0000e+00 +1.0000e+00 +1.0000e+00 +1.0000e+00 +0.0000e+00 +1.0000e+00
% function evaluation | noise-free fitness - Fopt (-2.525000000000e+01) | best noise-free fitness - Fopt | measured fitness | best measured fitness | x1 | x2...
1 +1.051181083e+04 +1.051181083e+04 +1.048656083e+04 +1.048656083e+04 +1.2000e+01 +2.5000e+01 +4.0000e+00 +3.0000e+01 +1.8000e+01 +4.0000e+00 +3.0000e+01 +2.7000e+01 +1.8000e+01 +3.0000e+01 +2.7000e+01 +2.7000e+01 +1.9000e+01 +2.5000e+01 +3.0000e+01 +2.0000e+01 +1.9000e+01 +1.9000e+01 +6.0000e+00 +3.0000e+01
2 +4.820500428e+03 +4.820500428e+03 +4.795250428e+03 +4.795250428e+03 +1.4000e+01 +2.1000e+01 +1.0000e+00 +1.5000e+01 +2.0000e+01 +1.0000e+00 +1.2000e+01 +2.8000e+01 +2.0000e+01 +1.2000e+01 +2.8000e+01 +0.0000e+00 +2.0000e+00 +2.1000e+01 +1.2000e+01 +2.6000e+01 +2.0000e+00 +2.0000e+00 +1.0000e+00 +1.2000e+01
5 +3.527497228e+03 +3.527497228e+03 +3.502247228e+03 +3.502247228e+03 +2.9000e+01 +1.6000e+01 +1.4000e+01 +2.6000e+01 +0.0000e+00 +1.4000e+01 +8.0000e+00 +1.3000e+01 +0.0000e+00 +8.0000e+00 +1.3000e+01 +7.0000e+00 +9.0000e+00 +1.6000e+01 +8.0000e+00 +0.0000e+00 +9.0000e+00 +9.0000e+00 +1.1000e+01 +8.0000e+00
25 +1.663370828e+03 +1.663370828e+03 +1.638120828e+03 +1.638120828e+03 +1.4000e+01 +1.1000e+01 +1.2000e+01 +1.1000e+01 +1.1000e+01 +1.2000e+01 +6.0000e+00 +6.0000e+00 +6.0000e+00 +6.0000e+00 +5.0000e+00 +0.0000e+00 +6.0000e+00 +1.1000e+01 +1.1000e+01 +1.1000e+01 +1.2000e+01 +6.0000e+00 +0.0000e+00 +6.0000e+00
35 +1.090830028e+03 +1.090830028e+03 +1.065580028e+03 +1.065580028e+03 +1.0000e+01 +1.3000e+01 +5.0000e+00 +0.0000e+00 +0.0000e+00 +0.0000e+00 +1.3000e+01 +5.0000e+00 +5.0000e+00 +5.0000e+00 +5.0000e+00 +5.0000e+00 +5.0000e+00 +1.0000e+01 +5.0000e+00 +5.0000e+00 +0.0000e+00 +1.0000e+01 +5.0000e+00 +1.0000e+01
45 +9.859116282e+02 +9.859116282e+02 +9.606616282e+02 +9.606616282e+02 +4.0000e+00 +4.0000e+00 +4.0000e+00 +0.0000e+00 +4.0000e+00 +4.0000e+00 +4.0000e+00 +1.2000e+01 +4.0000e+00 +1.2000e+01 +4.0000e+00 +4.0000e+00 +4.0000e+00 +9.0000e+00 +9.0000e+00 +4.0000e+00 +9.0000e+00 +0.0000e+00 +9.0000e+00 +9.0000e+00
75 +5.548924282e+02 +5.548924282e+02 +5.296424282e+02 +5.296424282e+02 +1.0000e+00 +1.0000e+00 +1.0000e+00 +6.0000e+00 +1.0000e+00 +1.0000e+00 +9.0000e+00 +1.0000e+00 +1.0000e+00 +6.0000e+00 +1.0000e+00 +6.0000e+00 +1.0000e+00 +1.0000e+00 +1.0000e+00 +1.0000e+00 +1.0000e+00 +9.0000e+00 +1.0000e+00 +9.0000e+00
85 +2.902364282e+02 +2.902364282e+02 +2.649864282e+02 +2.649864282e+02 +0.0000e+00 +0.0000e+00 +0.0000e+00 +0.0000e+00 +8.0000e+00 +5.0000e+00 +8.0000e+00 +0.0000e+00 +0.0000e+00 +0.0000e+00 +0.0000e+00 +8.0000e+00 +0.0000e+00 +0.0000e+00 +0.0000e+00 +0.0000e+00 +5.0000e+00 +0.0000e+00 +0.0000e+00 +0.0000e+00
105 +2.479612282e+02 +2.479612282e+02 +2.227112282e+02 +2.227112282e+02 +0.0000e+00 +6.0000e+00 +0.0000e+00 +0.0000e+00 +0.0000e+00 +0.0000e+00 +0.0000e+00 +0.0000e+00 +0.0000e+00 +6.0000e+00 +6.0000e+00 +0.0000e+00 +0.0000e+00 +0.0000e+00 +0.0000e+00 +0.0000e+00 +6.0000e+00 +0.0000e+00 +6.0000e+00 +0.0000e+00
115 +8.407002816e+01 +8.407002816e+01 +5.882002816e+01 +5.882002816e+01 +5.0000e+00 +5.0000e+00 +0.0000e+00 +0.0000e+00 +0.0000e+00 +0.0000e+00 +0.0000e+00 +0.0000e+00 +0.0000e+00 +0.0000e+00 +0.0000e+00 +0.0000e+00 +0.0000e+00 +0.0000e+00 +5.0000e+00 +0.0000e+00 +0.0000e+00 +0.0000e+00 +0.0000e+00 +0.0000e+00
135 +6.119322816e+01 +6.119322816e+01 +3.594322816e+01 +3.594322816e+01 +0.0000e+00 +0.0000e+00 +0.0000e+00 +0.0000e+00 +3.0000e+00 +0.0000e+00 +0.0000e+00 +0.0000e+00 +0.0000e+00 +0.0000e+00 +0.0000e+00 +0.0000e+00 +0.0000e+00 +0.0000e+00 +0.0000e+00 +0.0000e+00 +0.0000e+00 +0.0000e+00 +0.0000e+00 +0.0000e+00
% function evaluation | noise-free fitness - Fopt (2.230000000000e+00) | best noise-free fitness - Fopt | measured fitness | best measured fitness | x1 | x2...
1 +8.923004983e+03 +8.923004983e+03 +8.925234983e+03 +8.925234983e+03 +5.0000e+00 +2.6000e+01 +2.4000e+01 +1.8000e+01 +2.2000e+01 +3.0000e+01 +1.5000e+01 +3.0000e+01 +2.5000e+01 +3.0000e+01 +1.8000e+01 +2.5000e+01 +1.0000e+00 +1.8000e+01 +1.8000e+01 +9.0000e+00 +9.0000e+00 +6.0000e+00 +9.0000e+00 +3.0000e+01
2 +4.698564983e+03 +4.698564983e+03 +4.700794983e+03 +4.700794983e+03 +2.8000e+01 +1.0000e+00 +1.1000e+01 +2.0000e+01 +9.0000e+00 +1.2000e+01 +1.7000e+01 +1.4000e+01 +0.0000e+00 +1.4000e+01 +2.0000e+01 +0.0000e+00 +2.5000e+01 +1.3000e+01 +2.0000e+01 +1.0000e+01 +1.0000e+01 +1.9000e+01 +1.0000e+01 +1.2000e+01
8 +2.179228983e+03 +2.179228983e+03 +2.181458983e+03 +2.181458983e+03 +1.4000e+01 +1.2000e+01 +9.0000e+00 +9.0000e+00 +2.9000e+01 +1.0000e+00 +2.0000e+00 +1.0000e+01 +1.4000e+01 +1.0000e+01 +9.0000e+00 +1.4000e+01 +3.0000e+00 +1.0000e+00 +9.0000e+00 +3.0000e+00 +3.0000e+00 +9.0000e+00 +3.0000e+00 +1.0000e+00
52 +1.206576183e+03 +1.206576183e+03 +1.208806183e+03 +1.208806183e+03 +0.0000e+00 +0.0000e+00 +5.0000e+00 +4.0000e+00 +1.5000e+01 +4.0000e+00 +4.0000e+00 +5.0000e+00 +0.0000e+00 +4.0000e+00 +5.0000e+00 +5.0000e+00 +0.0000e+00 +5.0000e+00 +2.3000e+01 +5.0000e+00 +4.0000e+00 +4.0000e+00 +0.0000e+00 +5.0000e+00
72 +6.532401830e+02 +6.532401830e+02 +6.554701830e+02 +6.554701830e+02 +0.0000e+00 +0.0000e+00 +0.0000e+00 +3.0000e+00 +0.0000e+00 +0.0000e+00 +0.0000e+00 +0.0000e+00 +3.0000e+00 +2.0000e+00 +0.0000e+00 +0.0000e+00 +0.0000e+00 +2.1000e+01 +0.0000e+00 +0.0000e+00 +2.0000e+00 +3.0000e+00 +0.0000e+00 +0.0000e+00
82 +6.233809830e+02 +6.233809830e+02 +6.256109830e+02 +6.256109830e+02 +0.0000e+00 +2.0000e+00 +0.0000e+00 +0.0000e+00 +0.0000e+00 +0.0000e+00 +0.0000e+00 +2.0000e+01 +0.0000e+00 +2.0000e+00 +1.0000e+00 +0.0000e+00 +0.0000e+00 +0.0000e+00 +0.0000e+00 +0.0000e+00 +0.0000e+00 +0.0000e+00 +0.0000e+00 +0.0000e+00
92 +1.085985830e+02 +1.085985830e+02 +1.108285830e+02 +1.108285830e+02 +0.0000e+00 +0.0000e+00 +0.0000e+00 +0.0000e+00 +0.0000e+00 +0.0000e+00 +0.0000e+00 +0.0000e+00 +0.0000e+00 +0.0000e+00 +0.0000e+00 +0.0000e+00 +0.0000e+00 +0.0000e+00 +0.0000e+00 +0.0000e+00 +0.0000e+00 +0.0000e+00 +0.0000e+00 +0.0000e+00
% function evaluation | noise-free fitness - Fopt (-1.308000000000e+01) | best noise-free fitness - Fopt | measured fitness | best measured fitness | x1 | x2...
1 +5.125419347e+03 +5.125419347e+03 +5.112339347e+03 +5.112339347e+03 +2.4000e+01 +4.0000e+00 +2.2000e+01 +1.8000e+01 +1.5000e+01 +1.1000e+01 +2.0000e+01 +2.0000e+00 +1.7000e+01 +1.9000e+01 +2.0000e+01 +1.9000e+01 +1.9000e+01 +1.8000e+01 +2.0000e+00 +6.0000e+00 +6.0000e+00 +2.2000e+01 +1.5000e+01 +2.0000e+01
14 +2.582723347e+03 +2.582723347e+03 +2.569643347e+03 +2.569643347e+03 +1.4000e+01 +3.0000e+00 +1.8000e+01 +6.0000e+00 +1.1000e+01 +0.0000e+00 +0.0000e+00 +1.1000e+01 +0.0000e+00 +6.0000e+00 +0.0000e+00 +1.1000e+01 +2.7000e+01 +2.6000e+01 +0.0000e+00 +0.0000e+00 +0.0000e+00 +3.0000e+00 +1.8000e+01 +3.0000e+00
24 +1.767185747e+03 +1.767185747e+03 +1.754105747e+03 +1.754105747e+03 +0.0000e+00 +0.0000e+00 +5.0000e+00 +1.7000e+01 +0.0000e+00 +0.0000e+00 +0.0000e+00 +0.0000e+00 +1.7000e+01 +0.0000e+00 +0.0000e+00 +2.0000e+00 +0.0000e+00 +1.7000e+01 +0.0000e+00 +1.7000e+01 +5.0000e+00 +2.5000e+01 +0.0000e+00 +0.0000e+00
34 +1.299348947e+03 +1.299348947e+03 +1.286268947e+03 +1.286268947e+03 +4.0000e+00 +1.0000e+00 +0.0000e+00 +0.0000e+00 +0.0000e+00 +0.0000e+00 +0.0000e+00 +1.6000e+01 +0.0000e+00 +0.0000e+00 +0.0000e+00 +0.0000e+00 +0.0000e+00 +0.0000e+00 +2.4000e+01 +1.6000e+01 +0.0000e+00 +0.0000e+00 +0.0000e+00 +0.0000e+00
44 +8.159313466e+02 +8.159313466e+02 +8.028513466e+02 +8.028513466e+02 +0.0000e+00 +0.0000e+00 +0.0000e+00 +0.0000e+00 +0.0000e+00 +1.5000e+01 +0.0000e+00 +0.0000e+00 +1.5000e+01 +0.0000e+00 +0.0000e+00 +0.0000e+00 +0.0000e+00 +0.0000e+00 +0.0000e+00 +0.0000e+00 +0.0000e+00 +1.5000e+01 +0.0000e+00 +0.0000e+00
64 +4.953361466e+02 +4.953361466e+02 +4.822561466e+02 +4.822561466e+02 +0.0000e+00 +0.0000e+00 +0.0000e+00 +0.0000e+00 +0.0000e+00 +0.0000e+00 +0.0000e+00 +1.0000e+00 +0.0000e+00 +0.0000e+00 +1.3000e+01 +0.0000e+00 +1.1000e+01 +0.0000e+00 +0.0000e+00 +1.3000e+01 +0.0000e+00 +0.0000e+00 +0.0000e+00 +0.0000e+00
74 +8.726734656e+01 +8.726734656e+01 +7.418734656e+01 +7.418734656e+01 +0.0000e+00 +0.0000e+00 +0.0000e+00 +0.0000e+00 +0.0000e+00 +0.0000e+00 +0.0000e+00 +0.0000e+00 +0.0000e+00 +0.0000e+00 +0.0000e+00 +0.0000e+00 +0.0000e+00 +0.0000e+00 +0.0000e+00 +0.0000e+00 +0.0000e+00 +0.0000e+00 +0.0000e+00 +0.0000e+00
% function evaluation | noise-free fitness - Fopt (2.671600000000e+02) | best noise-free fitness - Fopt | measured fitness | best measured fitness | x1 | x2...
1 +4.742497784e+03 +4.742497784e+03 +5.009657784e+03 +5.009657784e+03 +3.0000e+00 +1.5000e+01 +6.0000e+00 +3.0000e+00 +3.0000e+00 +1.5000e+01 +1.9000e+01 +9.0000e+00 +9.0000e+00 +2.6000e+01 +1.5000e+01 +9.0000e+00 +1.9000e+01 +6.0000e+00 +9.0000e+00 +1.6000e+01 +1.9000e+01 +2.1000e+01 +9.0000e+00 +2.6000e+01
4 +3.821448184e+03 +3.821448184e+03 +4.088608184e+03 +4.088608184e+03 +0.0000e+00 +2.0000e+00 +6.0000e+00 +2.0000e+00 +2.0000e+00 +0.0000e+00 +1.4000e+01 +0.0000e+00 +1.6000e+01 +2.6000e+01 +0.0000e+00 +1.6000e+01 +2.7000e+01 +6.0000e+00 +0.0000e+00 +3.0000e+00 +1.4000e+01 +2.4000e+01 +0.0000e+00 +2.6000e+01
29 +1.120740984e+03 +1.120740984e+03 +1.387900984e+03 +1.387900984e+03 +1.0000e+01 +1.1000e+01 +0.0000e+00 +0.0000e+00 +1.2000e+01 +0.0000e+00 +0.0000e+00 +0.0000e+00 +0.0000e+00 +0.0000e+00 +0.0000e+00 +1.0000e+01 +0.0000e+00 +0.0000e+00 +1.0000e+01 +1.0000e+01 +0.0000e+00 +0.0000e+00 +1.0000e+01 +1.1000e+01
49 +9.576721843e+02 +9.576721843e+02 +1.224832184e+03 +1.224832184e+03 +0.0000e+00 +0.0000e+00 +0.0000e+00 +1.0000e+01 +8.0000e+00 +1.0000e+01 +0.0000e+00 +8.0000e+00 +0.0000e+00 +0.0000e+00 +8.0000e+00 +0.0000e+00 +8.0000e+00 +8.0000e+00 +8.0000e+00 +8.0000e+00 +0.0000e+00 +0.0000e+00 +8.0000e+00 +0.0000e+00
59 +6.156417843e+02 +6.156417843e+02 +8.828017843e+02 +8.828017843e+02 +0.0000e+00 +0.0000e+00 +7.0000e+00 +7.0000e+00 +7.0000e+00 +0.0000e+00 +7.0000e+00 +7.0000e+00 +7.0000e+00 +0.0000e+00 +0.0000e+00 +0.0000e+00 +7.0000e+00 +0.0000e+00 +0.0000e+00 +0.0000e+00 +0.0000e+00 +0.0000e+00 +0.0000e+00 +7.0000e+00
90 +3.534241843e+02 +3.534241843e+02 +6.205841843e+02 +6.205841843e+02 +0.0000e+00 +0.0000e+00 +0.0000e+00 +0.0000e+00 +0.0000e+00 +0.0000e+00 +0.0000e+00 +0.0000e+00 +0.0000e+00 +0.0000e+00 +0.0000e+00 +0.0000e+00 +0.0000e+00 +0.0000e+00 +7.0000e+00 +0.0000e+00 +8.0000e+00 +8.0000e+00 +8.0000e+00 +0.0000e+00
109 +2.112561843e+02 +2.112561843e+02 +4.784161843e+02 +4.784161843e+02 +2.0000e+00 +2.0000e+00 +0.0000e+00 +2.0000e+00 +2.0000e+00 +2.0000e+00 +2.0000e+00 +2.0000e+00 +0.0000e+00 +2.0000e+00 +2.0000e+00 +2.0000e+00 +0.0000e+00 +2.0000e+00 +0.0000e+00 +0.0000e+00 +2.0000e+00 +0.0000e+00 +2.0000e+00 +2.0000e+00
119 +1.457089843e+02 +1.457089843e+02 +4.128689843e+02 +4.128689843e+02 +1.0000e+00 +1.0000e+00 +0.0000e+00 +1.0000e+00 +1.0000e+00 +1.0000e+00 +1.0000e+00 +1.0000e+00 +1.0000e+00 +0.0000e+00 +1.0000e+00 +0.0000e+00 +1.0000e+00 +1.0000e+00 +0.0000e+00 +0.0000e+00 +0.0000e+00 +0.0000e+00 +1.0000e+00 +0.0000e+00
% function evaluation | noise-free fitness - Fopt (3.710000000000e+00) | best noise-free fitness - Fopt | measured fitness | best measured fitness | x1 | x2...
1 +5.569594909e+03 +5.569594909e+03 +5.573304909e+03 +5.573304909e+03 +2.2000e+01 +1.5000e+01 +6.0000e+00 +1.4000e+01 +2.3000e+01 +1.5000e+01 +2.1000e+01 +1.4000e+01 +1.9000e+01 +1.3000e+01 +1.5000e+01 +2.3000e+01 +7.0000e+00 +1.7000e+01 +1.1000e+01 +6.0000e+00 +2.8000e+01 +7.0000e+00 +1.4000e+01 +6.0000e+00
18 +3.724327709e+03 +3.724327709e+03 +3.728037709e+03 +3.728037709e+03 +1.3000e+01 +1.0000e+00 +6.0000e+00 +8.0000e+00 +6.0000e+00 +1.5000e+01 +1.4000e+01 +8.0000e+00 +0.0000e+00 +1.0000e+00 +1.5000e+01 +1.5000e+01 +1.9000e+01 +1.5000e+01 +1.4000e+01 +1.8000e+01 +1.5000e+01 +2.6000e+01 +3.0000e+00 +1.0000e+00
38 +2.394948509e+03 +2.394948509e+03 +2.398658509e+03 +2.398658509e+03 +8.0000e+00 +4.0000e+00 +0.0000e+00 +0.0000e+00 +1.6000e+01 +1.3000e+01 +0.0000e+00 +1.2000e+01 +1.3000e+01 +1.3000e+01 +1.3000e+01 +1.0000e+00 +1.6000e+01 +1.2000e+01 +0.0000e+00 +0.0000e+00 +1.3000e+01 +1.6000e+01 +1.1000e+01 +1.2000e+01
48 +1.426606109e+03 +1.426606109e+03 +1.430316109e+03 +1.430316109e+03 +1.2000e+01 +0.0000e+00 +1.1000e+01 +1.1000e+01 +0.0000e+00 +0.0000e+00 +3.0000e+00 +1.2000e+01 +0.0000e+00 +0.0000e+00 +0.0000e+00 +1.2000e+01 +0.0000e+00 +3.0000e+00 +3.0000e+00 +1.5000e+01 +3.0000e+00 +0.0000e+00 +1.5000e+01 +0.0000e+00
68 +8.982237094e+02 +8.982237094e+02 +9.019337094e+02 +9.019337094e+02 +0.0000e+00 +0.0000e+00 +1.0000e+01 +1.3000e+01 +0.0000e+00 +0.0000e+00 +0.0000e+00 +0.0000e+00 +0.0000e+00 +0.0000e+00 +0.0000e+00 +1.0000e+01 +0.0000e+00 +0.0000e+00 +0.0000e+00 +0.0000e+00 +0.0000e+00 +0.0000e+00 +9.0000e+00 +1.3000e+01
93 +4.316365094e+02 +4.316365094e+02 +4.353465094e+02 +4.353465094e+02 +3.0000e+00 +3.0000e+00 +6.0000e+00 +3.0000e+00 +6.0000e+00 +3.0000e+00 +3.0000e+00 +6.0000e+00 +3.0000e+00 +3.0000e+00 +6.0000e+00 +3.0000e+00 +3.0000e+00 +3.0000e+00 +3.0000e+00 +3.0000e+00 +3.0000e+00 +3.0000e+00 +3.0000e+00 +0.0000e+00
103 +3.268957094e+02 +3.268957094e+02 +3.306057094e+02 +3.306057094e+02 +2.0000e+00 +2.0000e+00 +5.0000e+00 +5.0000e+00 +2.0000e+00 +2.0000e+00 +2.0000e+00 +2.0000e+00 +2.0000e+00 +2.0000e+00 +2.0000e+00 +2.0000e+00 +2.0000e+00 +5.0000e+00 +2.0000e+00 +2.0000e+00 +2.0000e+00 +5.0000e+00 +2.0000e+00 +0.0000e+00
113 +2.020237094e+02 +2.020237094e+02 +2.057337094e+02 +2.057337094e+02 +1.0000e+00 +1.0000e+00 +4.0000e+00 +1.0000e+00 +1.0000e+00 +0.0000e+00 +1.0000e+00 +1.0000e+00 +1.0000e+00 +1.0000e+00 +1.0000e+00 +1.0000e+00 +1.0000e+00 +1.0000e+00 +1.0000e+00 +1.0000e+00 +4.0000e+00 +4.0000e+00 +1.0000e+00 +1.0000e+00
130 +9.601570944e+01 +9.601570944e+01 +9.972570944e+01 +9.972570944e+01 +0.0000e+00 +0.0000e+00 +0.0000e+00 +0.0000e+00 +0.0000e+00 +0.0000e+00 +0.0000e+00 +0.0000e+00 +0.0000e+00 +0.0000e+00 +0.0000e+00 +0.0000e+00 +0.0000e+00 +0.0000e+00 +0.0000e+00 +0.0000e+00 +0.0000e+00 +0.0000e+00 +0.0000e+00 +0.0000e+00
% function evaluation | noise-free fitness - Fopt (9.478000000000e+01) | best noise-free fitness - Fopt | measured fitness | best measured fitness | x1 | x2...
1 +3.370663033e+03 +3.370663033e+03 +3.465443033e+03 +3.465443033e+03 +1.6000e+01 +9.0000e+00 +6.0000e+00 +1.3000e+01 +1.7000e+01 +9.0000e+00 +4.0000e+00 +2.0000e+00 +1.0000e+00 +8.0000e+00 +2.0000e+00 +2.9000e+01 +8.0000e+00 +2.1000e+01 +1.0000e+00 +1.0000e+00 +1.1000e+01 +2.0000e+00 +3.0000e+01 +1.0000e+00
11 +1.024296633e+03 +1.024296633e+03 +1.119076633e+03 +1.119076633e+03 +0.0000e+00 +0.0000e+00 +0.0000e+00 +1.0000e+00 +0.0000e+00 +8.0000e+00 +2.9000e+01 +8.0000e+00 +1.2000e+01 +8.0000e+00 +5.0000e+00 +0.0000e+00 +0.0000e+00 +0.0000e+00 +7.0000e+00 +0.0000e+00 +0.0000e+00 +5.0000e+00 +1.0000e+00 +0.0000e+00
62 +9.288118330e+02 +9.288118330e+02 +1.023591833e+03 +1.023591833e+03 +3.0000e+00 +9.0000e+00 +9.0000e+00 +9.0000e+00 +3.0000e+00 +3.0000e+00 +0.0000e+00 +3.0000e+00 +9.0000e+00 +9.0000e+00 +9.0000e+00 +0.0000e+00 +3.0000e+00 +9.0000e+00 +9.0000e+00 +0.0000e+00 +3.0000e+00 +0.0000e+00 +9.0000e+00 +9.0000e+00
79 +6.138774330e+02 +6.138774330e+02 +7.086574330e+02 +7.086574330e+02 +0.0000e+00 +0.0000e+00 +0.0000e+00 +0.0000e+00 +1.3000e+01 +0.0000e+00 +0.0000e+00 +0.0000e+00 +1.3000e+01 +0.0000e+00 +0.0000e+00 +1.3000e+01 +0.0000e+00 +0.0000e+00 +0.0000e+00 +0.0000e+00 +1.3000e+01 +0.0000e+00 +0.0000e+00 +0.0000e+00
94 +3.642454330e+02 +3.642454330e+02 +4.590254330e+02 +4.590254330e+02 +4.0000e+00 +4.0000e+00 +4.0000e+00 +4.0000e+00 +4.0000e+00 +4.0000e+00 +4.0000e+00 +4.0000e+00 +0.0000e+00 +4.0000e+00 +0.0000e+00 +4.0000e+00 +4.0000e+00 +4.0000e+00 +4.0000e+00 +4.0000e+00 +0.0000e+00 +4.0000e+00 +4.0000e+00 +4.0000e+00
99 +1.137622330e+02 +1.137622330e+02 +2.085422330e+02 +2.085422330e+02 +0.0000e+00 +0.0000e+00 +0.0000e+00 +0.0000e+00 +0.0000e+00 +0.0000e+00 +0.0000e+00 +0.0000e+00 +0.0000e+00 +0.0000e+00 +0.0000e+00 +0.0000e+00 +0.0000e+00 +0.0000e+00 +0.0000e+00 +0.0000e+00 +0.0000e+00 +0.0000e+00 +0.0000e+00 +0.0000e+00
124 +9.768703296e+01 +9.768703296e+01 +1.924670330e+02 +1.924670330e+02 +1.0000e+00 +0.0000e+00 +1.0000e+00 +0.0000e+00 +1.0000e+00 +1.0000e+00 +1.0000e+00 +1.0000e+00 +1.0000e+00 +1.0000e+00 +1.0000e+00 +1.0000e+00 +1.0000e+00 +1.0000e+00 +1.0000e+00 +0.0000e+00 +0.0000e+00 +1.0000e+00 +1.0000e+00 +1.0000e+00
% function evaluation | noise-free fitness - Fopt (2.339200000000e+02) | best noise-free fitness - Fopt | measured fitness | best measured fitness | x1 | x2...
1 +7.213575820e+03 +7.213575820e+03 +7.447495820e+03 +7.447495820e+03 +3.0000e+01 +2.5000e+01 +1.5000e+01 +1.5000e+01 +1.6000e+01 +3.0000e+01 +2.3000e+01 +1.9000e+01 +2.0000e+00 +1.7000e+01 +1.7000e+01 +1.7000e+01 +2.3000e+01 +7.0000e+00 +2.3000e+01 +1.7000e+01 +1.7000e+01 +3.0000e+00 +1.9000e+01 +1.3000e+01
5 +3.050246220e+03 +3.050246220e+03 +3.284166220e+03 +3.284166220e+03 +1.0000e+01 +2.9000e+01 +1.3000e+01 +1.3000e+01 +4.0000e+00 +2.6000e+01 +0.0000e+00 +2.0000e+00 +2.0000e+01 +3.0000e+00 +2.0000e+00 +3.0000e+00 +0.0000e+00 +0.0000e+00 +0.0000e+00 +2.5000e+01 +3.0000e+00 +1.0000e+00 +2.0000e+00 +1.2000e+01
50 +2.263895820e+03 +2.263895820e+03 +2.497815820e+03 +2.497815820e+03 +1.4000e+01 +1.4000e+01 +1.4000e+01 +1.5000e+01 +0.0000e+00 +1.4000e+01 +1.4000e+01 +0.0000e+00 +1.4000e+01 +0.0000e+00 +0.0000e+00 +0.0000e+00 +1.4000e+01 +1.4000e+01 +0.0000e+00 +0.0000e+00 +0.0000e+00 +0.0000e+00 +1.4000e+01 +0.0000e+00
80 +1.561839820e+03 +1.561839820e+03 +1.795759820e+03 +1.795759820e+03 +1.1000e+01 +1.1000e+01 +1.2000e+01 +0.0000e+00 +1.1000e+01 +1.1000e+01 +1.1000e+01 +0.0000e+00 +1.1000e+01 +0.0000e+00 +0.0000e+00 +1.1000e+01 +1.1000e+01 +0.0000e+00 +0.0000e+00 +1.1000e+01 +0.0000e+00 +0.0000e+00 +1.1000e+01 +1.1000e+01
90 +9.418174195e+02 +9.418174195e+02 +1.175737420e+03 +1.175737420e+03 +0.0000e+00 +0.0000e+00 +0.0000e+00 +0.0000e+00 +1.0000e+01 +1.0000e+01 +0.0000e+00 +0.0000e+00 +0.0000e+00 +0.0000e+00 +1.0000e+01 +0.0000e+00 +1.0000e+01 +1.0000e+01 +1.0000e+01 +1.0000e+01 +0.0000e+00 +1.0000e+01 +1.0000e+01 +0.0000e+00
110 +6.082174195e+02 +6.082174195e+02 +8.421374195e+02 +8.421374195e+02 +8.0000e+00 +0.0000e+00 +0.0000e+00 +0.0000e+00 +0.0000e+00 +7.0000e+00 +8.0000e+00 +8.0000e+00 +8.0000e+00 +8.0000e+00 +0.0000e+00 +0.0000e+00 +0.0000e+00 +8.0000e+00 +0.0000e+00 +8.0000e+00 +8.0000e+00 +0.0000e+00 +8.0000e+00 +0.0000e+00
140 +3.345390195e+02 +3.345390195e+02 +5.684590195e+02 +5.684590195e+02 +0.0000e+00 +5.0000e+00 +0.0000e+00 +5.0000e+00 +0.0000e+00 +0.0000e+00 +5.0000e+00 +5.0000e+00 +4.0000e+00 +5.0000e+00 +0.0000e+00 +5.0000e+00 +5.0000e+00 +5.0000e+00 +5.0000e+00 +5.0000e+00 +5.0000e+00 +4.0000e+00 +0.0000e+00 +0.0000e+00
155 +7.636141952e+01 +7.636141952e+01 +3.102814195e+02 +3.102814195e+02 +0.0000e+00 +0.0000e+00 +0.0000e+00 +0.0000e+00 +0.0000e+00 +0.0000e+00 +0.0000e+00 +0.0000e+00 +0.0000e+00 +0.0000e+00 +0.0000e+00 +0.0000e+00 +0.0000e+00 +0.0000e+00 +0.0000e+00 +0.0000e+00 +0.0000e+00 +0.0000e+00 +0.0000e+00 +0.0000e+00
% function evaluation | noise-free fitness - Fopt (-6.092000000000e+01) | best noise-free fitness - Fopt | measured fitness | best measured fitness | x1 | x2...
1 +3.350957236e+03 +3.350957236e+03 +3.290037236e+03 +3.290037236e+03 +2.3000e+01 +1.6000e+01 +7.0000e+00 +6.0000e+00 +1.4000e+01 +0.0000e+00 +5.0000e+00 +3.0000e+01 +1.0000e+01 +5.0000e+00 +7.0000e+00 +9.0000e+00 +0.0000e+00 +0.0000e+00 +1.4000e+01 +2.3000e+01 +1.0000e+01 +1.2000e+01 +9.0000e+00 +2.0000e+00
11 +2.123858036e+03 +2.123858036e+03 +2.062938036e+03 +2.062938036e+03 +1.3000e+01 +8.0000e+00 +6.0000e+00 +1.3000e+01 +4.0000e+00 +5.0000e+00 +8.0000e+00 +1.3000e+01 +6.0000e+00 +4.0000e+00 +9.0000e+00 +2.2000e+01 +6.0000e+00 +8.0000e+00 +8.0000e+00 +1.5000e+01 +8.0000e+00 +8.0000e+00 +4.0000e+00 +1.3000e+01
51 +1.384085236e+03 +1.384085236e+03 +1.323165236e+03 +1.323165236e+03 +8.0000e+00 +5.0000e+00 +4.0000e+00 +4.0000e+00 +4.0000e+00 +2.0000e+00 +4.0000e+00 +5.0000e+00 +5.0000e+00 +9.0000e+00 +5.0000e+00 +2.0000e+00 +4.0000e+00 +4.0000e+00 +1.8000e+01 +1.8000e+01 +4.0000e+00 +4.0000e+00 +2.0000e+00 +9.0000e+00
61 +6.962292365e+02 +6.962292365e+02 +6.353092365e+02 +6.353092365e+02 +3.0000e+00 +3.0000e+00 +3.0000e+00 +3.0000e+00 +3.0000e+00 +4.0000e+00 +3.0000e+00 +1.0000e+00 +3.0000e+00 +3.0000e+00 +7.0000e+00 +1.0000e+00 +8.0000e+00 +3.0000e+00 +7.0000e+00 +4.0000e+00 +3.0000e+00 +1.0000e+00 +1.7000e+01 +4.0000e+00
71 +2.319236365e+02 +2.319236365e+02 +1.710036365e+02 +1.710036365e+02 +2.0000e+00 +4.0000e+00 +3.0000e+00 +2.0000e+00 +2.0000e+00 +2.0000e+00 +3.0000e+00 +2.0000e+00 +2.0000e+00 +3.0000e+00 +0.0000e+00 +2.0000e+00 +2.0000e+00 +3.0000e+00 +6.0000e+00 +3.0000e+00 +2.0000e+00 +2.0000e+00 +3.0000e+00 +2.0000e+00
101 +1.334004365e+02 +1.334004365e+02 +7.248043648e+01 +7.248043648e+01 +0.0000e+00 +0.0000e+00 +1.0000e+00 +3.0000e+00 +0.0000e+00 +0.0000e+00 +0.0000e+00 +0.0000e+00 +1.0000e+00 +0.0000e+00 +0.0000e+00 +0.0000e+00 +1.0000e+00 +3.0000e+00 +0.0000e+00 +0.0000e+00 +1.0000e+00 +0.0000e+00 +0.0000e+00 +0.0000e+00
% function evaluation | noise-free fitness - Fopt (-1.948000000000e+01) | best noise-free fitness - Fopt | measured fitness | best measured fitness | x1 | x2...
1 +4.642357772e+03 +4.642357772e+03 +4.622877772e+03 +4.622877772e+03 +1.9000e+01 +1.0000e+01 +1.1000e+01 +1.7000e+01 +1.5000e+01 +1.7000e+01 +1.2000e+01 +1.7000e+01 +1.0000e+01 +3.0000e+01 +3.0000e+00 +7.0000e+00 +1.0000e+00 +1.0000e+01 +1.5000e+01 +2.5000e+01 +1.8000e+01 +1.2000e+01 +1.0000e+01 +1.7000e+01
6 +2.558280972e+03 +2.558280972e+03 +2.538800972e+03 +2.538800972e+03 +2.1000e+01 +1.3000e+01 +6.0000e+00 +5.0000e+00 +0.0000e+00 +5.0000e+00 +0.0000e+00 +5.0000e+00 +0.0000e+00 +0.0000e+00 +2.0000e+01 +9.0000e+00 +1.4000e+01 +0.0000e+00 +0.0000e+00 +1.5000e+01 +2.5000e+01 +0.0000e+00 +0.0000e+00 +5.0000e+00
16 +2.358944972e+03 +2.358944972e+03 +2.339464972e+03 +2.339464972e+03 +0.0000e+00 +4.0000e+00 +8.0000e+00 +2.4000e+01 +0.0000e+00 +1.4000e+01 +4.0000e+00 +0.0000e+00 +0.0000e+00 +0.0000e+00 +0.0000e+00 +1.4000e+01 +0.0000e+00 +8.0000e+00 +2.4000e+01 +1.4000e+01 +4.0000e+00 +4.0000e+00 +4.0000e+00 +1.9000e+01
45 +1.026973772e+03 +1.026973772e+03 +1.007493772e+03 +1.007493772e+03 +0.0000e+00 +0.0000e+00 +0.0000e+00 +0.0000e+00 +0.0000e+00 +2.2000e+01 +0.0000e+00 +0.0000e+00 +0.0000e+00 +0.0000e+00 +0.0000e+00 +6.0000e+00 +0.0000e+00 +1.4000e+01 +0.0000e+00 +0.0000e+00 +1.2000e+01 +0.0000e+00 +6.0000e+00 +0.0000e+00
55 +5.743545722e+02 +5.743545722e+02 +5.548745722e+02 +5.548745722e+02 +0.0000e+00 +0.0000e+00 +0.0000e+00 +0.0000e+00 +2.1000e+01 +0.0000e+00 +0.0000e+00 +0.0000e+00 +0.0000e+00 +0.0000e+00 +0.0000e+00 +0.0000e+00 +0.0000e+00 +0.0000e+00 +5.0000e+00 +1.1000e+01 +0.0000e+00 +0.0000e+00 +0.0000e+00 +0.0000e+00
95 +2.803145722e+02 +2.803145722e+02 +2.608345722e+02 +2.608345722e+02 +0.0000e+00 +0.0000e+00 +0.0000e+00 +0.0000e+00 +0.0000e+00 +0.0000e+00 +0.0000e+00 +0.0000e+00 +0.0000e+00 +0.0000e+00 +0.0000e+00 +0.0000e+00 +0.0000e+00 +1.7000e+01 +0.0000e+00 +0.0000e+00 +0.0000e+00 +0.0000e+00 +0.0000e+00 +0.0000e+00
109 +2.483641722e+02 +2.483641722e+02 +2.288841722e+02 +2.288841722e+02 +3.0000e+00 +3.0000e+00 +3.0000e+00 +3.0000e+00 +4.0000e+00 +3.0000e+00 +3.0000e+00 +3.0000e+00 +3.0000e+00 +3.0000e+00 +3.0000e+00 +3.0000e+00 +3.0000e+00 +2.0000e+00 +3.0000e+00 +3.0000e+00 +3.0000e+00 +2.0000e+00 +3.0000e+00 +3.0000e+00
125 +1.034057722e+02 +1.034057722e+02 +8.392577216e+01 +8.392577216e+01 +0.0000e+00 +0.0000e+00 +0.0000e+00 +0.0000e+00 +0.0000e+00 +0.0000e+00 +0.0000e+00 +0.0000e+00 +0.0000e+00 +0.0000e+00 +0.0000e+00 +0.0000e+00 +0.0000e+00 +0.0000e+00 +0.0000e+00 +0.0000e+00 +0.0000e+00 +0.0000e+00 +0.0000e+00 +0.0000e+00
% function evaluation | noise-free fitness - Fopt (1.344700000000e+02) | best noise-free fitness - Fopt | measured fitness | best measured fitness | x1 | x2...
1 +6.516891866e+03 +6.516891866e+03 +6.651361866e+03 +6.651361866e+03 +5.0000e+00 +1.0000e+00 +2.5000e+01 +2.2000e+01 +2.5000e+01 +2.0000e+01 +5.0000e+00 +2.2000e+01 +1.1000e+01 +5.0000e+00 +4.0000e+00 +2.8000e+01 +3.0000e+01 +1.9000e+01 +4.0000e+00 +4.0000e+00 +2.2000e+01 +4.0000e+00 +0.0000e+00 +2.2000e+01
2 +5.043538266e+03 +5.043538266e+03 +5.178008266e+03 +5.178008266e+03 +1.0000e+00 +2.6000e+01 +8.0000e+00 +2.4000e+01 +8.0000e+00 +1.0000e+00 +1.3000e+01 +1.4000e+01 +2.7000e+01 +1.3000e+01 +6.0000e+00 +4.0000e+00 +5.0000e+00 +1.2000e+01 +1.9000e+01 +1.9000e+01 +1.4000e+01 +6.0000e+00 +2.1000e+01 +5.0000e+00
7 +3.097235866e+03 +3.097235866e+03 +3.231705866e+03 +3.231705866e+03 +7.0000e+00 +2.3000e+01 +9.0000e+00 +1.4000e+01 +9.0000e+00 +1.5000e+01 +9.0000e+00 +9.0000e+00 +2.0000e+00 +9.0000e+00 +8.0000e+00 +3.0000e+00 +1.4000e+01 +0.0000e+00 +1.9000e+01 +1.9000e+01 +9.0000e+00 +8.0000e+00 +1.0000e+01 +2.0000e+00
35 +2.143821466e+03 +2.143821466e+03 +2.278291466e+03 +2.278291466e+03 +1.1000e+01 +1.4000e+01 +1.6000e+01 +2.0000e+00 +1.5000e+01 +0.0000e+00 +1.0000e+01 +1.3000e+01 +2.0000e+00 +0.0000e+00 +0.0000e+00 +7.0000e+00 +0.0000e+00 +0.0000e+00 +0.0000e+00 +1.6000e+01 +1.6000e+01 +1.0000e+00 +1.3000e+01 +2.0000e+00
42 +1.469442266e+03 +1.469442266e+03 +1.603912266e+03 +1.603912266e+03 +2.0000e+00 +1.2000e+01 +4.0000e+00 +1.6000e+01 +0.0000e+00 +4.0000e+00 +0.0000e+00 +7.0000e+00 +0.0000e+00 +4.0000e+00 +2.0000e+00 +1.6000e+01 +4.0000e+00 +4.0000e+00 +4.0000e+00 +1.6000e+01 +2.0000e+00 +7.0000e+00 +4.0000e+00 +7.0000e+00
55 +7.775862662e+02 +7.775862662e+02 +9.120562662e+02 +9.120562662e+02 +9.0000e+00 +0.0000e+00 +9.0000e+00 +0.0000e+00 +0.0000e+00 +0.0000e+00 +0.0000e+00 +5.0000e+00 +0.0000e+00 +7.0000e+00 +0.0000e+00 +0.0000e+00 +0.0000e+00 +0.0000e+00 +0.0000e+00 +9.0000e+00 +9.0000e+00 +0.0000e+00 +5.0000e+00 +9.0000e+00
65 +3.495494662e+02 +3.495494662e+02 +4.840194662e+02 +4.840194662e+02 +0.0000e+00 +0.0000e+00 +8.0000e+00 +0.0000e+00 +0.0000e+00 +0.0000e+00 +0.0000e+00 +0.0000e+00 +0.0000e+00 +4.0000e+00 +0.0000e+00 +6.0000e+00 +0.0000e+00 +8.0000e+00 +0.0000e+00 +0.0000e+00 +0.0000e+00 +0.0000e+00 +0.0000e+00 +0.0000e+00
75 +1.786774662e+02 +1.786774662e+02 +3.131474662e+02 +3.131474662e+02 +3.0000e+00 +0.0000e+00 +0.0000e+00 +0.0000e+00 +0.0000e+00 +0.0000e+00 +0.0000e+00 +0.0000e+00 +0.0000e+00 +0.0000e+00 +5.0000e+00 +0.0000e+00 +0.0000e+00 +0.0000e+00 +0.0000e+00 +3.0000e+00 +0.0000e+00 +0.0000e+00 +0.0000e+00 +5.0000e+00
95 +1.567494662e+02 +1.567494662e+02 +2.912194662e+02 +2.912194662e+02 +0.0000e+00 +0.0000e+00 +0.0000e+00 +1.0000e+00 +0.0000e+00 +0.0000e+00 +0.0000e+00 +1.0000e+00 +0.0000e+00 +0.0000e+00 +0.0000e+00 +0.0000e+00 +0.0000e+00 +0.0000e+00 +3.0000e+00 +0.0000e+00 +0.0000e+00 +0.0000e+00 +0.0000e+00 +0.0000e+00
% function evaluation | noise-free fitness - Fopt (4.453500000000e+02) | best noise-free fitness - Fopt | measured fitness | best measured fitness | x1 | x2...
1 +1.004594354e+04 +1.004594354e+04 +1.049129354e+04 +1.049129354e+04 +2.7000e+01 +2.0000e+01 +0.0000e+00 +2.0000e+01 +1.1000e+01 +2.7000e+01 +2.7000e+01 +2.6000e+01 +2.3000e+01 +2.7000e+01 +1.0000e+01 +3.0000e+01 +2.3000e+01 +2.0000e+01 +2.4000e+01 +2.3000e+01 +2.7000e+01 +2.3000e+01 +2.2000e+01 +2.0000e+01
2 +6.109455545e+03 +6.109455545e+03 +6.554805545e+03 +6.554805545e+03 +2.2000e+01 +2.1000e+01 +3.0000e+01 +2.1000e+01 +3.0000e+00 +2.2000e+01 +2.2000e+01 +1.5000e+01 +8.0000e+00 +2.2000e+01 +7.0000e+00 +1.8000e+01 +8.0000e+00 +2.1000e+01 +8.0000e+00 +8.0000e+00 +2.2000e+01 +8.0000e+00 +5.0000e+00 +2.1000e+01
7 +1.897905145e+03 +1.897905145e+03 +2.343255145e+03 +2.343255145e+03 +2.0000e+01 +3.0000e+00 +4.0000e+00 +1.9000e+01 +1.0000e+00 +4.0000e+00 +4.0000e+00 +1.0000e+00 +1.0000e+00 +4.0000e+00 +1.0000e+01 +7.0000e+00 +1.0000e+00 +1.9000e+01 +7.0000e+00 +1.0000e+00 +4.0000e+00 +1.0000e+00 +7.0000e+00 +1.9000e+01
27 +1.531188345e+03 +1.531188345e+03 +1.976538345e+03 +1.976538345e+03 +1.7000e+01 +5.0000e+00 +2.0000e+00 +0.0000e+00 +2.0000e+00 +1.7000e+01 +2.0000e+00 +1.7000e+01 +2.0000e+00 +5.0000e+00 +5.0000e+00 +1.7000e+01 +1.7000e+01 +5.0000e+00 +2.0000e+00 +2.0000e+00 +2.0000e+00 +2.0000e+00 +2.0000e+00 +0.0000e+00
83 +7.681739450e+02 +7.681739450e+02 +1.213523945e+03 +1.213523945e+03 +6.0000e+00 +3.0000e+00 +6.0000e+00 +6.0000e+00 +6.0000e+00 +1.9000e+01 +3.0000e+00 +3.0000e+00 +3.0000e+00 +3.0000e+00 +3.0000e+00 +6.0000e+00 +8.0000e+00 +3.0000e+00 +6.0000e+00 +6.0000e+00 +3.0000e+00 +6.0000e+00 +3.0000e+00 +6.0000e+00
103 +5.285851450e+02 +5.285851450e+02 +9.739351450e+02 +9.739351450e+02 +4.0000e+00 +2.0000e+01 +4.0000e+00 +1.0000e+00 +1.0000e+00 +1.0000e+00 +1.0000e+00 +1.0000e+00 +1.0000e+00 +4.0000e+00 +4.0000e+00 +4.0000e+00 +4.0000e+00 +4.0000e+00 +4.0000e+00 +1.0000e+00 +1.0000e+00 +1.0000e+00 +1.0000e+00 +1.0000e+00
123 +1.189675450e+02 +1.189675450e+02 +5.643175450e+02 +5.643175450e+02 +0.0000e+00 +0.0000e+00 +0.0000e+00 +0.0000e+00 +0.0000e+00 +0.0000e+00 +0.0000e+00 +0.0000e+00 +0.0000e+00 +0.0000e+00 +0.0000e+00 +2.0000e+00 +0.0000e+00 +0.0000e+00 +0.0000e+00 +2.0000e+00 +0.0000e+00 +0.0000e+00 +2.0000e+00 +0.0000e+00
