% function evaluation | noise-free fitness - Fopt (7.948000000000e+01) | best noise-free fitness - Fopt | measured fitness | best measured fitness | x1 | x2...
1 +2.205294070e+03 +2.205294070e+03 +2.284774070e+03 +2.284774070e+03 +1.8000e+01 +5.0000e+00 +1.1000e+01 +3.0000e+00 +2.0000e+01 +6.0000e+00 +1.3000e+01 +2.2000e+01 +1.7000e+01 +1.0000e+01
61 +1.439617270e+03 +1.439617270e+03 +1.519097270e+03 +1.519097270e+03 +1.0000e+01 +7.0000e+00 +8.0000e+00 +0.0000e+00 +1.7000e+01 +3.0000e+00 +1.0000e+01 +1.9000e+01 +1.4000e+01 +7.0000e+00
121 +9.750204698e+02 +9.750204698e+02 +1.054500470e+03 +1.054500470e+03 +0.0000e+00 +1.1000e+01 +5.0000e+00 +0.0000e+00 +1.4000e+01 +0.0000e+00 +7.0000e+00 +1.6000e+01 +1.1000e+01 +4.0000e+00
181 +5.247660698e+02 +5.247660698e+02 +6.042460698e+02 +6.042460698e+02 +3.0000e+00 +4.0000e+00 +2.0000e+00 +0.0000e+00 +1.1000e+01 +0.0000e+00 +4.0000e+00 +1.3000e+01 +8.0000e+00 +1.0000e+00
% function evaluation | noise-free fitness - Fopt (3.944800000000e+02) | best noise-free fitness - Fopt | measured fitness | best measured fitness | x1 | x2...
1 +4.132657775e+03 +4.132657775e+03 +4.527137775e+03 +4.527137775e+03 +1.8000e+01 +1.4000e+01 +3.0000e+01 +1.0000e+00 +2.3000e+01 +2.0000e+00 +2.0000e+01 +3.0000e+01 +7.0000e+00 +1.7000e+01
2 +3.894667375e+03 +3.894667375e+03 +4.289147375e+03 +4.289147375e+03 +1.1000e+01 +2.8000e+01 +0.0000e+00 +1.0000e+00 +2.1000e+01 +1.0000e+01 +0.0000e+00 +1.4000e+01 +3.0000e+01 +2.7000e+01
8 +2.448099375e+03 +2.448099375e+03 +2.842579375e+03 +2.842579375e+03 +4.0000e+00 +1.2000e+01 +1.3000e+01 +9.0000e+00 +1.1000e+01 +2.0000e+01 +1.0000e+00 +8.0000e+00 +1.1000e+01 +2.8000e+01
88 +1.558398575e+03 +1.558398575e+03 +1.952878575e+03 +1.952878575e+03 +0.0000e+00 +8.0000e+00 +9.0000e+00 +5.0000e+00 +7.0000e+00 +1.6000e+01 +0.0000e+00 +4.0000e+00 +7.0000e+00 +2.4000e+01
168 +9.424337754e+02 +9.424337754e+02 +1.336913775e+03 +1.336913775e+03 +0.0000e+00 +2.0000e+00 +5.0000e+00 +1.0000e+00 +3.0000e+00 +1.2000e+01 +0.0000e+00 +0.0000e+00 +3.0000e+00 +2.0000e+01
% function evaluation | noise-free fitness - Fopt (-2.471100000000e+02) | best noise-free fitness - Fopt | measured fitness | best measured fitness | x1 | x2...
1 +3.912628518e+03 +3.912628518e+03 +3.665518518e+03 +3.665518518e+03 +6.0000e+00 +2.9000e+01 +2.1000e+01 +1.0000e+00 +3.0000e+01 +2.0000e+01 +1.1000e+01 +1.3000e+01 +1.7000e+01 +2.4000e+01
2 +2.017522918e+03 +2.017522918e+03 +1.770412918e+03 +1.770412918e+03 +3.0000e+00 +8.0000e+00 +9.0000e+00 +2.2000e+01 +1.0000e+01 +1.8000e+01 +2.1000e+01 +4.0000e+00 +8.0000e+00 +2.0000e+01
37 +1.511918118e+03 +1.511918118e+03 +1.264808118e+03 +1.264808118e+03 +5.0000e+00 +2.0000e+00 +1.0000e+00 +0.0000e+00 +2.8000e+01 +1.7000e+01 +1.7000e+01 +0.0000e+00 +0.0000e+00 +8.0000e+00
99 +9.954477178e+02 +9.954477178e+02 +7.483377178e+02 +7.483377178e+02 +2.0000e+00 +1.1000e+01 +2.6000e+01 +4.0000e+00 +0.0000e+00 +0.0000e+00 +6.0000e+00 +1.0000e+00 +0.0000e+00 +8.0000e+00
162 +6.105581178e+02 +6.105581178e+02 +3.634481178e+02 +3.634481178e+02 +0.0000e+00 +0.0000e+00 +1.0000e+00 +1.4000e+01 +2.0000e+00 +1.0000e+01 +1.3000e+01 +0.0000e+00 +0.0000e+00 +1.2000e+01
% function evaluation | noise-free fitness - Fopt (-1.520400000000e+02) | best noise-free fitness - Fopt | measured fitness | best measured fitness | x1 | x2...
1 +3.971949542e+03 +3.971949542e+03 +3.819909542e+03 +3.819909542e+03 +2.6000e+01 +2.6000e+01 +1.4000e+01 +2.2000e+01 +1.6000e+01 +1.6000e+01 +2.0000e+01 +2.4000e+01 +1.5000e+01 +2.2000e+01
8 +2.315154342e+03 +2.315154342e+03 +2.163114342e+03 +2.163114342e+03 +1.0000e+01 +3.0000e+00 +5.0000e+00 +9.0000e+00 +2.4000e+01 +2.1000e+01 +2.4000e+01 +1.6000e+01 +1.7000e+01 +1.1000e+01
68 +1.580477542e+03 +1.580477542e+03 +1.428437542e+03 +1.428437542e+03 +0.0000e+00 +7.0000e+00 +2.0000e+00 +6.0000e+00 +2.1000e+01 +1.8000e+01 +2.1000e+01 +1.3000e+01 +1.4000e+01 +8.0000e+00
148 +9.103143418e+02 +9.103143418e+02 +7.582743418e+02 +7.582743418e+02 +0.0000e+00 +3.0000e+00 +0.0000e+00 +2.0000e+00 +1.7000e+01 +1.4000e+01 +1.7000e+01 +9.0000e+00 +1.0000e+01 +4.0000e+00
% function evaluation | noise-free fitness - Fopt (-2.525000000000e+01) | best noise-free fitness - Fopt | measured fitness | best measured fitness | x1 | x2...
1 +3.371969343e+03 +3.371969343e+03 +3.346719343e+03 +3.346719343e+03 +1.4000e+01 +5.0000e+00 +2.4000e+01 +1.7000e+01 +2.3000e+01 +2.7000e+01 +1.9000e+01 +2.3000e+01 +1.0000e+00 +3.0000e+00
4 +2.315550143e+03 +2.315550143e+03 +2.290300143e+03 +2.290300143e+03 +4.0000e+00 +2.0000e+00 +2.9000e+01 +3.0000e+00 +1.2000e+01 +5.0000e+00 +0.0000e+00 +0.0000e+00 +3.0000e+01 +1.8000e+01
25 +1.568030143e+03 +1.568030143e+03 +1.542780143e+03 +1.542780143e+03 +2.8000e+01 +1.1000e+01 +1.5000e+01 +6.0000e+00 +1.8000e+01 +1.1000e+01 +7.0000e+00 +0.0000e+00 +1.0000e+01 +2.0000e+00
85 +9.795453434e+02 +9.795453434e+02 +9.542953434e+02 +9.542953434e+02 +2.4000e+01 +9.0000e+00 +1.2000e+01 +3.0000e+00 +1.5000e+01 +8.0000e+00 +4.0000e+00 +0.0000e+00 +7.0000e+00 +0.0000e+00
145 +5.757933434e+02 +5.757933434e+02 +5.505433434e+02 +5.505433434e+02 +2.1000e+01 +6.0000e+00 +9.0000e+00 +0.0000e+00 +1.2000e+01 +5.0000e+00 +1.0000e+00 +0.0000e+00 +4.0000e+00 +0.0000e+00
185 +3.951869434e+02 +3.951869434e+02 +3.699369434e+02 +3.699369434e+02 +1.9000e+01 +4.0000e+00 +7.0000e+00 +0.0000e+00 +1.0000e+01 +3.0000e+00 +0.0000e+00 +0.0000e+00 +2.0000e+00 +0.0000e+00
% function evaluation | noise-free fitness - Fopt (2.230000000000e+00) | best noise-free fitness - Fopt | measured fitness | best measured fitness | x1 | x2...
1 +2.090378206e+03 +2.090378206e+03 +2.092608206e+03 +2.092608206e+03 +0.0000e+00 +3.0000e+00 +2.5000e+01 +2.9000e+01 +1.2000e+01 +7.0000e+00 +0.0000e+00 +1.1000e+01 +0.0000e+00 +1.1000e+01
4 +1.546794206e+03 +1.546794206e+03 +1.549024206e+03 +1.549024206e+03 +8.0000e+00 +2.5000e+01 +8.0000e+00 +1.2000e+01 +2.1000e+01 +1.0000e+00 +7.0000e+00 +2.0000e+00 +7.0000e+00 +8.0000e+00
64 +9.889206061e+02 +9.889206061e+02 +9.911506061e+02 +9.911506061e+02 +6.0000e+00 +2.1000e+01 +5.0000e+00 +9.0000e+00 +1.8000e+01 +0.0000e+00 +4.0000e+00 +0.0000e+00 +4.0000e+00 +5.0000e+00
124 +5.682278061e+02 +5.682278061e+02 +5.704578061e+02 +5.704578061e+02 +6.0000e+00 +1.6000e+01 +2.0000e+00 +6.0000e+00 +1.5000e+01 +0.0000e+00 +1.0000e+00 +0.0000e+00 +1.0000e+00 +2.0000e+00
164 +2.902662061e+02 +2.902662061e+02 +2.924962061e+02 +2.924962061e+02 +1.4000e+01 +4.0000e+00 +0.0000e+00 +4.0000e+00 +1.3000e+01 +0.0000e+00 +0.0000e+00 +0.0000e+00 +0.0000e+00 +0.0000e+00
184 +2.310662061e+02 +2.310662061e+02 +2.332962061e+02 +2.332962061e+02 +1.3000e+01 +3.0000e+00 +0.0000e+00 +3.0000e+00 +1.2000e+01 +0.0000e+00 +0.0000e+00 +0.0000e+00 +0.0000e+00 +0.0000e+00
% function evaluation | noise-free fitness - Fopt (-1.308000000000e+01) | best noise-free fitness - Fopt | measured fitness | best measured fitness | x1 | x2...
1 +3.011856067e+03 +3.011856067e+03 +2.998776067e+03 +2.998776067e+03 +6.0000e+00 +0.0000e+00 +0.0000e+00 +2.1000e+01 +3.0000e+01 +2.0000e+01 +0.0000e+00 +7.0000e+00 +2.9000e+01 +1.0000e+01
11 +2.181796867e+03 +2.181796867e+03 +2.168716867e+03 +2.168716867e+03 +2.3000e+01 +2.0000e+00 +1.1000e+01 +1.0000e+01 +3.0000e+00 +2.5000e+01 +4.0000e+00 +1.0000e+00 +2.7000e+01 +0.0000e+00
71 +1.522529667e+03 +1.522529667e+03 +1.509449667e+03 +1.509449667e+03 +1.6000e+01 +4.0000e+00 +8.0000e+00 +7.0000e+00 +0.0000e+00 +2.2000e+01 +1.0000e+00 +0.0000e+00 +2.4000e+01 +0.0000e+00
151 +9.475648672e+02 +9.475648672e+02 +9.344848672e+02 +9.344848672e+02 +8.0000e+00 +4.0000e+00 +4.0000e+00 +3.0000e+00 +0.0000e+00 +1.8000e+01 +0.0000e+00 +0.0000e+00 +2.0000e+01 +0.0000e+00
% function evaluation | noise-free fitness - Fopt (2.671600000000e+02) | best noise-free fitness - Fopt | measured fitness | best measured fitness | x1 | x2...
1 +3.634602757e+03 +3.634602757e+03 +3.901762757e+03 +3.901762757e+03 +2.2000e+01 +2.2000e+01 +9.0000e+00 +1.5000e+01 +2.9000e+01 +0.0000e+00 +1.2000e+01 +1.9000e+01 +2.0000e+01 +1.3000e+01
6 +1.768268357e+03 +1.768268357e+03 +2.035428357e+03 +2.035428357e+03 +1.4000e+01 +1.0000e+01 +1.4000e+01 +2.0000e+00 +1.0000e+00 +1.5000e+01 +5.0000e+00 +2.0000e+00 +2.2000e+01 +1.0000e+00
17 +1.584569157e+03 +1.584569157e+03 +1.851729157e+03 +1.851729157e+03 +2.0000e+00 +1.5000e+01 +2.3000e+01 +4.0000e+00 +4.0000e+00 +1.0000e+01 +9.0000e+00 +1.0000e+00 +4.0000e+00 +1.6000e+01
97 +8.731531571e+02 +8.731531571e+02 +1.140313157e+03 +1.140313157e+03 +8.0000e+00 +2.0000e+00 +1.9000e+01 +0.0000e+00 +0.0000e+00 +6.0000e+00 +5.0000e+00 +0.0000e+00 +0.0000e+00 +1.2000e+01
157 +5.665291571e+02 +5.665291571e+02 +8.336891571e+02 +8.336891571e+02 +5.0000e+00 +0.0000e+00 +1.6000e+01 +0.0000e+00 +0.0000e+00 +3.0000e+00 +2.0000e+00 +0.0000e+00 +0.0000e+00 +9.0000e+00
% function evaluation | noise-free fitness - Fopt (3.710000000000e+00) | best noise-free fitness - Fopt | measured fitness | best measured fitness | x1 | x2...
1 +4.045966265e+03 +4.045966265e+03 +4.049676265e+03 +4.049676265e+03 +1.7000e+01 +2.2000e+01 +2.5000e+01 +9.0000e+00 +2.2000e+01 +2.3000e+01 +0.0000e+00 +3.0000e+01 +0.0000e+00 +2.9000e+01
3 +3.886041465e+03 +3.886041465e+03 +3.889751465e+03 +3.889751465e+03 +2.8000e+01 +2.1000e+01 +1.6000e+01 +2.9000e+01 +2.8000e+01 +1.3000e+01 +2.0000e+00 +1.4000e+01 +1.9000e+01 +1.4000e+01
7 +1.725507065e+03 +1.725507065e+03 +1.729217065e+03 +1.729217065e+03 +1.1000e+01 +6.0000e+00 +2.0000e+00 +2.3000e+01 +2.8000e+01 +1.2000e+01 +3.0000e+00 +1.0000e+01 +5.0000e+00 +4.0000e+00
27 +1.541836665e+03 +1.541836665e+03 +1.545546665e+03 +1.545546665e+03 +9.0000e+00 +6.0000e+00 +1.0000e+00 +2.2000e+01 +2.7000e+01 +1.1000e+01 +2.0000e+00 +9.0000e+00 +4.0000e+00 +3.0000e+00
107 +9.716350650e+02 +9.716350650e+02 +9.753450650e+02 +9.753450650e+02 +5.0000e+00 +2.0000e+00 +0.0000e+00 +1.8000e+01 +2.3000e+01 +7.0000e+00 +0.0000e+00 +5.0000e+00 +0.0000e+00 +0.0000e+00
160 +6.145326650e+02 +6.145326650e+02 +6.182426650e+02 +6.182426650e+02 +4.0000e+00 +0.0000e+00 +0.0000e+00 +1.7000e+01 +8.0000e+00 +0.0000e+00 +0.0000e+00 +1.3000e+01 +1.1000e+01 +0.0000e+00
% function evaluation | noise-free fitness - Fopt (9.478000000000e+01) | best noise-free fitness - Fopt | measured fitness | best measured fitness | x1 | x2...
1 +1.595000908e+03 +1.595000908e+03 +1.689780908e+03 +1.689780908e+03 +1.6000e+01 +8.0000e+00 +6.0000e+00 +3.0000e+00 +2.0000e+01 +6.0000e+00 +1.1000e+01 +2.3000e+01 +2.1000e+01 +9.0000e+00
14 +1.360437708e+03 +1.360437708e+03 +1.455217708e+03 +1.455217708e+03 +4.0000e+00 +1.0000e+00 +1.9000e+01 +0.0000e+00 +2.1000e+01 +1.3000e+01 +5.0000e+00 +1.0000e+00 +1.3000e+01 +2.5000e+01
74 +9.294025082e+02 +9.294025082e+02 +1.024182508e+03 +1.024182508e+03 +0.0000e+00 +1.0000e+00 +1.6000e+01 +0.0000e+00 +1.8000e+01 +1.0000e+01 +2.0000e+00 +0.0000e+00 +1.0000e+01 +2.2000e+01
134 +5.966393082e+02 +5.966393082e+02 +6.914193082e+02 +6.914193082e+02 +0.0000e+00 +0.0000e+00 +1.3000e+01 +0.0000e+00 +1.5000e+01 +7.0000e+00 +0.0000e+00 +0.0000e+00 +7.0000e+00 +1.9000e+01
194 +3.508841082e+02 +3.508841082e+02 +4.456641082e+02 +4.456641082e+02 +0.0000e+00 +0.0000e+00 +1.0000e+01 +0.0000e+00 +1.2000e+01 +4.0000e+00 +0.0000e+00 +0.0000e+00 +4.0000e+00 +1.6000e+01
% function evaluation | noise-free fitness - Fopt (2.339200000000e+02) | best noise-free fitness - Fopt | measured fitness | best measured fitness | x1 | x2...
1 +3.049321648e+03 +3.049321648e+03 +3.283241648e+03 +3.283241648e+03 +2.1000e+01 +1.6000e+01 +2.4000e+01 +2.2000e+01 +1.9000e+01 +1.1000e+01 +7.0000e+00 +2.0000e+00 +2.0000e+01 +0.0000e+00
5 +2.311502448e+03 +2.311502448e+03 +2.545422448e+03 +2.545422448e+03 +1.0000e+00 +1.5000e+01 +1.3000e+01 +1.8000e+01 +2.7000e+01 +2.8000e+01 +1.0000e+00 +1.0000e+00 +0.0000e+00 +8.0000e+00
36 +1.496819248e+03 +1.496819248e+03 +1.730739248e+03 +1.730739248e+03 +9.0000e+00 +1.0000e+00 +1.0000e+01 +1.3000e+01 +2.0000e+00 +0.0000e+00 +2.5000e+01 +1.0000e+01 +9.0000e+00 +1.5000e+01
96 +9.752384480e+02 +9.752384480e+02 +1.209158448e+03 +1.209158448e+03 +6.0000e+00 +0.0000e+00 +7.0000e+00 +1.0000e+01 +0.0000e+00 +0.0000e+00 +2.2000e+01 +7.0000e+00 +6.0000e+00 +1.2000e+01
156 +5.610128480e+02 +5.610128480e+02 +7.949328480e+02 +7.949328480e+02 +0.0000e+00 +3.0000e+00 +4.0000e+00 +7.0000e+00 +0.0000e+00 +0.0000e+00 +1.9000e+01 +4.0000e+00 +3.0000e+00 +9.0000e+00
196 +3.873552480e+02 +3.873552480e+02 +6.212752480e+02 +6.212752480e+02 +0.0000e+00 +1.0000e+00 +2.0000e+00 +5.0000e+00 +0.0000e+00 +0.0000e+00 +1.7000e+01 +2.0000e+00 +1.0000e+00 +7.0000e+00
% function evaluation | noise-free fitness - Fopt (-6.092000000000e+01) | best noise-free fitness - Fopt | measured fitness | best measured fitness | x1 | x2...
1 +4.273441868e+03 +4.273441868e+03 +4.212521868e+03 +4.212521868e+03 +3.0000e+01 +2.2000e+01 +4.0000e+00 +2.0000e+00 +3.0000e+01 +2.7000e+01 +2.0000e+01 +1.4000e+01 +3.0000e+00 +2.5000e+01
2 +2.587699468e+03 +2.587699468e+03 +2.526779468e+03 +2.526779468e+03 +5.0000e+00 +3.1000e+01 +2.0000e+00 +1.0000e+00 +2.8000e+01 +1.4000e+01 +2.0000e+01 +8.0000e+00 +5.0000e+00 +1.1000e+01
4 +1.118184268e+03 +1.118184268e+03 +1.057264268e+03 +1.057264268e+03 +0.0000e+00 +1.2000e+01 +1.2000e+01 +5.0000e+00 +2.0000e+01 +1.3000e+01 +0.0000e+00 +3.0000e+00 +1.0000e+01 +8.0000e+00
24 +9.225746682e+02 +9.225746682e+02 +8.616546682e+02 +8.616546682e+02 +3.0000e+00 +8.0000e+00 +1.1000e+01 +4.0000e+00 +1.9000e+01 +1.2000e+01 +0.0000e+00 +2.0000e+00 +9.0000e+00 +7.0000e+00
84 +5.517762682e+02 +5.517762682e+02 +4.908562682e+02 +4.908562682e+02 +1.0000e+00 +4.0000e+00 +8.0000e+00 +1.0000e+00 +1.6000e+01 +9.0000e+00 +0.0000e+00 +0.0000e+00 +6.0000e+00 +4.0000e+00
124 +3.862594682e+02 +3.862594682e+02 +3.253394682e+02 +3.253394682e+02 +0.0000e+00 +2.0000e+00 +6.0000e+00 +0.0000e+00 +1.4000e+01 +7.0000e+00 +0.0000e+00 +0.0000e+00 +4.0000e+00 +2.0000e+00
184 +2.297634682e+02 +2.297634682e+02 +1.688434682e+02 +1.688434682e+02 +0.0000e+00 +0.0000e+00 +3.0000e+00 +0.0000e+00 +1.1000e+01 +4.0000e+00 +0.0000e+00 +0.0000e+00 +1.0000e+00 +0.0000e+00
% function evaluation | noise-free fitness - Fopt (-1.948000000000e+01) | best noise-free fitness - Fopt | measured fitness | best measured fitness | x1 | x2...
1 +3.073051950e+03 +3.073051950e+03 +3.053571950e+03 +3.053571950e+03 +2.0000e+01 +1.8000e+01 +1.7000e+01 +2.7000e+01 +7.0000e+00 +2.8000e+01 +1.6000e+01 +1.3000e+01 +4.0000e+00 +2.0000e+00
9 +1.948411950e+03 +1.948411950e+03 +1.928931950e+03 +1.928931950e+03 +1.8000e+01 +1.1000e+01 +2.9000e+01 +3.0000e+00 +7.0000e+00 +5.0000e+00 +1.5000e+01 +1.5000e+01 +7.0000e+00 +0.0000e+00
20 +8.626247501e+02 +8.626247501e+02 +8.431447501e+02 +8.431447501e+02 +1.1000e+01 +5.0000e+00 +1.1000e+01 +2.0000e+01 +0.0000e+00 +2.0000e+00 +3.0000e+00 +1.1000e+01 +6.0000e+00 +4.0000e+00
60 +5.684967501e+02 +5.684967501e+02 +5.490167501e+02 +5.490167501e+02 +5.0000e+00 +7.0000e+00 +9.0000e+00 +1.8000e+01 +0.0000e+00 +0.0000e+00 +1.0000e+00 +9.0000e+00 +4.0000e+00 +2.0000e+00
100 +3.913671501e+02 +3.913671501e+02 +3.718871501e+02 +3.718871501e+02 +3.0000e+00 +5.0000e+00 +7.0000e+00 +1.6000e+01 +0.0000e+00 +0.0000e+00 +0.0000e+00 +7.0000e+00 +2.0000e+00 +0.0000e+00
160 +2.168679501e+02 +2.168679501e+02 +1.973879501e+02 +1.973879501e+02 +0.0000e+00 +2.0000e+00 +4.0000e+00 +1.3000e+01 +0.0000e+00 +0.0000e+00 +0.0000e+00 +4.0000e+00 +0.0000e+00 +0.0000e+00
200 +1.475463501e+02 +1.475463501e+02 +1.280663501e+02 +1.280663501e+02 +0.0000e+00 +0.0000e+00 +2.0000e+00 +1.1000e+01 +0.0000e+00 +0.0000e+00 +0.0000e+00 +2.0000e+00 +0.0000e+00 +0.0000e+00
% function evaluation | noise-free fitness - Fopt (1.344700000000e+02) | best noise-free fitness - Fopt | measured fitness | best measured fitness | x1 | x2...
1 +5.589880460e+03 +5.589880460e+03 +5.724350460e+03 +5.724350460e+03 +6.0000e+00 +2.9000e+01 +1.4000e+01 +2.3000e+01 +2.9000e+01 +1.9000e+01 +2.8000e+01 +2.5000e+01 +2.7000e+01 +1.6000e+01
2 +2.682232460e+03 +2.682232460e+03 +2.816702460e+03 +2.816702460e+03 +2.1000e+01 +1.1000e+01 +6.0000e+00 +1.1000e+01 +1.0000e+00 +1.0000e+00 +3.0000e+01 +9.0000e+00 +1.6000e+01 +2.1000e+01
3 +1.368416460e+03 +1.368416460e+03 +1.502886460e+03 +1.502886460e+03 +1.6000e+01 +9.0000e+00 +1.2000e+01 +0.0000e+00 +3.0000e+00 +1.1000e+01 +1.1000e+01 +2.0000e+01 +7.0000e+00 +4.0000e+00
19 +9.468244595e+02 +9.468244595e+02 +1.081294460e+03 +1.081294460e+03 +3.0000e+00 +9.0000e+00 +6.0000e+00 +0.0000e+00 +5.0000e+00 +6.0000e+00 +2.4000e+01 +0.0000e+00 +4.0000e+00 +1.2000e+01
79 +5.831156595e+02 +5.831156595e+02 +7.175856595e+02 +7.175856595e+02 +0.0000e+00 +8.0000e+00 +3.0000e+00 +0.0000e+00 +2.0000e+00 +3.0000e+00 +2.1000e+01 +0.0000e+00 +1.0000e+00 +9.0000e+00
139 +3.905988595e+02 +3.905988595e+02 +5.250688595e+02 +5.250688595e+02 +3.0000e+00 +1.0000e+00 +0.0000e+00 +0.0000e+00 +0.0000e+00 +0.0000e+00 +1.8000e+01 +0.0000e+00 +0.0000e+00 +6.0000e+00
183 +2.391428595e+02 +2.391428595e+02 +3.736128595e+02 +3.736128595e+02 +3.0000e+00 +6.0000e+00 +3.0000e+00 +0.0000e+00 +0.0000e+00 +2.0000e+00 +2.0000e+00 +1.1000e+01 +0.0000e+00 +0.0000e+00
% function evaluation | noise-free fitness - Fopt (4.453500000000e+02) | best noise-free fitness - Fopt | measured fitness | best measured fitness | x1 | x2...
1 +2.436839905e+03 +2.436839905e+03 +2.882189905e+03 +2.882189905e+03 +1.3000e+01 +1.4000e+01 +1.2000e+01 +1.1000e+01 +0.0000e+00 +2.9000e+01 +0.0000e+00 +3.0000e+01 +1.4000e+01 +1.0000e+01
4 +1.580303905e+03 +1.580303905e+03 +2.025653905e+03 +2.025653905e+03 +6.0000e+00 +2.5000e+01 +1.1000e+01 +4.0000e+00 +4.0000e+00 +2.3000e+01 +2.0000e+00 +1.9000e+01 +5.0000e+00 +1.0000e+01
64 +9.888303053e+02 +9.888303053e+02 +1.434180305e+03 +1.434180305e+03 +6.0000e+00 +1.9000e+01 +8.0000e+00 +1.0000e+00 +1.0000e+00 +2.0000e+01 +0.0000e+00 +1.6000e+01 +2.0000e+00 +7.0000e+00
124 +6.093887053e+02 +6.093887053e+02 +1.054738705e+03 +1.054738705e+03 +3.0000e+00 +1.6000e+01 +5.0000e+00 +0.0000e+00 +0.0000e+00 +1.7000e+01 +0.0000e+00 +1.3000e+01 +0.0000e+00 +4.0000e+00
