% function evaluation | noise-free fitness - Fopt (7.948000000000e+01) | best noise-free fitness - Fopt | measured fitness | best measured fitness | x1 | x2...
1 +5.160353617e+03 +5.160353617e+03 +5.239833617e+03 +5.239833617e+03 +2.6000e+01 +1.1000e+01 +1.9000e+01 +9.0000e+00 +0.0000e+00 +2.0000e+01 +8.0000e+00 +2.7000e+01 +0.0000e+00 +9.0000e+00 +1.0000e+01 +2.0000e+01 +2.1000e+01 +1.6000e+01 +3.0000e+00 +1.2000e+01 +7.0000e+00 +0.0000e+00 +2.7000e+01 +2.7000e+01
10 +3.881387217e+03 +3.881387217e+03 +3.960867217e+03 +3.960867217e+03 +2.0000e+01 +0.0000e+00 +0.0000e+00 +0.0000e+00 +1.4000e+01 +2.1000e+01 +2.0000e+00 +2.3000e+01 +2.2000e+01 +9.0000e+00 +6.0000e+00 +1.5000e+01 +0.0000e+00 +1.9000e+01 +9.0000e+00 +0.0000e+00 +6.0000e+00 +1.1000e+01 +2.1000e+01 +1.8000e+01
26 +2.347588817e+03 +2.347588817e+03 +2.427068817e+03 +2.427068817e+03 +1.6000e+01 +0.0000e+00 +0.0000e+00 +0.0000e+00 +1.0000e+01 +1.7000e+01 +0.0000e+00 +1.9000e+01 +1.8000e+01 +5.0000e+00 +2.0000e+00 +1.1000e+01 +0.0000e+00 +1.5000e+01 +5.0000e+00 +0.0000e+00 +2.0000e+00 +7.0000e+00 +1.7000e+01 +1.4000e+01
38 +1.500547217e+03 +1.500547217e+03 +1.580027217e+03 +1.580027217e+03 +1.3000e+01 +0.0000e+00 +0.0000e+00 +0.0000e+00 +7.0000e+00 +1.4000e+01 +0.0000e+00 +1.6000e+01 +1.5000e+01 +2.0000e+00 +0.0000e+00 +8.0000e+00 +0.0000e+00 +1.2000e+01 +2.0000e+00 +0.0000e+00 +0.0000e+00 +4.0000e+00 +1.4000e+01 +1.1000e+01
50 +8.902272173e+02 +8.902272173e+02 +9.697072173e+02 +9.697072173e+02 +1.0000e+01 +0.0000e+00 +0.0000e+00 +0.0000e+00 +4.0000e+00 +1.1000e+01 +0.0000e+00 +1.3000e+01 +1.2000e+01 +0.0000e+00 +0.0000e+00 +5.0000e+00 +0.0000e+00 +9.0000e+00 +0.0000e+00 +0.0000e+00 +0.0000e+00 +1.0000e+00 +1.1000e+01 +8.0000e+00
58 +5.939472173e+02 +5.939472173e+02 +6.734272173e+02 +6.734272173e+02 +8.0000e+00 +0.0000e+00 +0.0000e+00 +0.0000e+00 +2.0000e+00 +9.0000e+00 +0.0000e+00 +1.1000e+01 +1.0000e+01 +0.0000e+00 +0.0000e+00 +3.0000e+00 +0.0000e+00 +7.0000e+00 +0.0000e+00 +0.0000e+00 +0.0000e+00 +0.0000e+00 +9.0000e+00 +6.0000e+00
66 +3.785232173e+02 +3.785232173e+02 +4.580032173e+02 +4.580032173e+02 +6.0000e+00 +0.0000e+00 +0.0000e+00 +0.0000e+00 +0.0000e+00 +7.0000e+00 +0.0000e+00 +9.0000e+00 +8.0000e+00 +0.0000e+00 +0.0000e+00 +1.0000e+00 +0.0000e+00 +5.0000e+00 +0.0000e+00 +0.0000e+00 +0.0000e+00 +0.0000e+00 +7.0000e+00 +4.0000e+00
74 +2.367904173e+02 +2.367904173e+02 +3.162704173e+02 +3.162704173e+02 +4.0000e+00 +0.0000e+00 +0.0000e+00 +0.0000e+00 +0.0000e+00 +5.0000e+00 +0.0000e+00 +7.0000e+00 +6.0000e+00 +0.0000e+00 +0.0000e+00 +0.0000e+00 +0.0000e+00 +3.0000e+00 +0.0000e+00 +0.0000e+00 +0.0000e+00 +0.0000e+00 +5.0000e+00 +2.0000e+00
82 +1.480256173e+02 +1.480256173e+02 +2.275056173e+02 +2.275056173e+02 +2.0000e+00 +0.0000e+00 +0.0000e+00 +0.0000e+00 +0.0000e+00 +3.0000e+00 +0.0000e+00 +5.0000e+00 +4.0000e+00 +0.0000e+00 +0.0000e+00 +0.0000e+00 +0.0000e+00 +1.0000e+00 +0.0000e+00 +0.0000e+00 +0.0000e+00 +0.0000e+00 +3.0000e+00 +0.0000e+00
94 +9.756801728e+01 +9.756801728e+01 +1.770480173e+02 +1.770480173e+02 +0.0000e+00 +0.0000e+00 +0.0000e+00 +0.0000e+00 +0.0000e+00 +0.0000e+00 +0.0000e+00 +2.0000e+00 +1.0000e+00 +0.0000e+00 +0.0000e+00 +0.0000e+00 +0.0000e+00 +0.0000e+00 +0.0000e+00 +0.0000e+00 +0.0000e+00 +0.0000e+00 +0.0000e+00 +0.0000e+00
% function evaluation | noise-free fitness - Fopt (3.944800000000e+02) | best noise-free fitness - Fopt | measured fitness | best measured fitness | x1 | x2...
1 +8.503178082e+03 +8.503178082e+03 +8.897658082e+03 +8.897658082e+03 +2.8000e+01 +1.1000e+01 +2.8000e+01 +1.0000e+00 +2.3000e+01 +2.4000e+01 +2.6000e+01 +2.5000e+01 +1.0000e+01 +1.8000e+01 +2.3000e+01 +1.0000e+00 +0.0000e+00 +1.5000e+01 +2.7000e+01 +1.0000e+01 +2.4000e+01 +1.1000e+01 +2.8000e+01 +1.0000e+01
3 +5.012014882e+03 +5.012014882e+03 +5.406494882e+03 +5.406494882e+03 +2.9000e+01 +1.6000e+01 +3.0000e+00 +1.6000e+01 +9.0000e+00 +5.0000e+00 +1.3000e+01 +5.0000e+00 +8.0000e+00 +2.0000e+00 +2.7000e+01 +1.3000e+01 +1.9000e+01 +1.8000e+01 +1.3000e+01 +9.0000e+00 +2.2000e+01 +1.8000e+01 +2.0000e+01 +7.0000e+00
11 +3.981048482e+03 +3.981048482e+03 +4.375528482e+03 +4.375528482e+03 +2.7000e+01 +1.4000e+01 +1.0000e+00 +1.4000e+01 +7.0000e+00 +3.0000e+00 +1.1000e+01 +3.0000e+00 +6.0000e+00 +0.0000e+00 +2.5000e+01 +1.1000e+01 +1.7000e+01 +1.6000e+01 +1.1000e+01 +7.0000e+00 +2.0000e+01 +1.6000e+01 +1.8000e+01 +5.0000e+00
27 +2.431821282e+03 +2.431821282e+03 +2.826301282e+03 +2.826301282e+03 +2.3000e+01 +1.0000e+01 +0.0000e+00 +1.0000e+01 +3.0000e+00 +0.0000e+00 +7.0000e+00 +0.0000e+00 +2.0000e+00 +0.0000e+00 +2.1000e+01 +7.0000e+00 +1.3000e+01 +1.2000e+01 +7.0000e+00 +3.0000e+00 +1.6000e+01 +1.2000e+01 +1.4000e+01 +1.0000e+00
43 +1.415424482e+03 +1.415424482e+03 +1.809904482e+03 +1.809904482e+03 +1.9000e+01 +6.0000e+00 +0.0000e+00 +6.0000e+00 +0.0000e+00 +0.0000e+00 +3.0000e+00 +0.0000e+00 +0.0000e+00 +0.0000e+00 +1.7000e+01 +3.0000e+00 +9.0000e+00 +8.0000e+00 +3.0000e+00 +0.0000e+00 +1.2000e+01 +8.0000e+00 +1.0000e+01 +0.0000e+00
55 +9.059140819e+02 +9.059140819e+02 +1.300394082e+03 +1.300394082e+03 +1.6000e+01 +3.0000e+00 +0.0000e+00 +3.0000e+00 +0.0000e+00 +0.0000e+00 +0.0000e+00 +0.0000e+00 +0.0000e+00 +0.0000e+00 +1.4000e+01 +0.0000e+00 +6.0000e+00 +5.0000e+00 +0.0000e+00 +0.0000e+00 +9.0000e+00 +5.0000e+00 +7.0000e+00 +0.0000e+00
67 +5.800084819e+02 +5.800084819e+02 +9.744884819e+02 +9.744884819e+02 +1.3000e+01 +0.0000e+00 +0.0000e+00 +0.0000e+00 +0.0000e+00 +0.0000e+00 +0.0000e+00 +0.0000e+00 +0.0000e+00 +0.0000e+00 +1.1000e+01 +0.0000e+00 +3.0000e+00 +2.0000e+00 +0.0000e+00 +0.0000e+00 +6.0000e+00 +2.0000e+00 +4.0000e+00 +0.0000e+00
79 +3.852548819e+02 +3.852548819e+02 +7.797348819e+02 +7.797348819e+02 +1.0000e+01 +0.0000e+00 +0.0000e+00 +0.0000e+00 +0.0000e+00 +0.0000e+00 +0.0000e+00 +0.0000e+00 +0.0000e+00 +0.0000e+00 +8.0000e+00 +0.0000e+00 +0.0000e+00 +0.0000e+00 +0.0000e+00 +0.0000e+00 +3.0000e+00 +0.0000e+00 +1.0000e+00 +0.0000e+00
92 +2.468340819e+02 +2.468340819e+02 +6.413140819e+02 +6.413140819e+02 +0.0000e+00 +0.0000e+00 +0.0000e+00 +0.0000e+00 +0.0000e+00 +0.0000e+00 +1.0000e+00 +0.0000e+00 +6.0000e+00 +0.0000e+00 +0.0000e+00 +0.0000e+00 +8.0000e+00 +0.0000e+00 +0.0000e+00 +0.0000e+00 +0.0000e+00 +0.0000e+00 +0.0000e+00 +6.0000e+00
102 +1.540916819e+02 +1.540916819e+02 +5.485716819e+02 +5.485716819e+02 +0.0000e+00 +0.0000e+00 +0.0000e+00 +0.0000e+00 +0.0000e+00 +0.0000e+00 +0.0000e+00 +0.0000e+00 +0.0000e+00 +0.0000e+00 +5.0000e+00 +2.0000e+00 +5.0000e+00 +4.0000e+00 +0.0000e+00 +4.0000e+00 +0.0000e+00 +0.0000e+00 +4.0000e+00 +0.0000e+00
% function evaluation | noise-free fitness - Fopt (-2.471100000000e+02) | best noise-free fitness - Fopt | measured fitness | best measured fitness | x1 | x2...
1 +6.967062996e+03 +6.967062996e+03 +6.719952996e+03 +6.719952996e+03 +6.0000e+00 +0.0000e+00 +1.4000e+01 +2.2000e+01 +2.8000e+01 +1.1000e+01 +2.5000e+01 +2.1000e+01 +1.9000e+01 +1.0000e+00 +2.2000e+01 +4.0000e+00 +6.0000e+00 +3.0000e+01 +1.1000e+01 +2.7000e+01 +1.6000e+01 +2.6000e+01 +2.7000e+01 +5.0000e+00
3 +3.519408596e+03 +3.519408596e+03 +3.272298596e+03 +3.272298596e+03 +2.0000e+00 +1.8000e+01 +2.1000e+01 +1.7000e+01 +1.3000e+01 +1.0000e+00 +0.0000e+00 +3.0000e+00 +0.0000e+00 +2.5000e+01 +7.0000e+00 +2.7000e+01 +2.4000e+01 +7.0000e+00 +9.0000e+00 +1.3000e+01 +6.0000e+00 +5.0000e+00 +1.1000e+01 +2.0000e+00
15 +2.451603796e+03 +2.451603796e+03 +2.204493796e+03 +2.204493796e+03 +0.0000e+00 +1.5000e+01 +1.8000e+01 +1.4000e+01 +1.0000e+01 +0.0000e+00 +0.0000e+00 +0.0000e+00 +0.0000e+00 +2.2000e+01 +4.0000e+00 +2.4000e+01 +2.1000e+01 +4.0000e+00 +6.0000e+00 +1.0000e+01 +3.0000e+00 +2.0000e+00 +8.0000e+00 +0.0000e+00
31 +1.477504596e+03 +1.477504596e+03 +1.230394596e+03 +1.230394596e+03 +0.0000e+00 +1.1000e+01 +1.4000e+01 +1.0000e+01 +6.0000e+00 +0.0000e+00 +0.0000e+00 +0.0000e+00 +0.0000e+00 +1.8000e+01 +0.0000e+00 +2.0000e+01 +1.7000e+01 +0.0000e+00 +2.0000e+00 +6.0000e+00 +0.0000e+00 +0.0000e+00 +4.0000e+00 +0.0000e+00
43 +9.497061958e+02 +9.497061958e+02 +7.025961958e+02 +7.025961958e+02 +0.0000e+00 +8.0000e+00 +1.1000e+01 +7.0000e+00 +3.0000e+00 +0.0000e+00 +0.0000e+00 +0.0000e+00 +0.0000e+00 +1.5000e+01 +0.0000e+00 +1.7000e+01 +1.4000e+01 +0.0000e+00 +0.0000e+00 +3.0000e+00 +0.0000e+00 +0.0000e+00 +1.0000e+00 +0.0000e+00
55 +5.591013958e+02 +5.591013958e+02 +3.119913958e+02 +3.119913958e+02 +0.0000e+00 +5.0000e+00 +8.0000e+00 +4.0000e+00 +0.0000e+00 +0.0000e+00 +0.0000e+00 +0.0000e+00 +0.0000e+00 +1.2000e+01 +0.0000e+00 +1.4000e+01 +1.1000e+01 +0.0000e+00 +0.0000e+00 +0.0000e+00 +0.0000e+00 +0.0000e+00 +0.0000e+00 +0.0000e+00
63 +3.785061958e+02 +3.785061958e+02 +1.313961958e+02 +1.313961958e+02 +0.0000e+00 +3.0000e+00 +6.0000e+00 +2.0000e+00 +0.0000e+00 +0.0000e+00 +0.0000e+00 +0.0000e+00 +0.0000e+00 +1.0000e+01 +0.0000e+00 +1.2000e+01 +9.0000e+00 +0.0000e+00 +0.0000e+00 +0.0000e+00 +0.0000e+00 +0.0000e+00 +0.0000e+00 +0.0000e+00
71 +2.459109958e+02 +2.459109958e+02 -1.199004160e+00 -1.199004160e+00 +0.0000e+00 +1.0000e+00 +4.0000e+00 +0.0000e+00 +0.0000e+00 +0.0000e+00 +0.0000e+00 +0.0000e+00 +0.0000e+00 +8.0000e+00 +0.0000e+00 +1.0000e+01 +7.0000e+00 +0.0000e+00 +0.0000e+00 +0.0000e+00 +0.0000e+00 +0.0000e+00 +0.0000e+00 +0.0000e+00
83 +1.453525958e+02 +1.453525958e+02 -1.017574042e+02 -1.017574042e+02 +0.0000e+00 +0.0000e+00 +1.0000e+00 +0.0000e+00 +0.0000e+00 +0.0000e+00 +0.0000e+00 +0.0000e+00 +0.0000e+00 +5.0000e+00 +0.0000e+00 +7.0000e+00 +4.0000e+00 +0.0000e+00 +0.0000e+00 +0.0000e+00 +0.0000e+00 +0.0000e+00 +0.0000e+00 +0.0000e+00
% function evaluation | noise-free fitness - Fopt (-1.520400000000e+02) | best noise-free fitness - Fopt | measured fitness | best measured fitness | x1 | x2...
1 +5.513368835e+03 +5.513368835e+03 +5.361328835e+03 +5.361328835e+03 +2.4000e+01 +3.0000e+01 +3.0000e+00 +2.0000e+00 +2.9000e+01 +0.0000e+00 +1.3000e+01 +2.4000e+01 +6.0000e+00 +2.3000e+01 +1.0000e+01 +1.0000e+00 +0.0000e+00 +2.6000e+01 +1.4000e+01 +7.0000e+00 +2.0000e+00 +2.1000e+01 +2.2000e+01 +2.3000e+01
15 +3.963756035e+03 +3.963756035e+03 +3.811716035e+03 +3.811716035e+03 +2.0000e+00 +0.0000e+00 +1.0000e+00 +1.3000e+01 +2.6000e+01 +2.0000e+01 +1.0000e+01 +2.0000e+01 +1.1000e+01 +0.0000e+00 +3.0000e+00 +2.3000e+01 +2.2000e+01 +0.0000e+00 +2.5000e+01 +1.2000e+01 +1.0000e+01 +0.0000e+00 +6.0000e+00 +1.1000e+01
32 +2.289652035e+03 +2.289652035e+03 +2.137612035e+03 +2.137612035e+03 +5.0000e+00 +0.0000e+00 +8.0000e+00 +1.6000e+01 +9.0000e+00 +0.0000e+00 +0.0000e+00 +1.7000e+01 +4.0000e+00 +1.2000e+01 +9.0000e+00 +3.0000e+00 +2.2000e+01 +8.0000e+00 +1.2000e+01 +0.0000e+00 +2.3000e+01 +9.0000e+00 +0.0000e+00 +1.1000e+01
44 +1.469980035e+03 +1.469980035e+03 +1.317940035e+03 +1.317940035e+03 +2.0000e+00 +0.0000e+00 +5.0000e+00 +1.3000e+01 +6.0000e+00 +0.0000e+00 +0.0000e+00 +1.4000e+01 +1.0000e+00 +9.0000e+00 +6.0000e+00 +0.0000e+00 +1.9000e+01 +5.0000e+00 +9.0000e+00 +0.0000e+00 +2.0000e+01 +6.0000e+00 +0.0000e+00 +8.0000e+00
56 +9.166920352e+02 +9.166920352e+02 +7.646520352e+02 +7.646520352e+02 +0.0000e+00 +0.0000e+00 +2.0000e+00 +1.0000e+01 +3.0000e+00 +0.0000e+00 +0.0000e+00 +1.1000e+01 +0.0000e+00 +6.0000e+00 +3.0000e+00 +0.0000e+00 +1.6000e+01 +2.0000e+00 +6.0000e+00 +0.0000e+00 +1.7000e+01 +3.0000e+00 +0.0000e+00 +5.0000e+00
65 +5.938264352e+02 +5.938264352e+02 +4.417864352e+02 +4.417864352e+02 +8.0000e+00 +1.4000e+01 +0.0000e+00 +0.0000e+00 +1.3000e+01 +0.0000e+00 +0.0000e+00 +8.0000e+00 +0.0000e+00 +7.0000e+00 +0.0000e+00 +0.0000e+00 +0.0000e+00 +1.0000e+01 +0.0000e+00 +0.0000e+00 +0.0000e+00 +5.0000e+00 +6.0000e+00 +7.0000e+00
73 +3.743704352e+02 +3.743704352e+02 +2.223304352e+02 +2.223304352e+02 +6.0000e+00 +1.2000e+01 +0.0000e+00 +0.0000e+00 +1.1000e+01 +0.0000e+00 +0.0000e+00 +6.0000e+00 +0.0000e+00 +5.0000e+00 +0.0000e+00 +0.0000e+00 +0.0000e+00 +8.0000e+00 +0.0000e+00 +0.0000e+00 +0.0000e+00 +3.0000e+00 +4.0000e+00 +5.0000e+00
81 +2.269144352e+02 +2.269144352e+02 +7.487443520e+01 +7.487443520e+01 +4.0000e+00 +1.0000e+01 +0.0000e+00 +0.0000e+00 +9.0000e+00 +0.0000e+00 +0.0000e+00 +4.0000e+00 +0.0000e+00 +3.0000e+00 +0.0000e+00 +0.0000e+00 +0.0000e+00 +6.0000e+00 +0.0000e+00 +0.0000e+00 +0.0000e+00 +1.0000e+00 +2.0000e+00 +3.0000e+00
89 +1.498600352e+02 +1.498600352e+02 -2.179964800e+00 -2.179964800e+00 +2.0000e+00 +8.0000e+00 +0.0000e+00 +0.0000e+00 +7.0000e+00 +0.0000e+00 +0.0000e+00 +2.0000e+00 +0.0000e+00 +1.0000e+00 +0.0000e+00 +0.0000e+00 +0.0000e+00 +4.0000e+00 +0.0000e+00 +0.0000e+00 +0.0000e+00 +0.0000e+00 +0.0000e+00 +1.0000e+00
% function evaluation | noise-free fitness - Fopt (-2.525000000000e+01) | best noise-free fitness - Fopt | measured fitness | best measured fitness | x1 | x2...
1 +7.846545228e+03 +7.846545228e+03 +7.821295228e+03 +7.821295228e+03 +1.7000e+01 +9.0000e+00 +0.0000e+00 +3.0000e+01 +2.4000e+01 +2.2000e+01 +2.6000e+01 +2.9000e+01 +1.9000e+01 +2.6000e+01 +8.0000e+00 +1.9000e+01 +1.1000e+01 +2.0000e+01 +2.9000e+01 +6.0000e+00 +2.4000e+01 +1.3000e+01 +9.0000e+00 +1.2000e+01
2 +5.019857228e+03 +5.019857228e+03 +4.994607228e+03 +4.994607228e+03 +2.2000e+01 +1.5000e+01 +1.0000e+00 +1.6000e+01 +1.6000e+01 +2.0000e+01 +2.9000e+01 +3.0000e+01 +1.1000e+01 +1.1000e+01 +1.7000e+01 +2.0000e+01 +6.0000e+00 +2.0000e+00 +5.0000e+00 +1.0000e+01 +5.0000e+00 +1.4000e+01 +1.6000e+01 +5.0000e+00
8 +3.723430028e+03 +3.723430028e+03 +3.698180028e+03 +3.698180028e+03 +0.0000e+00 +1.0000e+00 +1.3000e+01 +4.0000e+00 +3.0000e+00 +0.0000e+00 +2.7000e+01 +1.8000e+01 +1.5000e+01 +2.2000e+01 +1.3000e+01 +1.7000e+01 +3.0000e+00 +1.3000e+01 +2.4000e+01 +0.0000e+00 +1.5000e+01 +5.0000e+00 +7.0000e+00 +5.0000e+00
24 +2.301156428e+03 +2.301156428e+03 +2.275906428e+03 +2.275906428e+03 +0.0000e+00 +0.0000e+00 +9.0000e+00 +0.0000e+00 +0.0000e+00 +0.0000e+00 +2.3000e+01 +1.4000e+01 +1.1000e+01 +1.8000e+01 +9.0000e+00 +1.3000e+01 +0.0000e+00 +9.0000e+00 +2.0000e+01 +0.0000e+00 +1.1000e+01 +1.0000e+00 +3.0000e+00 +1.0000e+00
36 +1.544249228e+03 +1.544249228e+03 +1.518999228e+03 +1.518999228e+03 +0.0000e+00 +0.0000e+00 +6.0000e+00 +0.0000e+00 +0.0000e+00 +0.0000e+00 +2.0000e+01 +1.1000e+01 +8.0000e+00 +1.5000e+01 +6.0000e+00 +1.0000e+01 +0.0000e+00 +6.0000e+00 +1.7000e+01 +0.0000e+00 +8.0000e+00 +0.0000e+00 +0.0000e+00 +0.0000e+00
48 +9.811036282e+02 +9.811036282e+02 +9.558536282e+02 +9.558536282e+02 +0.0000e+00 +0.0000e+00 +3.0000e+00 +0.0000e+00 +0.0000e+00 +0.0000e+00 +1.7000e+01 +8.0000e+00 +5.0000e+00 +1.2000e+01 +3.0000e+00 +7.0000e+00 +0.0000e+00 +3.0000e+00 +1.4000e+01 +0.0000e+00 +5.0000e+00 +0.0000e+00 +0.0000e+00 +0.0000e+00
60 +5.979580282e+02 +5.979580282e+02 +5.727080282e+02 +5.727080282e+02 +0.0000e+00 +0.0000e+00 +0.0000e+00 +0.0000e+00 +0.0000e+00 +0.0000e+00 +1.4000e+01 +5.0000e+00 +2.0000e+00 +9.0000e+00 +0.0000e+00 +4.0000e+00 +0.0000e+00 +0.0000e+00 +1.1000e+01 +0.0000e+00 +2.0000e+00 +0.0000e+00 +0.0000e+00 +0.0000e+00
72 +3.568700282e+02 +3.568700282e+02 +3.316200282e+02 +3.316200282e+02 +0.0000e+00 +0.0000e+00 +0.0000e+00 +0.0000e+00 +0.0000e+00 +0.0000e+00 +1.1000e+01 +2.0000e+00 +0.0000e+00 +6.0000e+00 +0.0000e+00 +1.0000e+00 +0.0000e+00 +0.0000e+00 +8.0000e+00 +0.0000e+00 +0.0000e+00 +0.0000e+00 +0.0000e+00 +0.0000e+00
80 +2.464204282e+02 +2.464204282e+02 +2.211704282e+02 +2.211704282e+02 +0.0000e+00 +0.0000e+00 +0.0000e+00 +0.0000e+00 +0.0000e+00 +0.0000e+00 +9.0000e+00 +0.0000e+00 +0.0000e+00 +4.0000e+00 +0.0000e+00 +0.0000e+00 +0.0000e+00 +0.0000e+00 +6.0000e+00 +0.0000e+00 +0.0000e+00 +0.0000e+00 +0.0000e+00 +0.0000e+00
92 +1.407772282e+02 +1.407772282e+02 +1.155272282e+02 +1.155272282e+02 +0.0000e+00 +0.0000e+00 +0.0000e+00 +0.0000e+00 +0.0000e+00 +0.0000e+00 +6.0000e+00 +0.0000e+00 +0.0000e+00 +1.0000e+00 +0.0000e+00 +0.0000e+00 +0.0000e+00 +0.0000e+00 +3.0000e+00 +0.0000e+00 +0.0000e+00 +0.0000e+00 +0.0000e+00 +0.0000e+00
104 +9.582522816e+01 +9.582522816e+01 +7.057522816e+01 +7.057522816e+01 +0.0000e+00 +0.0000e+00 +0.0000e+00 +0.0000e+00 +0.0000e+00 +0.0000e+00 +3.0000e+00 +0.0000e+00 +0.0000e+00 +0.0000e+00 +0.0000e+00 +0.0000e+00 +0.0000e+00 +0.0000e+00 +0.0000e+00 +0.0000e+00 +0.0000e+00 +0.0000e+00 +0.0000e+00 +0.0000e+00
% function evaluation | noise-free fitness - Fopt (2.230000000000e+00) | best noise-free fitness - Fopt | measured fitness | best measured fitness | x1 | x2...
1 +7.819169783e+03 +7.819169783e+03 +7.821399783e+03 +7.821399783e+03 +1.2000e+01 +2.0000e+01 +2.3000e+01 +1.9000e+01 +1.6000e+01 +2.2000e+01 +0.0000e+00 +2.7000e+01 +1.9000e+01 +3.0000e+01 +1.6000e+01 +0.0000e+00 +1.7000e+01 +3.0000e+00 +1.4000e+01 +2.3000e+01 +1.7000e+01 +2.8000e+01 +2.5000e+01 +2.2000e+01
2 +5.746392183e+03 +5.746392183e+03 +5.748622183e+03 +5.748622183e+03 +1.2000e+01 +2.7000e+01 +2.6000e+01 +1.9000e+01 +8.0000e+00 +9.0000e+00 +1.9000e+01 +2.6000e+01 +1.0000e+00 +5.0000e+00 +1.0000e+00 +0.0000e+00 +2.2000e+01 +2.1000e+01 +2.0000e+00 +2.1000e+01 +7.0000e+00 +1.2000e+01 +1.6000e+01 +2.0000e+01
3 +3.615376183e+03 +3.615376183e+03 +3.617606183e+03 +3.617606183e+03 +3.0000e+01 +2.5000e+01 +1.2000e+01 +3.0000e+00 +2.0000e+00 +4.0000e+00 +3.0000e+00 +1.2000e+01 +1.4000e+01 +1.4000e+01 +0.0000e+00 +7.0000e+00 +1.9000e+01 +8.0000e+00 +1.6000e+01 +6.0000e+00 +2.4000e+01 +1.0000e+00 +2.0000e+00 +8.0000e+00
15 +2.487297783e+03 +2.487297783e+03 +2.489527783e+03 +2.489527783e+03 +2.7000e+01 +2.2000e+01 +9.0000e+00 +0.0000e+00 +0.0000e+00 +1.0000e+00 +0.0000e+00 +9.0000e+00 +1.1000e+01 +1.1000e+01 +0.0000e+00 +4.0000e+00 +1.6000e+01 +5.0000e+00 +1.3000e+01 +3.0000e+00 +2.1000e+01 +0.0000e+00 +0.0000e+00 +5.0000e+00
31 +1.435366583e+03 +1.435366583e+03 +1.437596583e+03 +1.437596583e+03 +2.3000e+01 +1.8000e+01 +5.0000e+00 +0.0000e+00 +0.0000e+00 +0.0000e+00 +0.0000e+00 +5.0000e+00 +7.0000e+00 +7.0000e+00 +0.0000e+00 +0.0000e+00 +1.2000e+01 +1.0000e+00 +9.0000e+00 +0.0000e+00 +1.7000e+01 +0.0000e+00 +0.0000e+00 +1.0000e+00
43 +9.140113830e+02 +9.140113830e+02 +9.162413830e+02 +9.162413830e+02 +2.0000e+01 +1.5000e+01 +2.0000e+00 +0.0000e+00 +0.0000e+00 +0.0000e+00 +0.0000e+00 +2.0000e+00 +4.0000e+00 +4.0000e+00 +0.0000e+00 +0.0000e+00 +9.0000e+00 +0.0000e+00 +6.0000e+00 +0.0000e+00 +1.4000e+01 +0.0000e+00 +0.0000e+00 +0.0000e+00
55 +5.586193830e+02 +5.586193830e+02 +5.608493830e+02 +5.608493830e+02 +1.7000e+01 +1.2000e+01 +0.0000e+00 +0.0000e+00 +0.0000e+00 +0.0000e+00 +0.0000e+00 +0.0000e+00 +1.0000e+00 +1.0000e+00 +0.0000e+00 +0.0000e+00 +6.0000e+00 +0.0000e+00 +3.0000e+00 +0.0000e+00 +1.1000e+01 +0.0000e+00 +0.0000e+00 +0.0000e+00
67 +3.349681830e+02 +3.349681830e+02 +3.371981830e+02 +3.371981830e+02 +1.4000e+01 +9.0000e+00 +0.0000e+00 +0.0000e+00 +0.0000e+00 +0.0000e+00 +0.0000e+00 +0.0000e+00 +0.0000e+00 +0.0000e+00 +0.0000e+00 +0.0000e+00 +3.0000e+00 +0.0000e+00 +0.0000e+00 +0.0000e+00 +8.0000e+00 +0.0000e+00 +0.0000e+00 +0.0000e+00
75 +2.392401830e+02 +2.392401830e+02 +2.414701830e+02 +2.414701830e+02 +1.2000e+01 +7.0000e+00 +0.0000e+00 +0.0000e+00 +0.0000e+00 +0.0000e+00 +0.0000e+00 +0.0000e+00 +0.0000e+00 +0.0000e+00 +0.0000e+00 +0.0000e+00 +1.0000e+00 +0.0000e+00 +0.0000e+00 +0.0000e+00 +6.0000e+00 +0.0000e+00 +0.0000e+00 +0.0000e+00
87 +1.453409830e+02 +1.453409830e+02 +1.475709830e+02 +1.475709830e+02 +9.0000e+00 +4.0000e+00 +0.0000e+00 +0.0000e+00 +0.0000e+00 +0.0000e+00 +0.0000e+00 +0.0000e+00 +0.0000e+00 +0.0000e+00 +0.0000e+00 +0.0000e+00 +0.0000e+00 +0.0000e+00 +0.0000e+00 +0.0000e+00 +3.0000e+00 +0.0000e+00 +0.0000e+00 +0.0000e+00
103 +9.441458304e+01 +9.441458304e+01 +9.664458304e+01 +9.664458304e+01 +5.0000e+00 +0.0000e+00 +0.0000e+00 +0.0000e+00 +0.0000e+00 +0.0000e+00 +0.0000e+00 +0.0000e+00 +0.0000e+00 +0.0000e+00 +0.0000e+00 +0.0000e+00 +0.0000e+00 +0.0000e+00 +0.0000e+00 +0.0000e+00 +0.0000e+00 +0.0000e+00 +0.0000e+00 +0.0000e+00
% function evaluation | noise-free fitness - Fopt (-1.308000000000e+01) | best noise-free fitness - Fopt | measured fitness | best measured fitness | x1 | x2...
1 +5.524617747e+03 +5.524617747e+03 +5.511537747e+03 +5.511537747e+03 +8.0000e+00 +2.0000e+00 +0.0000e+00 +8.0000e+00 +1.9000e+01 +0.0000e+00 +4.0000e+00 +4.0000e+00 +2.6000e+01 +2.0000e+01 +3.0000e+01 +3.0000e+01 +1.0000e+00 +1.4000e+01 +1.7000e+01 +4.0000e+00 +2.0000e+01 +0.0000e+00 +1.9000e+01 +3.0000e+01
17 +3.747035347e+03 +3.747035347e+03 +3.733955347e+03 +3.733955347e+03 +4.0000e+00 +0.0000e+00 +0.0000e+00 +4.0000e+00 +1.5000e+01 +0.0000e+00 +0.0000e+00 +0.0000e+00 +2.2000e+01 +1.6000e+01 +2.6000e+01 +2.6000e+01 +0.0000e+00 +1.0000e+01 +1.3000e+01 +0.0000e+00 +1.6000e+01 +0.0000e+00 +1.5000e+01 +2.6000e+01
33 +2.430977747e+03 +2.430977747e+03 +2.417897747e+03 +2.417897747e+03 +0.0000e+00 +0.0000e+00 +0.0000e+00 +0.0000e+00 +1.1000e+01 +0.0000e+00 +0.0000e+00 +0.0000e+00 +1.8000e+01 +1.2000e+01 +2.2000e+01 +2.2000e+01 +0.0000e+00 +6.0000e+00 +9.0000e+00 +0.0000e+00 +1.2000e+01 +0.0000e+00 +1.1000e+01 +2.2000e+01
49 +1.436353747e+03 +1.436353747e+03 +1.423273747e+03 +1.423273747e+03 +0.0000e+00 +0.0000e+00 +0.0000e+00 +0.0000e+00 +7.0000e+00 +0.0000e+00 +0.0000e+00 +0.0000e+00 +1.4000e+01 +8.0000e+00 +1.8000e+01 +1.8000e+01 +0.0000e+00 +2.0000e+00 +5.0000e+00 +0.0000e+00 +8.0000e+00 +0.0000e+00 +7.0000e+00 +1.8000e+01
61 +8.976113466e+02 +8.976113466e+02 +8.845313466e+02 +8.845313466e+02 +0.0000e+00 +0.0000e+00 +0.0000e+00 +0.0000e+00 +4.0000e+00 +0.0000e+00 +0.0000e+00 +0.0000e+00 +1.1000e+01 +5.0000e+00 +1.5000e+01 +1.5000e+01 +0.0000e+00 +0.0000e+00 +2.0000e+00 +0.0000e+00 +5.0000e+00 +0.0000e+00 +4.0000e+00 +1.5000e+01
69 +6.287505466e+02 +6.287505466e+02 +6.156705466e+02 +6.156705466e+02 +0.0000e+00 +0.0000e+00 +0.0000e+00 +0.0000e+00 +2.0000e+00 +0.0000e+00 +0.0000e+00 +0.0000e+00 +9.0000e+00 +3.0000e+00 +1.3000e+01 +1.3000e+01 +0.0000e+00 +0.0000e+00 +0.0000e+00 +0.0000e+00 +3.0000e+00 +0.0000e+00 +2.0000e+00 +1.3000e+01
81 +3.480001466e+02 +3.480001466e+02 +3.349201466e+02 +3.349201466e+02 +0.0000e+00 +0.0000e+00 +0.0000e+00 +0.0000e+00 +0.0000e+00 +0.0000e+00 +0.0000e+00 +0.0000e+00 +6.0000e+00 +0.0000e+00 +1.0000e+01 +1.0000e+01 +0.0000e+00 +0.0000e+00 +0.0000e+00 +0.0000e+00 +0.0000e+00 +0.0000e+00 +0.0000e+00 +1.0000e+01
89 +2.353057466e+02 +2.353057466e+02 +2.222257466e+02 +2.222257466e+02 +0.0000e+00 +0.0000e+00 +0.0000e+00 +0.0000e+00 +0.0000e+00 +0.0000e+00 +0.0000e+00 +0.0000e+00 +4.0000e+00 +0.0000e+00 +8.0000e+00 +8.0000e+00 +0.0000e+00 +0.0000e+00 +0.0000e+00 +0.0000e+00 +0.0000e+00 +0.0000e+00 +0.0000e+00 +8.0000e+00
97 +1.546113466e+02 +1.546113466e+02 +1.415313466e+02 +1.415313466e+02 +0.0000e+00 +0.0000e+00 +0.0000e+00 +0.0000e+00 +0.0000e+00 +0.0000e+00 +0.0000e+00 +0.0000e+00 +2.0000e+00 +0.0000e+00 +6.0000e+00 +6.0000e+00 +0.0000e+00 +0.0000e+00 +0.0000e+00 +0.0000e+00 +0.0000e+00 +0.0000e+00 +0.0000e+00 +6.0000e+00
106 +8.847214656e+01 +8.847214656e+01 +7.539214656e+01 +7.539214656e+01 +0.0000e+00 +0.0000e+00 +0.0000e+00 +0.0000e+00 +0.0000e+00 +0.0000e+00 +0.0000e+00 +0.0000e+00 +2.0000e+00 +0.0000e+00 +0.0000e+00 +0.0000e+00 +0.0000e+00 +0.0000e+00 +0.0000e+00 +0.0000e+00 +0.0000e+00 +3.0000e+00 +0.0000e+00 +3.0000e+00
% function evaluation | noise-free fitness - Fopt (2.671600000000e+02) | best noise-free fitness - Fopt | measured fitness | best measured fitness | x1 | x2...
1 +7.308966584e+03 +7.308966584e+03 +7.576126584e+03 +7.576126584e+03 +2.3000e+01 +1.6000e+01 +2.9000e+01 +1.4000e+01 +2.0000e+01 +6.0000e+00 +2.0000e+01 +3.0000e+00 +2.9000e+01 +4.0000e+00 +4.0000e+00 +2.1000e+01 +5.0000e+00 +1.0000e+01 +1.7000e+01 +2.6000e+01 +2.4000e+01 +2.7000e+01 +9.0000e+00 +1.2000e+01
3 +4.497635384e+03 +4.497635384e+03 +4.764795384e+03 +4.764795384e+03 +2.5000e+01 +7.0000e+00 +1.2000e+01 +1.6000e+01 +2.0000e+01 +1.3000e+01 +0.0000e+00 +7.0000e+00 +4.0000e+00 +0.0000e+00 +1.0000e+00 +1.8000e+01 +2.0000e+00 +1.0000e+00 +9.0000e+00 +2.2000e+01 +2.7000e+01 +5.0000e+00 +1.1000e+01 +2.2000e+01
15 +3.731617784e+03 +3.731617784e+03 +3.998777784e+03 +3.998777784e+03 +3.0000e+01 +1.2000e+01 +7.0000e+00 +1.1000e+01 +2.1000e+01 +2.0000e+00 +1.0000e+00 +1.2000e+01 +9.0000e+00 +7.0000e+00 +3.0000e+00 +1.6000e+01 +1.0000e+00 +1.0000e+00 +1.4000e+01 +2.0000e+01 +8.0000e+00 +1.8000e+01 +1.2000e+01 +3.0000e+00
31 +2.220772984e+03 +2.220772984e+03 +2.487932984e+03 +2.487932984e+03 +2.6000e+01 +8.0000e+00 +3.0000e+00 +7.0000e+00 +1.7000e+01 +0.0000e+00 +0.0000e+00 +8.0000e+00 +5.0000e+00 +3.0000e+00 +0.0000e+00 +1.2000e+01 +0.0000e+00 +0.0000e+00 +1.0000e+01 +1.6000e+01 +4.0000e+00 +1.4000e+01 +8.0000e+00 +0.0000e+00
43 +1.426627384e+03 +1.426627384e+03 +1.693787384e+03 +1.693787384e+03 +2.3000e+01 +5.0000e+00 +0.0000e+00 +4.0000e+00 +1.4000e+01 +0.0000e+00 +0.0000e+00 +5.0000e+00 +2.0000e+00 +0.0000e+00 +0.0000e+00 +9.0000e+00 +0.0000e+00 +0.0000e+00 +7.0000e+00 +1.3000e+01 +1.0000e+00 +1.1000e+01 +5.0000e+00 +0.0000e+00
55 +8.837569843e+02 +8.837569843e+02 +1.150916984e+03 +1.150916984e+03 +2.0000e+01 +2.0000e+00 +0.0000e+00 +1.0000e+00 +1.1000e+01 +0.0000e+00 +0.0000e+00 +2.0000e+00 +0.0000e+00 +0.0000e+00 +0.0000e+00 +6.0000e+00 +0.0000e+00 +0.0000e+00 +4.0000e+00 +1.0000e+01 +0.0000e+00 +8.0000e+00 +2.0000e+00 +0.0000e+00
67 +5.533297843e+02 +5.533297843e+02 +8.204897843e+02 +8.204897843e+02 +1.7000e+01 +0.0000e+00 +0.0000e+00 +0.0000e+00 +8.0000e+00 +0.0000e+00 +0.0000e+00 +0.0000e+00 +0.0000e+00 +0.0000e+00 +0.0000e+00 +3.0000e+00 +0.0000e+00 +0.0000e+00 +1.0000e+00 +7.0000e+00 +0.0000e+00 +5.0000e+00 +0.0000e+00 +0.0000e+00
79 +3.767009843e+02 +3.767009843e+02 +6.438609843e+02 +6.438609843e+02 +1.4000e+01 +0.0000e+00 +0.0000e+00 +0.0000e+00 +5.0000e+00 +0.0000e+00 +0.0000e+00 +0.0000e+00 +0.0000e+00 +0.0000e+00 +0.0000e+00 +0.0000e+00 +0.0000e+00 +0.0000e+00 +0.0000e+00 +4.0000e+00 +0.0000e+00 +2.0000e+00 +0.0000e+00 +0.0000e+00
94 +2.104161843e+02 +2.104161843e+02 +4.775761843e+02 +4.775761843e+02 +0.0000e+00 +0.0000e+00 +0.0000e+00 +2.0000e+00 +0.0000e+00 +0.0000e+00 +0.0000e+00 +0.0000e+00 +0.0000e+00 +0.0000e+00 +0.0000e+00 +0.0000e+00 +0.0000e+00 +5.0000e+00 +1.0000e+00 +3.0000e+00 +0.0000e+00 +9.0000e+00 +2.0000e+00 +0.0000e+00
102 +1.389393843e+02 +1.389393843e+02 +4.060993843e+02 +4.060993843e+02 +0.0000e+00 +0.0000e+00 +0.0000e+00 +0.0000e+00 +0.0000e+00 +0.0000e+00 +0.0000e+00 +0.0000e+00 +0.0000e+00 +0.0000e+00 +0.0000e+00 +0.0000e+00 +0.0000e+00 +3.0000e+00 +0.0000e+00 +1.0000e+00 +0.0000e+00 +7.0000e+00 +0.0000e+00 +0.0000e+00
118 +9.804338432e+01 +9.804338432e+01 +3.652033843e+02 +3.652033843e+02 +0.0000e+00 +0.0000e+00 +0.0000e+00 +0.0000e+00 +0.0000e+00 +0.0000e+00 +0.0000e+00 +0.0000e+00 +0.0000e+00 +0.0000e+00 +0.0000e+00 +0.0000e+00 +0.0000e+00 +0.0000e+00 +0.0000e+00 +0.0000e+00 +0.0000e+00 +3.0000e+00 +0.0000e+00 +0.0000e+00
% function evaluation | noise-free fitness - Fopt (3.710000000000e+00) | best noise-free fitness - Fopt | measured fitness | best measured fitness | x1 | x2...
1 +4.476230109e+03 +4.476230109e+03 +4.479940109e+03 +4.479940109e+03 +1.8000e+01 +7.0000e+00 +1.9000e+01 +9.0000e+00 +3.0000e+00 +3.0000e+00 +2.3000e+01 +0.0000e+00 +1.3000e+01 +3.0000e+00 +1.8000e+01 +2.3000e+01 +1.1000e+01 +1.0000e+01 +2.4000e+01 +0.0000e+00 +1.2000e+01 +2.4000e+01 +6.0000e+00 +7.0000e+00
8 +3.902977309e+03 +3.902977309e+03 +3.906687309e+03 +3.906687309e+03 +1.3000e+01 +1.4000e+01 +2.0000e+00 +9.0000e+00 +1.8000e+01 +8.0000e+00 +2.0000e+00 +1.5000e+01 +6.0000e+00 +2.8000e+01 +1.3000e+01 +6.0000e+00 +4.0000e+00 +1.4000e+01 +5.0000e+00 +2.6000e+01 +0.0000e+00 +9.0000e+00 +1.7000e+01 +8.0000e+00
21 +2.445625309e+03 +2.445625309e+03 +2.449335309e+03 +2.449335309e+03 +1.3000e+01 +2.0000e+00 +1.4000e+01 +4.0000e+00 +0.0000e+00 +0.0000e+00 +1.8000e+01 +0.0000e+00 +8.0000e+00 +0.0000e+00 +1.3000e+01 +1.8000e+01 +6.0000e+00 +5.0000e+00 +1.9000e+01 +0.0000e+00 +7.0000e+00 +1.9000e+01 +1.0000e+00 +2.0000e+00
36 +1.573642909e+03 +1.573642909e+03 +1.577352909e+03 +1.577352909e+03 +6.0000e+00 +7.0000e+00 +0.0000e+00 +2.0000e+00 +1.1000e+01 +1.0000e+00 +0.0000e+00 +8.0000e+00 +0.0000e+00 +2.1000e+01 +6.0000e+00 +0.0000e+00 +0.0000e+00 +7.0000e+00 +0.0000e+00 +1.9000e+01 +0.0000e+00 +2.0000e+00 +1.0000e+01 +1.0000e+00
49 +8.881069094e+02 +8.881069094e+02 +8.918169094e+02 +8.918169094e+02 +6.0000e+00 +0.0000e+00 +7.0000e+00 +0.0000e+00 +0.0000e+00 +0.0000e+00 +1.1000e+01 +0.0000e+00 +1.0000e+00 +0.0000e+00 +6.0000e+00 +1.1000e+01 +0.0000e+00 +0.0000e+00 +1.2000e+01 +0.0000e+00 +0.0000e+00 +1.2000e+01 +0.0000e+00 +0.0000e+00
61 +5.359181094e+02 +5.359181094e+02 +5.396281094e+02 +5.396281094e+02 +3.0000e+00 +0.0000e+00 +4.0000e+00 +0.0000e+00 +0.0000e+00 +0.0000e+00 +8.0000e+00 +0.0000e+00 +0.0000e+00 +0.0000e+00 +3.0000e+00 +8.0000e+00 +0.0000e+00 +0.0000e+00 +9.0000e+00 +0.0000e+00 +0.0000e+00 +9.0000e+00 +0.0000e+00 +0.0000e+00
69 +3.694125094e+02 +3.694125094e+02 +3.731225094e+02 +3.731225094e+02 +1.0000e+00 +0.0000e+00 +2.0000e+00 +0.0000e+00 +0.0000e+00 +0.0000e+00 +6.0000e+00 +0.0000e+00 +0.0000e+00 +0.0000e+00 +1.0000e+00 +6.0000e+00 +0.0000e+00 +0.0000e+00 +7.0000e+00 +0.0000e+00 +0.0000e+00 +7.0000e+00 +0.0000e+00 +0.0000e+00
81 +2.026861094e+02 +2.026861094e+02 +2.063961094e+02 +2.063961094e+02 +0.0000e+00 +0.0000e+00 +0.0000e+00 +0.0000e+00 +0.0000e+00 +0.0000e+00 +3.0000e+00 +0.0000e+00 +0.0000e+00 +0.0000e+00 +0.0000e+00 +3.0000e+00 +0.0000e+00 +0.0000e+00 +4.0000e+00 +0.0000e+00 +0.0000e+00 +4.0000e+00 +0.0000e+00 +0.0000e+00
89 +1.295725094e+02 +1.295725094e+02 +1.332825094e+02 +1.332825094e+02 +0.0000e+00 +0.0000e+00 +0.0000e+00 +0.0000e+00 +0.0000e+00 +0.0000e+00 +1.0000e+00 +0.0000e+00 +0.0000e+00 +0.0000e+00 +0.0000e+00 +1.0000e+00 +0.0000e+00 +0.0000e+00 +2.0000e+00 +0.0000e+00 +0.0000e+00 +2.0000e+00 +0.0000e+00 +0.0000e+00
97 +9.601570944e+01 +9.601570944e+01 +9.972570944e+01 +9.972570944e+01 +0.0000e+00 +0.0000e+00 +0.0000e+00 +0.0000e+00 +0.0000e+00 +0.0000e+00 +0.0000e+00 +0.0000e+00 +0.0000e+00 +0.0000e+00 +0.0000e+00 +0.0000e+00 +0.0000e+00 +0.0000e+00 +0.0000e+00 +0.0000e+00 +0.0000e+00 +0.0000e+00 +0.0000e+00 +0.0000e+00
% function evaluation | noise-free fitness - Fopt (9.478000000000e+01) | best noise-free fitness - Fopt | measured fitness | best measured fitness | x1 | x2...
1 +8.886171833e+03 +8.886171833e+03 +8.980951833e+03 +8.980951833e+03 +2.0000e+00 +2.7000e+01 +1.1000e+01 +1.0000e+01 +2.0000e+00 +2.9000e+01 +2.7000e+01 +2.6000e+01 +1.0000e+00 +3.0000e+01 +2.0000e+01 +1.1000e+01 +2.9000e+01 +3.0000e+00 +2.7000e+01 +2.2000e+01 +2.8000e+01 +1.8000e+01 +1.9000e+01 +2.8000e+01
3 +6.029170233e+03 +6.029170233e+03 +6.123950233e+03 +6.123950233e+03 +1.9000e+01 +2.9000e+01 +2.1000e+01 +2.2000e+01 +5.0000e+00 +2.6000e+01 +2.9000e+01 +5.0000e+00 +6.0000e+00 +2.5000e+01 +2.5000e+01 +8.0000e+00 +1.5000e+01 +0.0000e+00 +0.0000e+00 +3.0000e+00 +2.8000e+01 +1.4000e+01 +8.0000e+00 +4.0000e+00
12 +3.579186233e+03 +3.579186233e+03 +3.673966233e+03 +3.673966233e+03 +6.0000e+00 +1.0000e+01 +5.0000e+00 +1.5000e+01 +1.9000e+01 +2.4000e+01 +1.7000e+01 +2.7000e+01 +4.0000e+00 +2.3000e+01 +8.0000e+00 +0.0000e+00 +5.0000e+00 +1.0000e+01 +1.0000e+00 +1.1000e+01 +9.0000e+00 +1.0000e+00 +8.0000e+00 +1.9000e+01
24 +2.460480633e+03 +2.460480633e+03 +2.555260633e+03 +2.555260633e+03 +3.0000e+00 +7.0000e+00 +2.0000e+00 +1.2000e+01 +1.6000e+01 +2.1000e+01 +1.4000e+01 +2.4000e+01 +1.0000e+00 +2.0000e+01 +5.0000e+00 +0.0000e+00 +2.0000e+00 +7.0000e+00 +0.0000e+00 +8.0000e+00 +6.0000e+00 +0.0000e+00 +5.0000e+00 +1.6000e+01
40 +1.397415033e+03 +1.397415033e+03 +1.492195033e+03 +1.492195033e+03 +0.0000e+00 +3.0000e+00 +0.0000e+00 +8.0000e+00 +1.2000e+01 +1.7000e+01 +1.0000e+01 +2.0000e+01 +0.0000e+00 +1.6000e+01 +1.0000e+00 +0.0000e+00 +0.0000e+00 +3.0000e+00 +0.0000e+00 +4.0000e+00 +2.0000e+00 +0.0000e+00 +1.0000e+00 +1.2000e+01
52 +8.482070330e+02 +8.482070330e+02 +9.429870330e+02 +9.429870330e+02 +0.0000e+00 +0.0000e+00 +0.0000e+00 +5.0000e+00 +9.0000e+00 +1.4000e+01 +7.0000e+00 +1.7000e+01 +0.0000e+00 +1.3000e+01 +0.0000e+00 +0.0000e+00 +0.0000e+00 +0.0000e+00 +0.0000e+00 +1.0000e+00 +0.0000e+00 +0.0000e+00 +0.0000e+00 +9.0000e+00
60 +5.943094330e+02 +5.943094330e+02 +6.890894330e+02 +6.890894330e+02 +0.0000e+00 +0.0000e+00 +0.0000e+00 +3.0000e+00 +7.0000e+00 +1.2000e+01 +5.0000e+00 +1.5000e+01 +0.0000e+00 +1.1000e+01 +0.0000e+00 +0.0000e+00 +0.0000e+00 +0.0000e+00 +0.0000e+00 +0.0000e+00 +0.0000e+00 +0.0000e+00 +0.0000e+00 +7.0000e+00
72 +3.289270330e+02 +3.289270330e+02 +4.237070330e+02 +4.237070330e+02 +0.0000e+00 +0.0000e+00 +0.0000e+00 +0.0000e+00 +4.0000e+00 +9.0000e+00 +2.0000e+00 +1.2000e+01 +0.0000e+00 +8.0000e+00 +0.0000e+00 +0.0000e+00 +0.0000e+00 +0.0000e+00 +0.0000e+00 +0.0000e+00 +0.0000e+00 +0.0000e+00 +0.0000e+00 +4.0000e+00
80 +2.320246330e+02 +2.320246330e+02 +3.268046330e+02 +3.268046330e+02 +0.0000e+00 +0.0000e+00 +0.0000e+00 +0.0000e+00 +2.0000e+00 +7.0000e+00 +0.0000e+00 +1.0000e+01 +0.0000e+00 +6.0000e+00 +0.0000e+00 +0.0000e+00 +0.0000e+00 +0.0000e+00 +0.0000e+00 +0.0000e+00 +0.0000e+00 +0.0000e+00 +0.0000e+00 +2.0000e+00
92 +1.435670330e+02 +1.435670330e+02 +2.383470330e+02 +2.383470330e+02 +0.0000e+00 +0.0000e+00 +0.0000e+00 +0.0000e+00 +0.0000e+00 +4.0000e+00 +0.0000e+00 +7.0000e+00 +0.0000e+00 +3.0000e+00 +0.0000e+00 +0.0000e+00 +0.0000e+00 +0.0000e+00 +0.0000e+00 +0.0000e+00 +0.0000e+00 +0.0000e+00 +0.0000e+00 +0.0000e+00
106 +9.433823296e+01 +9.433823296e+01 +1.891182330e+02 +1.891182330e+02 +0.0000e+00 +0.0000e+00 +0.0000e+00 +0.0000e+00 +3.0000e+00 +0.0000e+00 +4.0000e+00 +0.0000e+00 +0.0000e+00 +0.0000e+00 +2.0000e+00 +0.0000e+00 +0.0000e+00 +0.0000e+00 +0.0000e+00 +0.0000e+00 +3.0000e+00 +4.0000e+00 +0.0000e+00 +0.0000e+00
% function evaluation | noise-free fitness - Fopt (2.339200000000e+02) | best noise-free fitness - Fopt | measured fitness | best measured fitness | x1 | x2...
1 +4.756972620e+03 +4.756972620e+03 +4.990892620e+03 +4.990892620e+03 +1.3000e+01 +1.4000e+01 +2.3000e+01 +1.5000e+01 +2.4000e+01 +1.7000e+01 +2.7000e+01 +3.0000e+00 +1.5000e+01 +1.5000e+01 +2.6000e+01 +4.0000e+00 +0.0000e+00 +1.0000e+01 +1.9000e+01 +5.0000e+00 +5.0000e+00 +3.0000e+00 +9.0000e+00 +8.0000e+00
7 +3.920673420e+03 +3.920673420e+03 +4.154593420e+03 +4.154593420e+03 +2.3000e+01 +0.0000e+00 +1.4000e+01 +9.0000e+00 +2.0000e+00 +1.9000e+01 +1.2000e+01 +2.0000e+01 +1.6000e+01 +1.5000e+01 +5.0000e+00 +2.5000e+01 +1.3000e+01 +1.0000e+00 +1.5000e+01 +8.0000e+00 +1.2000e+01 +0.0000e+00 +1.7000e+01 +4.0000e+00
23 +2.339385420e+03 +2.339385420e+03 +2.573305420e+03 +2.573305420e+03 +1.9000e+01 +0.0000e+00 +1.0000e+01 +5.0000e+00 +0.0000e+00 +1.5000e+01 +8.0000e+00 +1.6000e+01 +1.2000e+01 +1.1000e+01 +1.0000e+00 +2.1000e+01 +9.0000e+00 +0.0000e+00 +1.1000e+01 +4.0000e+00 +8.0000e+00 +0.0000e+00 +1.3000e+01 +0.0000e+00
35 +1.485703820e+03 +1.485703820e+03 +1.719623820e+03 +1.719623820e+03 +1.6000e+01 +0.0000e+00 +7.0000e+00 +2.0000e+00 +0.0000e+00 +1.2000e+01 +5.0000e+00 +1.3000e+01 +9.0000e+00 +8.0000e+00 +0.0000e+00 +1.8000e+01 +6.0000e+00 +0.0000e+00 +8.0000e+00 +1.0000e+00 +5.0000e+00 +0.0000e+00 +1.0000e+01 +0.0000e+00
47 +8.761966195e+02 +8.761966195e+02 +1.110116620e+03 +1.110116620e+03 +1.3000e+01 +0.0000e+00 +4.0000e+00 +0.0000e+00 +0.0000e+00 +9.0000e+00 +2.0000e+00 +1.0000e+01 +6.0000e+00 +5.0000e+00 +0.0000e+00 +1.5000e+01 +3.0000e+00 +0.0000e+00 +5.0000e+00 +0.0000e+00 +2.0000e+00 +0.0000e+00 +7.0000e+00 +0.0000e+00
55 +5.960238195e+02 +5.960238195e+02 +8.299438195e+02 +8.299438195e+02 +1.1000e+01 +0.0000e+00 +2.0000e+00 +0.0000e+00 +0.0000e+00 +7.0000e+00 +0.0000e+00 +8.0000e+00 +4.0000e+00 +3.0000e+00 +0.0000e+00 +1.3000e+01 +1.0000e+00 +0.0000e+00 +3.0000e+00 +0.0000e+00 +0.0000e+00 +0.0000e+00 +5.0000e+00 +0.0000e+00
63 +3.962286195e+02 +3.962286195e+02 +6.301486195e+02 +6.301486195e+02 +9.0000e+00 +0.0000e+00 +0.0000e+00 +0.0000e+00 +0.0000e+00 +5.0000e+00 +0.0000e+00 +6.0000e+00 +2.0000e+00 +1.0000e+00 +0.0000e+00 +1.1000e+01 +0.0000e+00 +0.0000e+00 +1.0000e+00 +0.0000e+00 +0.0000e+00 +0.0000e+00 +3.0000e+00 +0.0000e+00
75 +2.247550195e+02 +2.247550195e+02 +4.586750195e+02 +4.586750195e+02 +6.0000e+00 +0.0000e+00 +0.0000e+00 +0.0000e+00 +0.0000e+00 +2.0000e+00 +0.0000e+00 +3.0000e+00 +0.0000e+00 +0.0000e+00 +0.0000e+00 +8.0000e+00 +0.0000e+00 +0.0000e+00 +0.0000e+00 +0.0000e+00 +0.0000e+00 +0.0000e+00 +0.0000e+00 +0.0000e+00
87 +1.386638195e+02 +1.386638195e+02 +3.725838195e+02 +3.725838195e+02 +3.0000e+00 +0.0000e+00 +0.0000e+00 +0.0000e+00 +0.0000e+00 +0.0000e+00 +0.0000e+00 +0.0000e+00 +0.0000e+00 +0.0000e+00 +0.0000e+00 +5.0000e+00 +0.0000e+00 +0.0000e+00 +0.0000e+00 +0.0000e+00 +0.0000e+00 +0.0000e+00 +0.0000e+00 +0.0000e+00
95 +9.786701952e+01 +9.786701952e+01 +3.317870195e+02 +3.317870195e+02 +1.0000e+00 +0.0000e+00 +0.0000e+00 +0.0000e+00 +0.0000e+00 +0.0000e+00 +0.0000e+00 +0.0000e+00 +0.0000e+00 +0.0000e+00 +0.0000e+00 +3.0000e+00 +0.0000e+00 +0.0000e+00 +0.0000e+00 +0.0000e+00 +0.0000e+00 +0.0000e+00 +0.0000e+00 +0.0000e+00
% function evaluation | noise-free fitness - Fopt (-6.092000000000e+01) | best noise-free fitness - Fopt | measured fitness | best measured fitness | x1 | x2...
1 +6.581973236e+03 +6.581973236e+03 +6.521053236e+03 +6.521053236e+03 +2.9000e+01 +2.7000e+01 +2.5000e+01 +1.7000e+01 +1.0000e+00 +7.0000e+00 +1.6000e+01 +0.0000e+00 +1.0000e+00 +2.8000e+01 +1.5000e+01 +0.0000e+00 +2.5000e+01 +2.3000e+01 +5.0000e+00 +2.2000e+01 +9.0000e+00 +2.4000e+01 +1.1000e+01 +1.4000e+01
3 +4.056174836e+03 +4.056174836e+03 +3.995254836e+03 +3.995254836e+03 +0.0000e+00 +2.9000e+01 +1.0000e+00 +2.9000e+01 +0.0000e+00 +2.0000e+00 +0.0000e+00 +1.0000e+00 +2.0000e+00 +9.0000e+00 +5.0000e+00 +3.0000e+01 +2.0000e+01 +2.0000e+00 +1.4000e+01 +1.6000e+01 +6.0000e+00 +1.1000e+01 +1.5000e+01 +7.0000e+00
7 +3.676773236e+03 +3.676773236e+03 +3.615853236e+03 +3.615853236e+03 +0.0000e+00 +2.8000e+01 +0.0000e+00 +2.8000e+01 +0.0000e+00 +1.0000e+00 +0.0000e+00 +0.0000e+00 +1.0000e+00 +8.0000e+00 +4.0000e+00 +2.9000e+01 +1.9000e+01 +1.0000e+00 +1.3000e+01 +1.5000e+01 +5.0000e+00 +1.0000e+01 +1.4000e+01 +6.0000e+00
23 +2.403698036e+03 +2.403698036e+03 +2.342778036e+03 +2.342778036e+03 +0.0000e+00 +2.4000e+01 +0.0000e+00 +2.4000e+01 +0.0000e+00 +0.0000e+00 +0.0000e+00 +0.0000e+00 +0.0000e+00 +4.0000e+00 +0.0000e+00 +2.5000e+01 +1.5000e+01 +0.0000e+00 +9.0000e+00 +1.1000e+01 +1.0000e+00 +6.0000e+00 +1.0000e+01 +2.0000e+00
39 +1.506141236e+03 +1.506141236e+03 +1.445221236e+03 +1.445221236e+03 +0.0000e+00 +2.0000e+01 +0.0000e+00 +2.0000e+01 +0.0000e+00 +0.0000e+00 +0.0000e+00 +0.0000e+00 +0.0000e+00 +0.0000e+00 +0.0000e+00 +2.1000e+01 +1.1000e+01 +0.0000e+00 +5.0000e+00 +7.0000e+00 +0.0000e+00 +2.0000e+00 +6.0000e+00 +0.0000e+00
55 +9.012772365e+02 +9.012772365e+02 +8.403572365e+02 +8.403572365e+02 +0.0000e+00 +1.6000e+01 +0.0000e+00 +1.6000e+01 +0.0000e+00 +0.0000e+00 +0.0000e+00 +0.0000e+00 +0.0000e+00 +0.0000e+00 +0.0000e+00 +1.7000e+01 +7.0000e+00 +0.0000e+00 +1.0000e+00 +3.0000e+00 +0.0000e+00 +0.0000e+00 +2.0000e+00 +0.0000e+00
67 +5.800404365e+02 +5.800404365e+02 +5.191204365e+02 +5.191204365e+02 +0.0000e+00 +1.3000e+01 +0.0000e+00 +1.3000e+01 +0.0000e+00 +0.0000e+00 +0.0000e+00 +0.0000e+00 +0.0000e+00 +0.0000e+00 +0.0000e+00 +1.4000e+01 +4.0000e+00 +0.0000e+00 +0.0000e+00 +0.0000e+00 +0.0000e+00 +0.0000e+00 +0.0000e+00 +0.0000e+00
79 +3.522420365e+02 +3.522420365e+02 +2.913220365e+02 +2.913220365e+02 +0.0000e+00 +1.0000e+01 +0.0000e+00 +1.0000e+01 +0.0000e+00 +0.0000e+00 +0.0000e+00 +0.0000e+00 +0.0000e+00 +0.0000e+00 +0.0000e+00 +1.1000e+01 +1.0000e+00 +0.0000e+00 +0.0000e+00 +0.0000e+00 +0.0000e+00 +0.0000e+00 +0.0000e+00 +0.0000e+00
87 +2.470260365e+02 +2.470260365e+02 +1.861060365e+02 +1.861060365e+02 +0.0000e+00 +8.0000e+00 +0.0000e+00 +8.0000e+00 +0.0000e+00 +0.0000e+00 +0.0000e+00 +0.0000e+00 +0.0000e+00 +0.0000e+00 +0.0000e+00 +9.0000e+00 +0.0000e+00 +0.0000e+00 +0.0000e+00 +0.0000e+00 +0.0000e+00 +0.0000e+00 +0.0000e+00 +0.0000e+00
97 +1.539892365e+02 +1.539892365e+02 +9.306923648e+01 +9.306923648e+01 +5.0000e+00 +3.0000e+00 +1.0000e+00 +0.0000e+00 +0.0000e+00 +0.0000e+00 +0.0000e+00 +0.0000e+00 +0.0000e+00 +4.0000e+00 +0.0000e+00 +0.0000e+00 +1.0000e+00 +0.0000e+00 +0.0000e+00 +0.0000e+00 +0.0000e+00 +0.0000e+00 +0.0000e+00 +0.0000e+00
115 +9.804363648e+01 +9.804363648e+01 +3.712363648e+01 +3.712363648e+01 +0.0000e+00 +1.0000e+00 +0.0000e+00 +1.0000e+00 +0.0000e+00 +0.0000e+00 +0.0000e+00 +0.0000e+00 +0.0000e+00 +0.0000e+00 +0.0000e+00 +2.0000e+00 +0.0000e+00 +0.0000e+00 +0.0000e+00 +0.0000e+00 +0.0000e+00 +0.0000e+00 +0.0000e+00 +0.0000e+00
% function evaluation | noise-free fitness - Fopt (-1.948000000000e+01) | best noise-free fitness - Fopt | measured fitness | best measured fitness | x1 | x2...
1 +4.884140172e+03 +4.884140172e+03 +4.864660172e+03 +4.864660172e+03 +3.0000e+00 +2.2000e+01 +1.0000e+01 +9.0000e+00 +2.1000e+01 +1.9000e+01 +1.8000e+01 +1.0000e+00 +1.7000e+01 +1.1000e+01 +2.4000e+01 +2.8000e+01 +3.0000e+00 +2.4000e+01 +1.0000e+00 +9.0000e+00 +5.0000e+00 +0.0000e+00 +2.1000e+01 +1.2000e+01
2 +3.769677772e+03 +3.769677772e+03 +3.750197772e+03 +3.750197772e+03 +3.0000e+00 +0.0000e+00 +1.3000e+01 +7.0000e+00 +2.9000e+01 +2.0000e+00 +2.1000e+01 +1.4000e+01 +9.0000e+00 +1.5000e+01 +7.0000e+00 +1.2000e+01 +1.8000e+01 +4.0000e+00 +1.2000e+01 +2.6000e+01 +8.0000e+00 +1.3000e+01 +1.5000e+01 +1.0000e+00
18 +2.263026572e+03 +2.263026572e+03 +2.243546572e+03 +2.243546572e+03 +0.0000e+00 +0.0000e+00 +9.0000e+00 +3.0000e+00 +2.5000e+01 +0.0000e+00 +1.7000e+01 +1.0000e+01 +5.0000e+00 +1.1000e+01 +3.0000e+00 +8.0000e+00 +1.4000e+01 +0.0000e+00 +8.0000e+00 +2.2000e+01 +4.0000e+00 +9.0000e+00 +1.1000e+01 +0.0000e+00
30 +1.456511372e+03 +1.456511372e+03 +1.437031372e+03 +1.437031372e+03 +0.0000e+00 +0.0000e+00 +6.0000e+00 +0.0000e+00 +2.2000e+01 +0.0000e+00 +1.4000e+01 +7.0000e+00 +2.0000e+00 +8.0000e+00 +0.0000e+00 +5.0000e+00 +1.1000e+01 +0.0000e+00 +5.0000e+00 +1.9000e+01 +1.0000e+00 +6.0000e+00 +8.0000e+00 +0.0000e+00
42 +9.079417722e+02 +9.079417722e+02 +8.884617722e+02 +8.884617722e+02 +0.0000e+00 +0.0000e+00 +3.0000e+00 +0.0000e+00 +1.9000e+01 +0.0000e+00 +1.1000e+01 +4.0000e+00 +0.0000e+00 +5.0000e+00 +0.0000e+00 +2.0000e+00 +8.0000e+00 +0.0000e+00 +2.0000e+00 +1.6000e+01 +0.0000e+00 +3.0000e+00 +5.0000e+00 +0.0000e+00
54 +5.615785722e+02 +5.615785722e+02 +5.420985722e+02 +5.420985722e+02 +0.0000e+00 +0.0000e+00 +0.0000e+00 +0.0000e+00 +1.6000e+01 +0.0000e+00 +8.0000e+00 +1.0000e+00 +0.0000e+00 +2.0000e+00 +0.0000e+00 +0.0000e+00 +5.0000e+00 +0.0000e+00 +0.0000e+00 +1.3000e+01 +0.0000e+00 +0.0000e+00 +2.0000e+00 +0.0000e+00
66 +3.551561722e+02 +3.551561722e+02 +3.356761722e+02 +3.356761722e+02 +0.0000e+00 +0.0000e+00 +0.0000e+00 +0.0000e+00 +1.3000e+01 +0.0000e+00 +5.0000e+00 +0.0000e+00 +0.0000e+00 +0.0000e+00 +0.0000e+00 +0.0000e+00 +2.0000e+00 +0.0000e+00 +0.0000e+00 +1.0000e+01 +0.0000e+00 +0.0000e+00 +0.0000e+00 +0.0000e+00
78 +2.189769722e+02 +2.189769722e+02 +1.994969722e+02 +1.994969722e+02 +0.0000e+00 +0.0000e+00 +0.0000e+00 +0.0000e+00 +1.0000e+01 +0.0000e+00 +2.0000e+00 +0.0000e+00 +0.0000e+00 +0.0000e+00 +0.0000e+00 +0.0000e+00 +0.0000e+00 +0.0000e+00 +0.0000e+00 +7.0000e+00 +0.0000e+00 +0.0000e+00 +0.0000e+00 +0.0000e+00
86 +1.515561722e+02 +1.515561722e+02 +1.320761722e+02 +1.320761722e+02 +0.0000e+00 +0.0000e+00 +0.0000e+00 +0.0000e+00 +8.0000e+00 +0.0000e+00 +0.0000e+00 +0.0000e+00 +0.0000e+00 +0.0000e+00 +0.0000e+00 +0.0000e+00 +0.0000e+00 +0.0000e+00 +0.0000e+00 +5.0000e+00 +0.0000e+00 +0.0000e+00 +0.0000e+00 +0.0000e+00
100 +9.765537216e+01 +9.765537216e+01 +7.817537216e+01 +7.817537216e+01 +0.0000e+00 +4.0000e+00 +0.0000e+00 +0.0000e+00 +0.0000e+00 +0.0000e+00 +0.0000e+00 +2.0000e+00 +0.0000e+00 +0.0000e+00 +0.0000e+00 +0.0000e+00 +2.0000e+00 +3.0000e+00 +0.0000e+00 +0.0000e+00 +0.0000e+00 +0.0000e+00 +0.0000e+00 +0.0000e+00
% function evaluation | noise-free fitness - Fopt (1.344700000000e+02) | best noise-free fitness - Fopt | measured fitness | best measured fitness | x1 | x2...
1 +8.690023066e+03 +8.690023066e+03 +8.824493066e+03 +8.824493066e+03 +1.3000e+01 +0.0000e+00 +2.3000e+01 +1.3000e+01 +1.1000e+01 +2.1000e+01 +1.3000e+01 +2.8000e+01 +1.2000e+01 +2.9000e+01 +2.8000e+01 +2.1000e+01 +1.7000e+01 +2.4000e+01 +2.2000e+01 +2.1000e+01 +2.4000e+01 +4.0000e+00 +2.1000e+01 +1.9000e+01
2 +5.780877466e+03 +5.780877466e+03 +5.915347466e+03 +5.915347466e+03 +3.0000e+00 +2.1000e+01 +1.3000e+01 +1.6000e+01 +1.9000e+01 +2.3000e+01 +1.9000e+01 +1.0000e+01 +2.5000e+01 +9.0000e+00 +9.0000e+00 +5.0000e+00 +1.5000e+01 +1.9000e+01 +1.7000e+01 +1.3000e+01 +0.0000e+00 +2.0000e+01 +8.0000e+00 +2.4000e+01
18 +3.632107866e+03 +3.632107866e+03 +3.766577866e+03 +3.766577866e+03 +0.0000e+00 +1.7000e+01 +9.0000e+00 +1.2000e+01 +1.5000e+01 +1.9000e+01 +1.5000e+01 +6.0000e+00 +2.1000e+01 +5.0000e+00 +5.0000e+00 +1.0000e+00 +1.1000e+01 +1.5000e+01 +1.3000e+01 +9.0000e+00 +0.0000e+00 +1.6000e+01 +4.0000e+00 +2.0000e+01
30 +2.411973466e+03 +2.411973466e+03 +2.546443466e+03 +2.546443466e+03 +0.0000e+00 +1.4000e+01 +6.0000e+00 +9.0000e+00 +1.2000e+01 +1.6000e+01 +1.2000e+01 +3.0000e+00 +1.8000e+01 +2.0000e+00 +2.0000e+00 +0.0000e+00 +8.0000e+00 +1.2000e+01 +1.0000e+01 +6.0000e+00 +0.0000e+00 +1.3000e+01 +1.0000e+00 +1.7000e+01
42 +1.501943066e+03 +1.501943066e+03 +1.636413066e+03 +1.636413066e+03 +0.0000e+00 +1.1000e+01 +3.0000e+00 +6.0000e+00 +9.0000e+00 +1.3000e+01 +9.0000e+00 +0.0000e+00 +1.5000e+01 +0.0000e+00 +0.0000e+00 +0.0000e+00 +5.0000e+00 +9.0000e+00 +7.0000e+00 +3.0000e+00 +0.0000e+00 +1.0000e+01 +0.0000e+00 +1.4000e+01
54 +8.579606662e+02 +8.579606662e+02 +9.924306662e+02 +9.924306662e+02 +0.0000e+00 +8.0000e+00 +0.0000e+00 +3.0000e+00 +6.0000e+00 +1.0000e+01 +6.0000e+00 +0.0000e+00 +1.2000e+01 +0.0000e+00 +0.0000e+00 +0.0000e+00 +2.0000e+00 +6.0000e+00 +4.0000e+00 +0.0000e+00 +0.0000e+00 +7.0000e+00 +0.0000e+00 +1.1000e+01
62 +5.552598662e+02 +5.552598662e+02 +6.897298662e+02 +6.897298662e+02 +0.0000e+00 +6.0000e+00 +0.0000e+00 +1.0000e+00 +4.0000e+00 +8.0000e+00 +4.0000e+00 +0.0000e+00 +1.0000e+01 +0.0000e+00 +0.0000e+00 +0.0000e+00 +0.0000e+00 +4.0000e+00 +2.0000e+00 +0.0000e+00 +0.0000e+00 +5.0000e+00 +0.0000e+00 +9.0000e+00
70 +3.398198662e+02 +3.398198662e+02 +4.742898662e+02 +4.742898662e+02 +0.0000e+00 +4.0000e+00 +0.0000e+00 +0.0000e+00 +2.0000e+00 +6.0000e+00 +2.0000e+00 +0.0000e+00 +8.0000e+00 +0.0000e+00 +0.0000e+00 +0.0000e+00 +0.0000e+00 +2.0000e+00 +0.0000e+00 +0.0000e+00 +0.0000e+00 +3.0000e+00 +0.0000e+00 +7.0000e+00
78 +2.142742662e+02 +2.142742662e+02 +3.487442662e+02 +3.487442662e+02 +0.0000e+00 +2.0000e+00 +0.0000e+00 +0.0000e+00 +0.0000e+00 +4.0000e+00 +0.0000e+00 +0.0000e+00 +6.0000e+00 +0.0000e+00 +0.0000e+00 +0.0000e+00 +0.0000e+00 +0.0000e+00 +0.0000e+00 +0.0000e+00 +0.0000e+00 +1.0000e+00 +0.0000e+00 +5.0000e+00
90 +1.427318662e+02 +1.427318662e+02 +2.772018662e+02 +2.772018662e+02 +0.0000e+00 +0.0000e+00 +0.0000e+00 +0.0000e+00 +0.0000e+00 +1.0000e+00 +0.0000e+00 +0.0000e+00 +3.0000e+00 +0.0000e+00 +0.0000e+00 +0.0000e+00 +0.0000e+00 +0.0000e+00 +0.0000e+00 +0.0000e+00 +0.0000e+00 +0.0000e+00 +0.0000e+00 +2.0000e+00
% function evaluation | noise-free fitness - Fopt (4.453500000000e+02) | best noise-free fitness - Fopt | measured fitness | best measured fitness | x1 | x2...
1 +5.911213945e+03 +5.911213945e+03 +6.356563945e+03 +6.356563945e+03 +3.0000e+01 +0.0000e+00 +1.4000e+01 +2.1000e+01 +1.8000e+01 +2.2000e+01 +1.5000e+01 +7.0000e+00 +2.1000e+01 +2.4000e+01 +2.3000e+01 +1.5000e+01 +2.3000e+01 +1.4000e+01 +2.0000e+00 +2.4000e+01 +6.0000e+00 +1.0000e+00 +8.0000e+00 +5.0000e+00
12 +3.860557945e+03 +3.860557945e+03 +4.305907945e+03 +4.305907945e+03 +1.0000e+00 +0.0000e+00 +1.8000e+01 +9.0000e+00 +2.8000e+01 +7.0000e+00 +0.0000e+00 +2.2000e+01 +1.8000e+01 +6.0000e+00 +1.6000e+01 +1.8000e+01 +0.0000e+00 +2.2000e+01 +1.4000e+01 +1.6000e+01 +1.6000e+01 +4.0000e+00 +1.6000e+01 +8.0000e+00
28 +2.311890745e+03 +2.311890745e+03 +2.757240745e+03 +2.757240745e+03 +0.0000e+00 +0.0000e+00 +1.4000e+01 +5.0000e+00 +2.4000e+01 +3.0000e+00 +0.0000e+00 +1.8000e+01 +1.4000e+01 +2.0000e+00 +1.2000e+01 +1.4000e+01 +0.0000e+00 +1.8000e+01 +1.0000e+01 +1.2000e+01 +1.2000e+01 +0.0000e+00 +1.2000e+01 +4.0000e+00
40 +1.494210745e+03 +1.494210745e+03 +1.939560745e+03 +1.939560745e+03 +0.0000e+00 +0.0000e+00 +1.1000e+01 +2.0000e+00 +2.1000e+01 +0.0000e+00 +0.0000e+00 +1.5000e+01 +1.1000e+01 +0.0000e+00 +9.0000e+00 +1.1000e+01 +0.0000e+00 +1.5000e+01 +7.0000e+00 +9.0000e+00 +9.0000e+00 +0.0000e+00 +9.0000e+00 +1.0000e+00
52 +8.932075450e+02 +8.932075450e+02 +1.338557545e+03 +1.338557545e+03 +0.0000e+00 +0.0000e+00 +8.0000e+00 +0.0000e+00 +1.8000e+01 +0.0000e+00 +0.0000e+00 +1.2000e+01 +8.0000e+00 +0.0000e+00 +6.0000e+00 +8.0000e+00 +0.0000e+00 +1.2000e+01 +4.0000e+00 +6.0000e+00 +6.0000e+00 +0.0000e+00 +6.0000e+00 +0.0000e+00
60 +6.009995450e+02 +6.009995450e+02 +1.046349545e+03 +1.046349545e+03 +0.0000e+00 +0.0000e+00 +6.0000e+00 +0.0000e+00 +1.6000e+01 +0.0000e+00 +0.0000e+00 +1.0000e+01 +6.0000e+00 +0.0000e+00 +4.0000e+00 +6.0000e+00 +0.0000e+00 +1.0000e+01 +2.0000e+00 +4.0000e+00 +4.0000e+00 +0.0000e+00 +4.0000e+00 +0.0000e+00
68 +3.967915450e+02 +3.967915450e+02 +8.421415450e+02 +8.421415450e+02 +0.0000e+00 +0.0000e+00 +4.0000e+00 +0.0000e+00 +1.4000e+01 +0.0000e+00 +0.0000e+00 +8.0000e+00 +4.0000e+00 +0.0000e+00 +2.0000e+00 +4.0000e+00 +0.0000e+00 +8.0000e+00 +0.0000e+00 +2.0000e+00 +2.0000e+00 +0.0000e+00 +2.0000e+00 +0.0000e+00
80 +2.292267450e+02 +2.292267450e+02 +6.745767450e+02 +6.745767450e+02 +0.0000e+00 +0.0000e+00 +1.0000e+00 +0.0000e+00 +1.1000e+01 +0.0000e+00 +0.0000e+00 +5.0000e+00 +1.0000e+00 +0.0000e+00 +0.0000e+00 +1.0000e+00 +0.0000e+00 +5.0000e+00 +0.0000e+00 +0.0000e+00 +0.0000e+00 +0.0000e+00 +0.0000e+00 +0.0000e+00
92 +1.488203450e+02 +1.488203450e+02 +5.941703450e+02 +5.941703450e+02 +0.0000e+00 +0.0000e+00 +0.0000e+00 +0.0000e+00 +8.0000e+00 +0.0000e+00 +0.0000e+00 +2.0000e+00 +0.0000e+00 +0.0000e+00 +0.0000e+00 +0.0000e+00 +0.0000e+00 +2.0000e+00 +0.0000e+00 +0.0000e+00 +0.0000e+00 +0.0000e+00 +0.0000e+00 +0.0000e+00
