% function evaluation | noise-free fitness - Fopt (7.948000000000e+01) | best noise-free fitness - Fopt | measured fitness | best measured fitness | x1 | x2...
1 +3.654058870e+03 +3.654058870e+03 +3.733538870e+03 +3.733538870e+03 +1.1000e+01 +1.9000e+01 +1.1000e+01 +1.7000e+01 +2.8000e+01 +2.9000e+01 +7.0000e+00 +5.0000e+00 +2.5000e+01 +1.2000e+01
2 +2.205439670e+03 +2.205439670e+03 +2.284919670e+03 +2.284919670e+03 +1.3000e+01 +0.0000e+00 +2.5000e+01 +5.0000e+00 +2.0000e+00 +1.4000e+01 +0.0000e+00 +1.8000e+01 +9.0000e+00 +2.4000e+01
4 +1.549174070e+03 +1.549174070e+03 +1.628654070e+03 +1.628654070e+03 +7.0000e+00 +1.0000e+00 +1.0000e+00 +1.1000e+01 +2.1000e+01 +9.0000e+00 +5.0000e+00 +6.0000e+00 +2.5000e+01 +0.0000e+00
20 +9.698380698e+02 +9.698380698e+02 +1.049318070e+03 +1.049318070e+03 +3.0000e+00 +0.0000e+00 +0.0000e+00 +7.0000e+00 +1.7000e+01 +5.0000e+00 +1.0000e+00 +2.0000e+00 +2.1000e+01 +0.0000e+00
36 +6.059788698e+02 +6.059788698e+02 +6.854588698e+02 +6.854588698e+02 +0.0000e+00 +0.0000e+00 +0.0000e+00 +3.0000e+00 +1.3000e+01 +1.0000e+00 +0.0000e+00 +0.0000e+00 +1.7000e+01 +0.0000e+00
52 +3.658684698e+02 +3.658684698e+02 +4.453484698e+02 +4.453484698e+02 +0.0000e+00 +0.0000e+00 +0.0000e+00 +0.0000e+00 +9.0000e+00 +0.0000e+00 +0.0000e+00 +0.0000e+00 +1.3000e+01 +0.0000e+00
64 +2.259580698e+02 +2.259580698e+02 +3.054380698e+02 +3.054380698e+02 +0.0000e+00 +0.0000e+00 +0.0000e+00 +0.0000e+00 +6.0000e+00 +0.0000e+00 +0.0000e+00 +0.0000e+00 +1.0000e+01 +0.0000e+00
72 +1.526844698e+02 +1.526844698e+02 +2.321644698e+02 +2.321644698e+02 +0.0000e+00 +0.0000e+00 +0.0000e+00 +0.0000e+00 +4.0000e+00 +0.0000e+00 +0.0000e+00 +0.0000e+00 +8.0000e+00 +0.0000e+00
80 +9.541086976e+01 +9.541086976e+01 +1.748908698e+02 +1.748908698e+02 +0.0000e+00 +0.0000e+00 +0.0000e+00 +0.0000e+00 +2.0000e+00 +0.0000e+00 +0.0000e+00 +0.0000e+00 +6.0000e+00 +0.0000e+00
88 +5.413726976e+01 +5.413726976e+01 +1.336172698e+02 +1.336172698e+02 +0.0000e+00 +0.0000e+00 +0.0000e+00 +0.0000e+00 +0.0000e+00 +0.0000e+00 +0.0000e+00 +0.0000e+00 +4.0000e+00 +0.0000e+00
94 +3.903486976e+01 +3.903486976e+01 +1.185148698e+02 +1.185148698e+02 +0.0000e+00 +0.0000e+00 +2.0000e+00 +0.0000e+00 +0.0000e+00 +0.0000e+00 +0.0000e+00 +0.0000e+00 +0.0000e+00 +1.0000e+00
102 +2.503646976e+01 +2.503646976e+01 +1.045164698e+02 +1.045164698e+02 +0.0000e+00 +0.0000e+00 +0.0000e+00 +0.0000e+00 +0.0000e+00 +0.0000e+00 +0.0000e+00 +0.0000e+00 +0.0000e+00 +0.0000e+00
% function evaluation | noise-free fitness - Fopt (3.944800000000e+02) | best noise-free fitness - Fopt | measured fitness | best measured fitness | x1 | x2...
1 +3.504467375e+03 +3.504467375e+03 +3.898947375e+03 +3.898947375e+03 +1.6000e+01 +1.1000e+01 +1.2000e+01 +2.0000e+01 +2.6000e+01 +2.4000e+01 +5.0000e+00 +2.0000e+00 +5.0000e+00 +2.8000e+01
6 +2.379267375e+03 +2.379267375e+03 +2.773747375e+03 +2.773747375e+03 +1.2000e+01 +2.0000e+00 +0.0000e+00 +2.7000e+01 +2.6000e+01 +9.0000e+00 +1.7000e+01 +1.7000e+01 +1.3000e+01 +6.0000e+00
22 +1.445216175e+03 +1.445216175e+03 +1.839696175e+03 +1.839696175e+03 +8.0000e+00 +0.0000e+00 +0.0000e+00 +2.3000e+01 +2.2000e+01 +5.0000e+00 +1.3000e+01 +1.3000e+01 +9.0000e+00 +2.0000e+00
34 +9.308193754e+02 +9.308193754e+02 +1.325299375e+03 +1.325299375e+03 +5.0000e+00 +0.0000e+00 +0.0000e+00 +2.0000e+01 +1.9000e+01 +2.0000e+00 +1.0000e+01 +1.0000e+01 +6.0000e+00 +0.0000e+00
46 +5.661729754e+02 +5.661729754e+02 +9.606529754e+02 +9.606529754e+02 +2.0000e+00 +0.0000e+00 +0.0000e+00 +1.7000e+01 +1.6000e+01 +0.0000e+00 +7.0000e+00 +7.0000e+00 +3.0000e+00 +0.0000e+00
54 +3.934881754e+02 +3.934881754e+02 +7.879681754e+02 +7.879681754e+02 +0.0000e+00 +0.0000e+00 +0.0000e+00 +1.5000e+01 +1.4000e+01 +0.0000e+00 +5.0000e+00 +5.0000e+00 +1.0000e+00 +0.0000e+00
66 +2.383809754e+02 +2.383809754e+02 +6.328609754e+02 +6.328609754e+02 +0.0000e+00 +0.0000e+00 +0.0000e+00 +1.2000e+01 +1.1000e+01 +0.0000e+00 +2.0000e+00 +2.0000e+00 +0.0000e+00 +0.0000e+00
78 +1.503489754e+02 +1.503489754e+02 +5.448289754e+02 +5.448289754e+02 +0.0000e+00 +0.0000e+00 +0.0000e+00 +9.0000e+00 +8.0000e+00 +0.0000e+00 +0.0000e+00 +0.0000e+00 +0.0000e+00 +0.0000e+00
90 +9.493777536e+01 +9.493777536e+01 +4.894177754e+02 +4.894177754e+02 +0.0000e+00 +0.0000e+00 +0.0000e+00 +6.0000e+00 +5.0000e+00 +0.0000e+00 +0.0000e+00 +0.0000e+00 +0.0000e+00 +0.0000e+00
% function evaluation | noise-free fitness - Fopt (-2.471100000000e+02) | best noise-free fitness - Fopt | measured fitness | best measured fitness | x1 | x2...
1 +2.285937318e+03 +2.285937318e+03 +2.038827318e+03 +2.038827318e+03 +3.0000e+00 +1.6000e+01 +4.0000e+00 +2.4000e+01 +0.0000e+00 +2.8000e+01 +5.0000e+00 +0.0000e+00 +8.0000e+00 +2.4000e+01
17 +1.527017318e+03 +1.527017318e+03 +1.279907318e+03 +1.279907318e+03 +0.0000e+00 +1.2000e+01 +0.0000e+00 +2.0000e+01 +0.0000e+00 +2.4000e+01 +1.0000e+00 +0.0000e+00 +4.0000e+00 +2.0000e+01
33 +9.850973178e+02 +9.850973178e+02 +7.379873178e+02 +7.379873178e+02 +0.0000e+00 +8.0000e+00 +0.0000e+00 +1.6000e+01 +0.0000e+00 +2.0000e+01 +0.0000e+00 +0.0000e+00 +0.0000e+00 +1.6000e+01
49 +5.823069178e+02 +5.823069178e+02 +3.351969178e+02 +3.351969178e+02 +0.0000e+00 +4.0000e+00 +0.0000e+00 +1.2000e+01 +0.0000e+00 +1.6000e+01 +0.0000e+00 +0.0000e+00 +0.0000e+00 +1.2000e+01
61 +3.642141178e+02 +3.642141178e+02 +1.171041178e+02 +1.171041178e+02 +0.0000e+00 +1.0000e+00 +0.0000e+00 +9.0000e+00 +0.0000e+00 +1.3000e+01 +0.0000e+00 +0.0000e+00 +0.0000e+00 +9.0000e+00
73 +2.133085178e+02 +2.133085178e+02 -3.380148224e+01 -3.380148224e+01 +0.0000e+00 +0.0000e+00 +0.0000e+00 +6.0000e+00 +0.0000e+00 +1.0000e+01 +0.0000e+00 +0.0000e+00 +0.0000e+00 +6.0000e+00
81 +1.431005178e+02 +1.431005178e+02 -1.040094822e+02 -1.040094822e+02 +0.0000e+00 +0.0000e+00 +0.0000e+00 +4.0000e+00 +0.0000e+00 +8.0000e+00 +0.0000e+00 +0.0000e+00 +0.0000e+00 +4.0000e+00
89 +9.689251776e+01 +9.689251776e+01 -1.502174822e+02 -1.502174822e+02 +0.0000e+00 +0.0000e+00 +0.0000e+00 +2.0000e+00 +0.0000e+00 +6.0000e+00 +0.0000e+00 +0.0000e+00 +0.0000e+00 +2.0000e+00
% function evaluation | noise-free fitness - Fopt (-1.520400000000e+02) | best noise-free fitness - Fopt | measured fitness | best measured fitness | x1 | x2...
1 +2.942026342e+03 +2.942026342e+03 +2.789986342e+03 +2.789986342e+03 +1.6000e+01 +2.0000e+00 +2.3000e+01 +2.9000e+01 +1.7000e+01 +2.6000e+01 +5.0000e+00 +1.3000e+01 +1.5000e+01 +1.0000e+00
9 +2.412064742e+03 +2.412064742e+03 +2.260024742e+03 +2.260024742e+03 +1.4000e+01 +0.0000e+00 +2.1000e+01 +2.7000e+01 +1.5000e+01 +2.4000e+01 +3.0000e+00 +1.1000e+01 +1.3000e+01 +0.0000e+00
25 +1.529583142e+03 +1.529583142e+03 +1.377543142e+03 +1.377543142e+03 +1.0000e+01 +0.0000e+00 +1.7000e+01 +2.3000e+01 +1.1000e+01 +2.0000e+01 +0.0000e+00 +7.0000e+00 +9.0000e+00 +0.0000e+00
41 +8.853719418e+02 +8.853719418e+02 +7.333319418e+02 +7.333319418e+02 +6.0000e+00 +0.0000e+00 +1.3000e+01 +1.9000e+01 +7.0000e+00 +1.6000e+01 +0.0000e+00 +3.0000e+00 +5.0000e+00 +0.0000e+00
53 +5.492135418e+02 +5.492135418e+02 +3.971735418e+02 +3.971735418e+02 +3.0000e+00 +0.0000e+00 +1.0000e+01 +1.6000e+01 +4.0000e+00 +1.3000e+01 +0.0000e+00 +0.0000e+00 +2.0000e+00 +0.0000e+00
61 +3.939111418e+02 +3.939111418e+02 +2.418711418e+02 +2.418711418e+02 +1.0000e+00 +0.0000e+00 +8.0000e+00 +1.4000e+01 +2.0000e+00 +1.1000e+01 +0.0000e+00 +0.0000e+00 +0.0000e+00 +0.0000e+00
73 +2.241879418e+02 +2.241879418e+02 +7.214794176e+01 +7.214794176e+01 +0.0000e+00 +0.0000e+00 +5.0000e+00 +1.1000e+01 +0.0000e+00 +8.0000e+00 +0.0000e+00 +0.0000e+00 +0.0000e+00 +0.0000e+00
81 +1.382775418e+02 +1.382775418e+02 -1.376245824e+01 -1.376245824e+01 +0.0000e+00 +0.0000e+00 +3.0000e+00 +9.0000e+00 +0.0000e+00 +6.0000e+00 +0.0000e+00 +0.0000e+00 +0.0000e+00 +0.0000e+00
89 +7.636714176e+01 +7.636714176e+01 -7.567285824e+01 -7.567285824e+01 +0.0000e+00 +0.0000e+00 +1.0000e+00 +7.0000e+00 +0.0000e+00 +4.0000e+00 +0.0000e+00 +0.0000e+00 +0.0000e+00 +0.0000e+00
93 +5.441194176e+01 +5.441194176e+01 -9.762805824e+01 -9.762805824e+01 +0.0000e+00 +0.0000e+00 +0.0000e+00 +6.0000e+00 +0.0000e+00 +3.0000e+00 +0.0000e+00 +0.0000e+00 +0.0000e+00 +0.0000e+00
105 +3.909514176e+01 +3.909514176e+01 -1.129448582e+02 -1.129448582e+02 +0.0000e+00 +0.0000e+00 +0.0000e+00 +3.0000e+00 +0.0000e+00 +0.0000e+00 +0.0000e+00 +0.0000e+00 +0.0000e+00 +0.0000e+00
% function evaluation | noise-free fitness - Fopt (-2.525000000000e+01) | best noise-free fitness - Fopt | measured fitness | best measured fitness | x1 | x2...
1 +2.807105343e+03 +2.807105343e+03 +2.781855343e+03 +2.781855343e+03 +1.2000e+01 +2.9000e+01 +2.0000e+01 +2.0000e+00 +5.0000e+00 +2.0000e+00 +7.0000e+00 +2.9000e+01 +2.1000e+01 +2.0000e+00
9 +2.323985343e+03 +2.323985343e+03 +2.298735343e+03 +2.298735343e+03 +1.0000e+01 +2.7000e+01 +1.8000e+01 +0.0000e+00 +3.0000e+00 +0.0000e+00 +5.0000e+00 +2.7000e+01 +1.9000e+01 +0.0000e+00
25 +1.581569343e+03 +1.581569343e+03 +1.556319343e+03 +1.556319343e+03 +6.0000e+00 +2.3000e+01 +1.4000e+01 +0.0000e+00 +0.0000e+00 +0.0000e+00 +1.0000e+00 +2.3000e+01 +1.5000e+01 +0.0000e+00
42 +8.943997434e+02 +8.943997434e+02 +8.691497434e+02 +8.691497434e+02 +1.0000e+01 +1.8000e+01 +1.1000e+01 +0.0000e+00 +0.0000e+00 +0.0000e+00 +1.0000e+00 +9.0000e+00 +1.7000e+01 +0.0000e+00
54 +5.574029434e+02 +5.574029434e+02 +5.321529434e+02 +5.321529434e+02 +7.0000e+00 +1.5000e+01 +8.0000e+00 +0.0000e+00 +0.0000e+00 +0.0000e+00 +0.0000e+00 +6.0000e+00 +1.4000e+01 +0.0000e+00
62 +3.867053434e+02 +3.867053434e+02 +3.614553434e+02 +3.614553434e+02 +5.0000e+00 +1.3000e+01 +6.0000e+00 +0.0000e+00 +0.0000e+00 +0.0000e+00 +0.0000e+00 +4.0000e+00 +1.2000e+01 +0.0000e+00
74 +2.056589434e+02 +2.056589434e+02 +1.804089434e+02 +1.804089434e+02 +2.0000e+00 +1.0000e+01 +3.0000e+00 +0.0000e+00 +0.0000e+00 +0.0000e+00 +0.0000e+00 +1.0000e+00 +9.0000e+00 +0.0000e+00
82 +1.375917434e+02 +1.375917434e+02 +1.123417434e+02 +1.123417434e+02 +0.0000e+00 +8.0000e+00 +1.0000e+00 +0.0000e+00 +0.0000e+00 +0.0000e+00 +0.0000e+00 +0.0000e+00 +7.0000e+00 +0.0000e+00
90 +8.954054336e+01 +8.954054336e+01 +6.429054336e+01 +6.429054336e+01 +0.0000e+00 +6.0000e+00 +0.0000e+00 +0.0000e+00 +0.0000e+00 +0.0000e+00 +0.0000e+00 +0.0000e+00 +5.0000e+00 +0.0000e+00
98 +6.133254336e+01 +6.133254336e+01 +3.608254336e+01 +3.608254336e+01 +0.0000e+00 +4.0000e+00 +0.0000e+00 +0.0000e+00 +0.0000e+00 +0.0000e+00 +0.0000e+00 +0.0000e+00 +3.0000e+00 +0.0000e+00
% function evaluation | noise-free fitness - Fopt (2.230000000000e+00) | best noise-free fitness - Fopt | measured fitness | best measured fitness | x1 | x2...
1 +3.330331806e+03 +3.330331806e+03 +3.332561806e+03 +3.332561806e+03 +7.0000e+00 +1.5000e+01 +2.3000e+01 +2.1000e+01 +1.8000e+01 +5.0000e+00 +1.7000e+01 +3.0000e+01 +3.0000e+00 +1.7000e+01
3 +2.216221406e+03 +2.216221406e+03 +2.218451406e+03 +2.218451406e+03 +4.0000e+00 +2.5000e+01 +8.0000e+00 +0.0000e+00 +2.9000e+01 +1.0000e+00 +1.0000e+00 +4.0000e+00 +2.6000e+01 +0.0000e+00
19 +1.551141406e+03 +1.551141406e+03 +1.553371406e+03 +1.553371406e+03 +0.0000e+00 +2.1000e+01 +4.0000e+00 +0.0000e+00 +2.5000e+01 +0.0000e+00 +0.0000e+00 +0.0000e+00 +2.2000e+01 +0.0000e+00
39 +9.420854061e+02 +9.420854061e+02 +9.443154061e+02 +9.443154061e+02 +0.0000e+00 +1.6000e+01 +0.0000e+00 +0.0000e+00 +2.0000e+01 +0.0000e+00 +0.0000e+00 +0.0000e+00 +1.7000e+01 +0.0000e+00
54 +5.756934061e+02 +5.756934061e+02 +5.779234061e+02 +5.779234061e+02 +6.0000e+00 +3.0000e+00 +0.0000e+00 +0.0000e+00 +1.2000e+01 +1.6000e+01 +0.0000e+00 +2.0000e+00 +7.0000e+00 +0.0000e+00
66 +3.505862061e+02 +3.505862061e+02 +3.528162061e+02 +3.528162061e+02 +3.0000e+00 +0.0000e+00 +0.0000e+00 +0.0000e+00 +9.0000e+00 +1.3000e+01 +0.0000e+00 +0.0000e+00 +4.0000e+00 +0.0000e+00
78 +2.345270061e+02 +2.345270061e+02 +2.367570061e+02 +2.367570061e+02 +0.0000e+00 +0.0000e+00 +0.0000e+00 +0.0000e+00 +6.0000e+00 +1.0000e+01 +0.0000e+00 +0.0000e+00 +1.0000e+00 +0.0000e+00
87 +1.310582061e+02 +1.310582061e+02 +1.332882061e+02 +1.332882061e+02 +0.0000e+00 +4.0000e+00 +0.0000e+00 +0.0000e+00 +8.0000e+00 +0.0000e+00 +0.0000e+00 +0.0000e+00 +5.0000e+00 +0.0000e+00
95 +7.988700608e+01 +7.988700608e+01 +8.211700608e+01 +8.211700608e+01 +0.0000e+00 +2.0000e+00 +0.0000e+00 +0.0000e+00 +6.0000e+00 +0.0000e+00 +0.0000e+00 +0.0000e+00 +3.0000e+00 +0.0000e+00
103 +5.271580608e+01 +5.271580608e+01 +5.494580608e+01 +5.494580608e+01 +0.0000e+00 +0.0000e+00 +0.0000e+00 +0.0000e+00 +4.0000e+00 +0.0000e+00 +0.0000e+00 +0.0000e+00 +1.0000e+00 +0.0000e+00
% function evaluation | noise-free fitness - Fopt (-1.308000000000e+01) | best noise-free fitness - Fopt | measured fitness | best measured fitness | x1 | x2...
1 +2.822348867e+03 +2.822348867e+03 +2.809268867e+03 +2.809268867e+03 +2.1000e+01 +8.0000e+00 +2.3000e+01 +1.1000e+01 +2.6000e+01 +3.0000e+00 +0.0000e+00 +1.0000e+00 +6.0000e+00 +2.8000e+01
9 +2.333897667e+03 +2.333897667e+03 +2.320817667e+03 +2.320817667e+03 +1.9000e+01 +6.0000e+00 +2.1000e+01 +9.0000e+00 +2.4000e+01 +1.0000e+00 +0.0000e+00 +0.0000e+00 +4.0000e+00 +2.6000e+01
25 +1.567252867e+03 +1.567252867e+03 +1.554172867e+03 +1.554172867e+03 +1.5000e+01 +2.0000e+00 +1.7000e+01 +5.0000e+00 +2.0000e+01 +0.0000e+00 +0.0000e+00 +0.0000e+00 +0.0000e+00 +2.2000e+01
45 +9.083632672e+02 +9.083632672e+02 +8.952832672e+02 +8.952832672e+02 +1.0000e+01 +0.0000e+00 +1.2000e+01 +0.0000e+00 +1.5000e+01 +0.0000e+00 +0.0000e+00 +0.0000e+00 +0.0000e+00 +1.7000e+01
57 +6.094288672e+02 +6.094288672e+02 +5.963488672e+02 +5.963488672e+02 +7.0000e+00 +0.0000e+00 +9.0000e+00 +0.0000e+00 +1.2000e+01 +0.0000e+00 +0.0000e+00 +0.0000e+00 +0.0000e+00 +1.4000e+01
69 +3.824944672e+02 +3.824944672e+02 +3.694144672e+02 +3.694144672e+02 +4.0000e+00 +0.0000e+00 +6.0000e+00 +0.0000e+00 +9.0000e+00 +0.0000e+00 +0.0000e+00 +0.0000e+00 +0.0000e+00 +1.1000e+01
81 +2.275600672e+02 +2.275600672e+02 +2.144800672e+02 +2.144800672e+02 +1.0000e+00 +0.0000e+00 +3.0000e+00 +0.0000e+00 +6.0000e+00 +0.0000e+00 +0.0000e+00 +0.0000e+00 +0.0000e+00 +8.0000e+00
86 +1.471616672e+02 +1.471616672e+02 +1.340816672e+02 +1.340816672e+02 +4.0000e+00 +0.0000e+00 +0.0000e+00 +5.0000e+00 +0.0000e+00 +4.0000e+00 +0.0000e+00 +5.0000e+00 +0.0000e+00 +0.0000e+00
94 +8.689606720e+01 +8.689606720e+01 +7.381606720e+01 +7.381606720e+01 +2.0000e+00 +0.0000e+00 +0.0000e+00 +3.0000e+00 +0.0000e+00 +2.0000e+00 +0.0000e+00 +3.0000e+00 +0.0000e+00 +0.0000e+00
102 +5.863046720e+01 +5.863046720e+01 +4.555046720e+01 +4.555046720e+01 +0.0000e+00 +0.0000e+00 +0.0000e+00 +1.0000e+00 +0.0000e+00 +0.0000e+00 +0.0000e+00 +1.0000e+00 +0.0000e+00 +0.0000e+00
% function evaluation | noise-free fitness - Fopt (2.671600000000e+02) | best noise-free fitness - Fopt | measured fitness | best measured fitness | x1 | x2...
1 +3.627005957e+03 +3.627005957e+03 +3.894165957e+03 +3.894165957e+03 +2.0000e+00 +3.0000e+00 +1.6000e+01 +9.0000e+00 +2.7000e+01 +0.0000e+00 +3.0000e+01 +2.6000e+01 +2.4000e+01 +1.2000e+01
15 +2.390447557e+03 +2.390447557e+03 +2.657607557e+03 +2.657607557e+03 +2.6000e+01 +5.0000e+00 +8.0000e+00 +1.4000e+01 +1.3000e+01 +0.0000e+00 +2.3000e+01 +4.0000e+00 +1.2000e+01 +1.7000e+01
31 +1.465173957e+03 +1.465173957e+03 +1.732333957e+03 +1.732333957e+03 +2.2000e+01 +1.0000e+00 +4.0000e+00 +1.0000e+01 +9.0000e+00 +0.0000e+00 +1.9000e+01 +0.0000e+00 +8.0000e+00 +1.3000e+01
43 +9.747787571e+02 +9.747787571e+02 +1.241938757e+03 +1.241938757e+03 +1.9000e+01 +0.0000e+00 +1.0000e+00 +7.0000e+00 +6.0000e+00 +0.0000e+00 +1.6000e+01 +0.0000e+00 +5.0000e+00 +1.0000e+01
55 +6.285195571e+02 +6.285195571e+02 +8.956795571e+02 +8.956795571e+02 +1.6000e+01 +0.0000e+00 +0.0000e+00 +4.0000e+00 +3.0000e+00 +0.0000e+00 +1.3000e+01 +0.0000e+00 +2.0000e+00 +7.0000e+00
71 +3.481179571e+02 +3.481179571e+02 +6.152779571e+02 +6.152779571e+02 +1.2000e+01 +0.0000e+00 +0.0000e+00 +0.0000e+00 +0.0000e+00 +0.0000e+00 +9.0000e+00 +0.0000e+00 +0.0000e+00 +3.0000e+00
83 +2.295483571e+02 +2.295483571e+02 +4.967083571e+02 +4.967083571e+02 +9.0000e+00 +0.0000e+00 +0.0000e+00 +0.0000e+00 +0.0000e+00 +0.0000e+00 +6.0000e+00 +0.0000e+00 +0.0000e+00 +0.0000e+00
93 +1.259867571e+02 +1.259867571e+02 +3.931467571e+02 +3.931467571e+02 +0.0000e+00 +0.0000e+00 +0.0000e+00 +0.0000e+00 +4.0000e+00 +0.0000e+00 +7.0000e+00 +3.0000e+00 +1.0000e+00 +0.0000e+00
97 +9.736915712e+01 +9.736915712e+01 +3.645291571e+02 +3.645291571e+02 +0.0000e+00 +0.0000e+00 +0.0000e+00 +0.0000e+00 +3.0000e+00 +0.0000e+00 +6.0000e+00 +2.0000e+00 +0.0000e+00 +0.0000e+00
% function evaluation | noise-free fitness - Fopt (3.710000000000e+00) | best noise-free fitness - Fopt | measured fitness | best measured fitness | x1 | x2...
1 +2.331116665e+03 +2.331116665e+03 +2.334826665e+03 +2.334826665e+03 +1.3000e+01 +5.0000e+00 +3.0000e+01 +0.0000e+00 +1.0000e+01 +2.4000e+01 +1.1000e+01 +1.4000e+01 +2.0000e+01 +1.0000e+01
12 +1.508417465e+03 +1.508417465e+03 +1.512127465e+03 +1.512127465e+03 +8.0000e+00 +0.0000e+00 +2.0000e+01 +1.6000e+01 +7.0000e+00 +0.0000e+00 +8.0000e+00 +1.3000e+01 +2.5000e+01 +3.0000e+00
28 +8.829742650e+02 +8.829742650e+02 +8.866842650e+02 +8.866842650e+02 +4.0000e+00 +0.0000e+00 +1.6000e+01 +1.2000e+01 +3.0000e+00 +0.0000e+00 +4.0000e+00 +9.0000e+00 +2.1000e+01 +0.0000e+00
40 +5.712382650e+02 +5.712382650e+02 +5.749482650e+02 +5.749482650e+02 +1.0000e+00 +0.0000e+00 +1.3000e+01 +9.0000e+00 +0.0000e+00 +0.0000e+00 +1.0000e+00 +6.0000e+00 +1.8000e+01 +0.0000e+00
52 +3.561374650e+02 +3.561374650e+02 +3.598474650e+02 +3.598474650e+02 +0.0000e+00 +0.0000e+00 +1.0000e+01 +6.0000e+00 +0.0000e+00 +0.0000e+00 +0.0000e+00 +3.0000e+00 +1.5000e+01 +0.0000e+00
62 +2.477070650e+02 +2.477070650e+02 +2.514170650e+02 +2.514170650e+02 +2.0000e+00 +7.0000e+00 +0.0000e+00 +3.0000e+00 +0.0000e+00 +6.0000e+00 +7.0000e+00 +0.0000e+00 +0.0000e+00 +0.0000e+00
72 +1.370622650e+02 +1.370622650e+02 +1.407722650e+02 +1.407722650e+02 +0.0000e+00 +0.0000e+00 +5.0000e+00 +1.0000e+00 +0.0000e+00 +0.0000e+00 +0.0000e+00 +0.0000e+00 +1.0000e+01 +0.0000e+00
78 +9.749106496e+01 +9.749106496e+01 +1.012010650e+02 +1.012010650e+02 +0.0000e+00 +3.0000e+00 +0.0000e+00 +0.0000e+00 +0.0000e+00 +2.0000e+00 +3.0000e+00 +0.0000e+00 +0.0000e+00 +0.0000e+00
86 +6.301746496e+01 +6.301746496e+01 +6.672746496e+01 +6.672746496e+01 +0.0000e+00 +1.0000e+00 +0.0000e+00 +0.0000e+00 +0.0000e+00 +0.0000e+00 +1.0000e+00 +0.0000e+00 +0.0000e+00 +0.0000e+00
% function evaluation | noise-free fitness - Fopt (9.478000000000e+01) | best noise-free fitness - Fopt | measured fitness | best measured fitness | x1 | x2...
1 +2.717559308e+03 +2.717559308e+03 +2.812339308e+03 +2.812339308e+03 +2.3000e+01 +1.6000e+01 +1.0000e+01 +7.0000e+00 +2.4000e+01 +1.9000e+01 +2.0000e+01 +9.0000e+00 +2.7000e+01 +3.0000e+00
4 +2.388896908e+03 +2.388896908e+03 +2.483676908e+03 +2.483676908e+03 +1.6000e+01 +2.6000e+01 +3.0000e+00 +1.0000e+01 +2.3000e+01 +3.0000e+00 +2.8000e+01 +7.0000e+00 +1.1000e+01 +7.0000e+00
20 +1.565687308e+03 +1.565687308e+03 +1.660467308e+03 +1.660467308e+03 +1.2000e+01 +2.2000e+01 +0.0000e+00 +6.0000e+00 +1.9000e+01 +0.0000e+00 +2.4000e+01 +3.0000e+00 +7.0000e+00 +3.0000e+00
33 +9.763225082e+02 +9.763225082e+02 +1.071102508e+03 +1.071102508e+03 +1.5000e+01 +8.0000e+00 +2.0000e+00 +0.0000e+00 +1.6000e+01 +1.1000e+01 +1.2000e+01 +1.0000e+00 +1.9000e+01 +0.0000e+00
45 +6.001273082e+02 +6.001273082e+02 +6.949073082e+02 +6.949073082e+02 +1.2000e+01 +5.0000e+00 +0.0000e+00 +0.0000e+00 +1.3000e+01 +8.0000e+00 +9.0000e+00 +0.0000e+00 +1.6000e+01 +0.0000e+00
57 +3.175081082e+02 +3.175081082e+02 +4.122881082e+02 +4.122881082e+02 +9.0000e+00 +2.0000e+00 +0.0000e+00 +0.0000e+00 +1.0000e+01 +5.0000e+00 +6.0000e+00 +0.0000e+00 +1.3000e+01 +0.0000e+00
61 +2.473017082e+02 +2.473017082e+02 +3.420817082e+02 +3.420817082e+02 +8.0000e+00 +1.0000e+00 +0.0000e+00 +0.0000e+00 +9.0000e+00 +4.0000e+00 +5.0000e+00 +0.0000e+00 +1.2000e+01 +0.0000e+00
69 +1.481945082e+02 +1.481945082e+02 +2.429745082e+02 +2.429745082e+02 +6.0000e+00 +0.0000e+00 +0.0000e+00 +0.0000e+00 +7.0000e+00 +2.0000e+00 +3.0000e+00 +0.0000e+00 +1.0000e+01 +0.0000e+00
77 +9.639290816e+01 +9.639290816e+01 +1.911729082e+02 +1.911729082e+02 +4.0000e+00 +0.0000e+00 +0.0000e+00 +0.0000e+00 +5.0000e+00 +0.0000e+00 +1.0000e+00 +0.0000e+00 +8.0000e+00 +0.0000e+00
% function evaluation | noise-free fitness - Fopt (2.339200000000e+02) | best noise-free fitness - Fopt | measured fitness | best measured fitness | x1 | x2...
1 +3.283944048e+03 +3.283944048e+03 +3.517864048e+03 +3.517864048e+03 +1.2000e+01 +2.3000e+01 +3.0000e+01 +1.0000e+01 +1.3000e+01 +3.0000e+01 +1.0000e+00 +1.9000e+01 +7.0000e+00 +7.0000e+00
4 +1.471625648e+03 +1.471625648e+03 +1.705545648e+03 +1.705545648e+03 +0.0000e+00 +2.0000e+00 +1.0000e+00 +3.0000e+00 +4.0000e+00 +1.1000e+01 +9.0000e+00 +2.7000e+01 +2.3000e+01 +9.0000e+00
20 +9.234144480e+02 +9.234144480e+02 +1.157334448e+03 +1.157334448e+03 +0.0000e+00 +0.0000e+00 +0.0000e+00 +0.0000e+00 +0.0000e+00 +7.0000e+00 +5.0000e+00 +2.3000e+01 +1.9000e+01 +5.0000e+00
36 +5.900512480e+02 +5.900512480e+02 +8.239712480e+02 +8.239712480e+02 +0.0000e+00 +0.0000e+00 +0.0000e+00 +0.0000e+00 +0.0000e+00 +3.0000e+00 +1.0000e+00 +1.9000e+01 +1.5000e+01 +1.0000e+00
52 +3.721504480e+02 +3.721504480e+02 +6.060704480e+02 +6.060704480e+02 +0.0000e+00 +0.0000e+00 +0.0000e+00 +0.0000e+00 +0.0000e+00 +0.0000e+00 +0.0000e+00 +1.5000e+01 +1.1000e+01 +0.0000e+00
64 +2.384560480e+02 +2.384560480e+02 +4.723760480e+02 +4.723760480e+02 +0.0000e+00 +0.0000e+00 +0.0000e+00 +0.0000e+00 +0.0000e+00 +0.0000e+00 +0.0000e+00 +1.2000e+01 +8.0000e+00 +0.0000e+00
76 +1.407616480e+02 +1.407616480e+02 +3.746816480e+02 +3.746816480e+02 +0.0000e+00 +0.0000e+00 +0.0000e+00 +0.0000e+00 +0.0000e+00 +0.0000e+00 +0.0000e+00 +9.0000e+00 +5.0000e+00 +0.0000e+00
84 +9.563204800e+01 +9.563204800e+01 +3.295520480e+02 +3.295520480e+02 +0.0000e+00 +0.0000e+00 +0.0000e+00 +0.0000e+00 +0.0000e+00 +0.0000e+00 +0.0000e+00 +7.0000e+00 +3.0000e+00 +0.0000e+00
96 +5.793764800e+01 +5.793764800e+01 +2.918576480e+02 +2.918576480e+02 +0.0000e+00 +0.0000e+00 +0.0000e+00 +0.0000e+00 +0.0000e+00 +0.0000e+00 +0.0000e+00 +4.0000e+00 +0.0000e+00 +0.0000e+00
% function evaluation | noise-free fitness - Fopt (-6.092000000000e+01) | best noise-free fitness - Fopt | measured fitness | best measured fitness | x1 | x2...
1 +2.499526668e+03 +2.499526668e+03 +2.438606668e+03 +2.438606668e+03 +8.0000e+00 +1.9000e+01 +2.2000e+01 +0.0000e+00 +2.0000e+01 +2.0000e+00 +1.3000e+01 +2.5000e+01 +1.3000e+01 +1.6000e+01
17 +1.551427468e+03 +1.551427468e+03 +1.490507468e+03 +1.490507468e+03 +4.0000e+00 +1.5000e+01 +1.8000e+01 +0.0000e+00 +1.6000e+01 +0.0000e+00 +9.0000e+00 +2.1000e+01 +9.0000e+00 +1.2000e+01
33 +8.550242682e+02 +8.550242682e+02 +7.941042682e+02 +7.941042682e+02 +0.0000e+00 +1.1000e+01 +1.4000e+01 +0.0000e+00 +1.2000e+01 +0.0000e+00 +5.0000e+00 +1.7000e+01 +5.0000e+00 +8.0000e+00
41 +5.952674682e+02 +5.952674682e+02 +5.343474682e+02 +5.343474682e+02 +0.0000e+00 +9.0000e+00 +1.2000e+01 +0.0000e+00 +1.0000e+01 +0.0000e+00 +3.0000e+00 +1.5000e+01 +3.0000e+00 +6.0000e+00
49 +3.915106682e+02 +3.915106682e+02 +3.305906682e+02 +3.305906682e+02 +0.0000e+00 +7.0000e+00 +1.0000e+01 +0.0000e+00 +8.0000e+00 +0.0000e+00 +1.0000e+00 +1.3000e+01 +1.0000e+00 +4.0000e+00
57 +2.440642682e+02 +2.440642682e+02 +1.831442682e+02 +1.831442682e+02 +0.0000e+00 +5.0000e+00 +8.0000e+00 +0.0000e+00 +6.0000e+00 +0.0000e+00 +0.0000e+00 +1.1000e+01 +0.0000e+00 +2.0000e+00
65 +1.409282682e+02 +1.409282682e+02 +8.000826816e+01 +8.000826816e+01 +0.0000e+00 +3.0000e+00 +6.0000e+00 +0.0000e+00 +4.0000e+00 +0.0000e+00 +0.0000e+00 +9.0000e+00 +0.0000e+00 +0.0000e+00
73 +8.437146816e+01 +8.437146816e+01 +2.345146816e+01 +2.345146816e+01 +0.0000e+00 +1.0000e+00 +4.0000e+00 +0.0000e+00 +2.0000e+00 +0.0000e+00 +0.0000e+00 +7.0000e+00 +0.0000e+00 +0.0000e+00
81 +5.360826816e+01 +5.360826816e+01 -7.311731840e+00 -7.311731840e+00 +0.0000e+00 +0.0000e+00 +2.0000e+00 +0.0000e+00 +0.0000e+00 +0.0000e+00 +0.0000e+00 +5.0000e+00 +0.0000e+00 +0.0000e+00
% function evaluation | noise-free fitness - Fopt (-1.948000000000e+01) | best noise-free fitness - Fopt | measured fitness | best measured fitness | x1 | x2...
1 +3.074619950e+03 +3.074619950e+03 +3.055139950e+03 +3.055139950e+03 +2.7000e+01 +2.1000e+01 +2.5000e+01 +2.9000e+01 +7.0000e+00 +1.0000e+00 +2.0000e+01 +3.0000e+00 +6.0000e+00 +1.0000e+00
3 +2.284808750e+03 +2.284808750e+03 +2.265328750e+03 +2.265328750e+03 +3.0000e+01 +2.0000e+01 +4.0000e+00 +2.9000e+01 +5.0000e+00 +9.0000e+00 +1.0000e+00 +5.0000e+00 +0.0000e+00 +9.0000e+00
19 +1.554719150e+03 +1.554719150e+03 +1.535239150e+03 +1.535239150e+03 +2.6000e+01 +1.6000e+01 +0.0000e+00 +2.5000e+01 +1.0000e+00 +5.0000e+00 +0.0000e+00 +1.0000e+00 +0.0000e+00 +5.0000e+00
39 +9.415415501e+02 +9.415415501e+02 +9.220615501e+02 +9.220615501e+02 +2.1000e+01 +1.1000e+01 +0.0000e+00 +2.0000e+01 +0.0000e+00 +0.0000e+00 +0.0000e+00 +0.0000e+00 +0.0000e+00 +0.0000e+00
54 +5.325015501e+02 +5.325015501e+02 +5.130215501e+02 +5.130215501e+02 +5.0000e+00 +6.0000e+00 +8.0000e+00 +0.0000e+00 +0.0000e+00 +1.5000e+01 +9.0000e+00 +0.0000e+00 +5.0000e+00 +0.0000e+00
62 +3.649335501e+02 +3.649335501e+02 +3.454535501e+02 +3.454535501e+02 +3.0000e+00 +4.0000e+00 +6.0000e+00 +0.0000e+00 +0.0000e+00 +1.3000e+01 +7.0000e+00 +0.0000e+00 +3.0000e+00 +0.0000e+00
70 +2.453655501e+02 +2.453655501e+02 +2.258855501e+02 +2.258855501e+02 +1.0000e+00 +2.0000e+00 +4.0000e+00 +0.0000e+00 +0.0000e+00 +1.1000e+01 +5.0000e+00 +0.0000e+00 +1.0000e+00 +0.0000e+00
82 +1.385271501e+02 +1.385271501e+02 +1.190471501e+02 +1.190471501e+02 +0.0000e+00 +0.0000e+00 +1.0000e+00 +0.0000e+00 +0.0000e+00 +8.0000e+00 +2.0000e+00 +0.0000e+00 +0.0000e+00 +0.0000e+00
90 +9.141995008e+01 +9.141995008e+01 +7.193995008e+01 +7.193995008e+01 +0.0000e+00 +0.0000e+00 +0.0000e+00 +0.0000e+00 +0.0000e+00 +6.0000e+00 +0.0000e+00 +0.0000e+00 +0.0000e+00 +0.0000e+00
101 +5.567595008e+01 +5.567595008e+01 +3.619595008e+01 +3.619595008e+01 +2.0000e+00 +0.0000e+00 +0.0000e+00 +4.0000e+00 +0.0000e+00 +0.0000e+00 +0.0000e+00 +0.0000e+00 +0.0000e+00 +0.0000e+00
% function evaluation | noise-free fitness - Fopt (1.344700000000e+02) | best noise-free fitness - Fopt | measured fitness | best measured fitness | x1 | x2...
1 +3.841754060e+03 +3.841754060e+03 +3.976224060e+03 +3.976224060e+03 +2.0000e+01 +3.0000e+00 +1.2000e+01 +3.0000e+00 +1.9000e+01 +1.0000e+00 +2.6000e+01 +5.0000e+00 +3.0000e+01 +2.8000e+01
11 +2.440152460e+03 +2.440152460e+03 +2.574622460e+03 +2.574622460e+03 +1.9000e+01 +1.9000e+01 +1.0000e+00 +1.1000e+01 +6.0000e+00 +7.0000e+00 +2.8000e+01 +2.1000e+01 +1.1000e+01 +3.0000e+00
27 +1.505026060e+03 +1.505026060e+03 +1.639496060e+03 +1.639496060e+03 +1.5000e+01 +1.5000e+01 +0.0000e+00 +7.0000e+00 +2.0000e+00 +3.0000e+00 +2.4000e+01 +1.7000e+01 +7.0000e+00 +0.0000e+00
39 +9.965060595e+02 +9.965060595e+02 +1.130976060e+03 +1.130976060e+03 +1.2000e+01 +1.2000e+01 +0.0000e+00 +4.0000e+00 +0.0000e+00 +0.0000e+00 +2.1000e+01 +1.4000e+01 +4.0000e+00 +0.0000e+00
51 +6.203348595e+02 +6.203348595e+02 +7.548048595e+02 +7.548048595e+02 +9.0000e+00 +9.0000e+00 +0.0000e+00 +1.0000e+00 +0.0000e+00 +0.0000e+00 +1.8000e+01 +1.1000e+01 +1.0000e+00 +0.0000e+00
87 +3.788340595e+02 +3.788340595e+02 +5.133040595e+02 +5.133040595e+02 +2.0000e+00 +2.0000e+00 +8.0000e+00 +0.0000e+00 +8.0000e+00 +0.0000e+00 +8.0000e+00 +0.0000e+00 +0.0000e+00 +8.0000e+00
95 +2.458964595e+02 +2.458964595e+02 +3.803664595e+02 +3.803664595e+02 +0.0000e+00 +0.0000e+00 +6.0000e+00 +0.0000e+00 +6.0000e+00 +0.0000e+00 +6.0000e+00 +0.0000e+00 +0.0000e+00 +6.0000e+00
103 +1.533780595e+02 +1.533780595e+02 +2.878480595e+02 +2.878480595e+02 +0.0000e+00 +0.0000e+00 +4.0000e+00 +0.0000e+00 +4.0000e+00 +0.0000e+00 +4.0000e+00 +0.0000e+00 +0.0000e+00 +4.0000e+00
111 +9.285965952e+01 +9.285965952e+01 +2.273296595e+02 +2.273296595e+02 +0.0000e+00 +0.0000e+00 +2.0000e+00 +0.0000e+00 +2.0000e+00 +0.0000e+00 +2.0000e+00 +0.0000e+00 +0.0000e+00 +2.0000e+00
154 +6.223245952e+01 +6.223245952e+01 +1.967024595e+02 +1.967024595e+02 +0.0000e+00 +2.0000e+00 +0.0000e+00 +0.0000e+00 +0.0000e+00 +0.0000e+00 +0.0000e+00 +0.0000e+00 +0.0000e+00 +1.0000e+00
% function evaluation | noise-free fitness - Fopt (4.453500000000e+02) | best noise-free fitness - Fopt | measured fitness | best measured fitness | x1 | x2...
1 +3.255879905e+03 +3.255879905e+03 +3.701229905e+03 +3.701229905e+03 +1.9000e+01 +1.8000e+01 +3.0000e+00 +1.2000e+01 +1.3000e+01 +3.0000e+01 +1.7000e+01 +1.2000e+01 +7.0000e+00 +3.0000e+01
6 +2.384743905e+03 +2.384743905e+03 +2.830093905e+03 +2.830093905e+03 +2.8000e+01 +0.0000e+00 +1.5000e+01 +0.0000e+00 +0.0000e+00 +0.0000e+00 +6.0000e+00 +2.7000e+01 +1.8000e+01 +9.0000e+00
26 +1.439431905e+03 +1.439431905e+03 +1.884781905e+03 +1.884781905e+03 +2.3000e+01 +0.0000e+00 +1.0000e+01 +0.0000e+00 +0.0000e+00 +0.0000e+00 +1.0000e+00 +2.2000e+01 +1.3000e+01 +4.0000e+00
40 +9.868895053e+02 +9.868895053e+02 +1.432239505e+03 +1.432239505e+03 +1.6000e+01 +1.5000e+01 +0.0000e+00 +2.0000e+00 +2.0000e+00 +3.0000e+00 +0.0000e+00 +1.9000e+01 +1.4000e+01 +0.0000e+00
55 +5.403103053e+02 +5.403103053e+02 +9.856603053e+02 +9.856603053e+02 +4.0000e+00 +7.0000e+00 +7.0000e+00 +4.0000e+00 +7.0000e+00 +1.0000e+00 +1.1000e+01 +0.0000e+00 +1.4000e+01 +0.0000e+00
63 +3.609935053e+02 +3.609935053e+02 +8.063435053e+02 +8.063435053e+02 +2.0000e+00 +5.0000e+00 +5.0000e+00 +2.0000e+00 +5.0000e+00 +0.0000e+00 +9.0000e+00 +0.0000e+00 +1.2000e+01 +0.0000e+00
71 +2.319087053e+02 +2.319087053e+02 +6.772587053e+02 +6.772587053e+02 +0.0000e+00 +3.0000e+00 +3.0000e+00 +0.0000e+00 +3.0000e+00 +0.0000e+00 +7.0000e+00 +0.0000e+00 +1.0000e+01 +0.0000e+00
83 +1.426527053e+02 +1.426527053e+02 +5.880027053e+02 +5.880027053e+02 +0.0000e+00 +0.0000e+00 +0.0000e+00 +0.0000e+00 +0.0000e+00 +0.0000e+00 +4.0000e+00 +0.0000e+00 +7.0000e+00 +0.0000e+00
91 +9.717750528e+01 +9.717750528e+01 +5.425275053e+02 +5.425275053e+02 +0.0000e+00 +0.0000e+00 +0.0000e+00 +0.0000e+00 +0.0000e+00 +0.0000e+00 +2.0000e+00 +0.0000e+00 +5.0000e+00 +0.0000e+00
