% function evaluation | noise-free fitness - Fopt (7.948000000000e+01) | best noise-free fitness - Fopt | measured fitness | best measured fitness | x1 | x2...
1 +3.812222701e+02 +3.812222701e+02 +4.607022701e+02 +4.607022701e+02 +4.0000e+00 +1.4000e+01 +1.1000e+01
7 +9.409470080e+00 +9.409470080e+00 +8.888947008e+01 +8.888947008e+01 +3.0000e+00 +0.0000e+00 +0.0000e+00
27 +2.420670080e+00 +2.420670080e+00 +8.190067008e+01 +8.190067008e+01 +1.0000e+00 +0.0000e+00 +0.0000e+00
% function evaluation | noise-free fitness - Fopt (3.944800000000e+02) | best noise-free fitness - Fopt | measured fitness | best measured fitness | x1 | x2...
1 +1.257949380e+03 +1.257949380e+03 +1.652429380e+03 +1.652429380e+03 +3.0000e+00 +2.7000e+01 +1.4000e+01
3 +9.036325805e+02 +9.036325805e+02 +1.298112580e+03 +1.298112580e+03 +2.4000e+01 +6.0000e+00 +3.0000e+00
43 +6.095077805e+02 +6.095077805e+02 +1.003987780e+03 +1.003987780e+03 +2.0000e+01 +2.0000e+00 +0.0000e+00
73 +3.347109805e+02 +3.347109805e+02 +7.291909805e+02 +7.291909805e+02 +1.3000e+01 +3.0000e+00 +0.0000e+00
93 +2.034277805e+02 +2.034277805e+02 +5.979077805e+02 +5.979077805e+02 +3.0000e+00 +9.0000e+00 +0.0000e+00
113 +1.570533805e+02 +1.570533805e+02 +5.515333805e+02 +5.515333805e+02 +1.0000e+00 +8.0000e+00 +0.0000e+00
143 +9.191418048e+01 +9.191418048e+01 +4.863941805e+02 +4.863941805e+02 +0.0000e+00 +5.0000e+00 +0.0000e+00
171 +5.760378048e+01 +5.760378048e+01 +4.520837805e+02 +4.520837805e+02 +2.0000e+00 +0.0000e+00 +0.0000e+00
191 +3.801018048e+01 +3.801018048e+01 +4.324901805e+02 +4.324901805e+02 +0.0000e+00 +0.0000e+00 +0.0000e+00
% function evaluation | noise-free fitness - Fopt (-2.471100000000e+02) | best noise-free fitness - Fopt | measured fitness | best measured fitness | x1 | x2...
1 +9.893868902e+02 +9.893868902e+02 +7.422768902e+02 +7.422768902e+02 +2.7000e+01 +6.0000e+00 +2.0000e+00
2 +5.840556902e+02 +5.840556902e+02 +3.369456902e+02 +3.369456902e+02 +7.0000e+00 +2.0000e+01 +8.0000e+00
7 +2.057820902e+02 +2.057820902e+02 -4.132790976e+01 -4.132790976e+01 +6.0000e+00 +9.0000e+00 +5.0000e+00
20 +1.361708902e+02 +1.361708902e+02 -1.109391098e+02 -1.109391098e+02 +3.0000e+00 +4.0000e+00 +8.0000e+00
37 +8.706049024e+01 +8.706049024e+01 -1.600495098e+02 -1.600495098e+02 +2.0000e+00 +7.0000e+00 +2.0000e+00
47 +5.948769024e+01 +5.948769024e+01 -1.876223098e+02 -1.876223098e+02 +1.0000e+00 +6.0000e+00 +1.0000e+00
60 +3.647649024e+01 +3.647649024e+01 -2.106335098e+02 -2.106335098e+02 +0.0000e+00 +0.0000e+00 +4.0000e+00
77 +2.272769024e+01 +2.272769024e+01 -2.243823098e+02 -2.243823098e+02 +0.0000e+00 +3.0000e+00 +0.0000e+00
97 +1.554049024e+01 +1.554049024e+01 -2.315695098e+02 -2.315695098e+02 +0.0000e+00 +1.0000e+00 +0.0000e+00
% function evaluation | noise-free fitness - Fopt (-1.520400000000e+02) | best noise-free fitness - Fopt | measured fitness | best measured fitness | x1 | x2...
1 +1.113816827e+03 +1.113816827e+03 +9.617768269e+02 +9.617768269e+02 +1.8000e+01 +2.0000e+00 +2.4000e+01
3 +8.243832269e+02 +8.243832269e+02 +6.723432269e+02 +6.723432269e+02 +8.0000e+00 +7.0000e+00 +2.3000e+01
4 +2.556072269e+02 +2.556072269e+02 +1.035672269e+02 +1.035672269e+02 +5.0000e+00 +1.6000e+01 +0.0000e+00
7 +4.973842688e+01 +4.973842688e+01 -1.023015731e+02 -1.023015731e+02 +1.0000e+00 +1.0000e+00 +3.0000e+00
17 +3.720242688e+01 +3.720242688e+01 -1.148375731e+02 -1.148375731e+02 +0.0000e+00 +0.0000e+00 +2.0000e+00
37 +1.750322688e+01 +1.750322688e+01 -1.345367731e+02 -1.345367731e+02 +0.0000e+00 +0.0000e+00 +0.0000e+00
114 +1.580722688e+01 +1.580722688e+01 -1.362327731e+02 -1.362327731e+02 +0.0000e+00 +2.0000e+00 +0.0000e+00
% function evaluation | noise-free fitness - Fopt (-2.525000000000e+01) | best noise-free fitness - Fopt | measured fitness | best measured fitness | x1 | x2...
1 +1.737493113e+03 +1.737493113e+03 +1.712243113e+03 +1.712243113e+03 +1.9000e+01 +2.8000e+01 +2.6000e+01
2 +1.384726713e+03 +1.384726713e+03 +1.359476713e+03 +1.359476713e+03 +2.8000e+01 +2.8000e+01 +5.0000e+00
4 +1.232387130e+02 +1.232387130e+02 +9.798871296e+01 +9.798871296e+01 +6.0000e+00 +6.0000e+00 +8.0000e+00
14 +9.189471296e+01 +9.189471296e+01 +6.664471296e+01 +6.664471296e+01 +5.0000e+00 +5.0000e+00 +7.0000e+00
34 +4.720671296e+01 +4.720671296e+01 +2.195671296e+01 +2.195671296e+01 +3.0000e+00 +3.0000e+00 +5.0000e+00
44 +3.386271296e+01 +3.386271296e+01 +8.612712960e+00 +8.612712960e+00 +2.0000e+00 +2.0000e+00 +4.0000e+00
74 +1.933151296e+01 +1.933151296e+01 -5.918487040e+00 -5.918487040e+00 +0.0000e+00 +0.0000e+00 +1.0000e+00
84 +1.548831296e+01 +1.548831296e+01 -9.761687040e+00 -9.761687040e+00 +0.0000e+00 +0.0000e+00 +0.0000e+00
137 +2.801912960e+00 +2.801912960e+00 -2.244808704e+01 -2.244808704e+01 +3.0000e+00 +0.0000e+00 +0.0000e+00
% function evaluation | noise-free fitness - Fopt (2.230000000000e+00) | best noise-free fitness - Fopt | measured fitness | best measured fitness | x1 | x2...
1 +1.231422682e+03 +1.231422682e+03 +1.233652682e+03 +1.233652682e+03 +1.3000e+01 +2.5000e+01 +2.0000e+01
2 +5.744578816e+02 +5.744578816e+02 +5.766878816e+02 +5.766878816e+02 +6.0000e+00 +4.0000e+00 +2.3000e+01
6 +1.731410816e+02 +1.731410816e+02 +1.753710816e+02 +1.753710816e+02 +6.0000e+00 +7.0000e+00 +9.0000e+00
7 +2.013788160e+01 +2.013788160e+01 +2.236788160e+01 +2.236788160e+01 +5.0000e+00 +2.0000e+00 +0.0000e+00
27 +6.390681600e+00 +6.390681600e+00 +8.620681600e+00 +8.620681600e+00 +3.0000e+00 +0.0000e+00 +0.0000e+00
% function evaluation | noise-free fitness - Fopt (-1.308000000000e+01) | best noise-free fitness - Fopt | measured fitness | best measured fitness | x1 | x2...
1 +1.161291236e+03 +1.161291236e+03 +1.148211236e+03 +1.148211236e+03 +3.0000e+01 +1.4000e+01 +8.0000e+00
2 +2.053392365e+02 +2.053392365e+02 +1.922592365e+02 +1.922592365e+02 +8.0000e+00 +1.0000e+01 +2.0000e+00
24 +1.487168365e+02 +1.487168365e+02 +1.356368365e+02 +1.356368365e+02 +4.0000e+00 +3.0000e+00 +1.4000e+01
44 +8.387523648e+01 +8.387523648e+01 +7.079523648e+01 +7.079523648e+01 +2.0000e+00 +1.0000e+00 +1.2000e+01
62 +6.212003648e+01 +6.212003648e+01 +4.904003648e+01 +4.904003648e+01 +7.0000e+00 +0.0000e+00 +0.0000e+00
74 +3.392323648e+01 +3.392323648e+01 +2.084323648e+01 +2.084323648e+01 +0.0000e+00 +0.0000e+00 +9.0000e+00
84 +2.394403648e+01 +2.394403648e+01 +1.086403648e+01 +1.086403648e+01 +0.0000e+00 +0.0000e+00 +8.0000e+00
104 +9.985636480e+00 +9.985636480e+00 -3.094363520e+00 -3.094363520e+00 +0.0000e+00 +0.0000e+00 +6.0000e+00
114 +6.006436480e+00 +6.006436480e+00 -7.073563520e+00 -7.073563520e+00 +0.0000e+00 +0.0000e+00 +5.0000e+00
% function evaluation | noise-free fitness - Fopt (2.671600000000e+02) | best noise-free fitness - Fopt | measured fitness | best measured fitness | x1 | x2...
1 +6.511440538e+02 +6.511440538e+02 +9.183040538e+02 +9.183040538e+02 +1.8000e+01 +2.0000e+00 +1.0000e+01
2 +4.422160538e+02 +4.422160538e+02 +7.093760538e+02 +7.093760538e+02 +6.0000e+00 +1.0000e+00 +1.5000e+01
12 +3.882240538e+02 +3.882240538e+02 +6.553840538e+02 +6.553840538e+02 +0.0000e+00 +5.0000e+00 +1.4000e+01
42 +2.467808538e+02 +2.467808538e+02 +5.139408538e+02 +5.139408538e+02 +2.0000e+00 +0.0000e+00 +1.1000e+01
71 +1.338704538e+02 +1.338704538e+02 +4.010304538e+02 +4.010304538e+02 +4.0000e+00 +3.0000e+00 +3.0000e+00
81 +9.822085376e+01 +9.822085376e+01 +3.653808538e+02 +3.653808538e+02 +2.0000e+00 +3.0000e+00 +2.0000e+00
101 +4.209285376e+01 +4.209285376e+01 +3.092528538e+02 +3.092528538e+02 +0.0000e+00 +1.0000e+00 +0.0000e+00
111 +3.381925376e+01 +3.381925376e+01 +3.009792538e+02 +3.009792538e+02 +0.0000e+00 +0.0000e+00 +0.0000e+00
% function evaluation | noise-free fitness - Fopt (3.710000000000e+00) | best noise-free fitness - Fopt | measured fitness | best measured fitness | x1 | x2...
1 +7.082706163e+02 +7.082706163e+02 +7.119806163e+02 +7.119806163e+02 +2.0000e+01 +1.8000e+01 +2.0000e+00
7 +3.084178163e+02 +3.084178163e+02 +3.121278163e+02 +3.121278163e+02 +1.0000e+00 +8.0000e+00 +1.4000e+01
17 +1.678354163e+02 +1.678354163e+02 +1.715454163e+02 +1.715454163e+02 +7.0000e+00 +0.0000e+00 +1.3000e+01
27 +1.394322163e+02 +1.394322163e+02 +1.431422163e+02 +1.431422163e+02 +6.0000e+00 +0.0000e+00 +1.2000e+01
47 +9.462581632e+01 +9.462581632e+01 +9.833581632e+01 +9.833581632e+01 +4.0000e+00 +0.0000e+00 +1.0000e+01
77 +5.741621632e+01 +5.741621632e+01 +6.112621632e+01 +6.112621632e+01 +1.0000e+00 +0.0000e+00 +7.0000e+00
107 +3.629301632e+01 +3.629301632e+01 +4.000301632e+01 +4.000301632e+01 +0.0000e+00 +0.0000e+00 +4.0000e+00
178 +2.190741632e+01 +2.190741632e+01 +2.561741632e+01 +2.561741632e+01 +6.0000e+00 +1.0000e+00 +1.0000e+00
188 +1.206901632e+01 +1.206901632e+01 +1.577901632e+01 +1.577901632e+01 +5.0000e+00 +0.0000e+00 +0.0000e+00
% function evaluation | noise-free fitness - Fopt (9.478000000000e+01) | best noise-free fitness - Fopt | measured fitness | best measured fitness | x1 | x2...
1 +8.004784198e+02 +8.004784198e+02 +8.952584198e+02 +8.952584198e+02 +3.0000e+00 +2.5000e+01 +2.0000e+00
2 +1.780720198e+02 +1.780720198e+02 +2.728520198e+02 +2.728520198e+02 +5.0000e+00 +8.0000e+00 +1.0000e+01
10 +3.498081984e+01 +3.498081984e+01 +1.297608198e+02 +1.297608198e+02 +5.0000e+00 +1.0000e+00 +5.0000e+00
20 +1.935201984e+01 +1.935201984e+01 +1.141320198e+02 +1.141320198e+02 +4.0000e+00 +0.0000e+00 +4.0000e+00
30 +1.502881984e+01 +1.502881984e+01 +1.098088198e+02 +1.098088198e+02 +3.0000e+00 +0.0000e+00 +3.0000e+00
% function evaluation | noise-free fitness - Fopt (2.339200000000e+02) | best noise-free fitness - Fopt | measured fitness | best measured fitness | x1 | x2...
1 +5.549014534e+02 +5.549014534e+02 +7.888214534e+02 +7.888214534e+02 +4.0000e+00 +1.4000e+01 +1.5000e+01
12 +3.796342534e+02 +3.796342534e+02 +6.135542534e+02 +6.135542534e+02 +1.0000e+01 +3.0000e+00 +1.1000e+01
32 +2.159398534e+02 +2.159398534e+02 +4.498598534e+02 +4.498598534e+02 +1.0000e+00 +8.0000e+00 +9.0000e+00
62 +1.348742534e+02 +1.348742534e+02 +3.687942534e+02 +3.687942534e+02 +4.0000e+00 +1.0000e+00 +6.0000e+00
72 +8.008865344e+01 +8.008865344e+01 +3.140086534e+02 +3.140086534e+02 +0.0000e+00 +3.0000e+00 +5.0000e+00
92 +4.694625344e+01 +4.694625344e+01 +2.808662534e+02 +2.808662534e+02 +0.0000e+00 +1.0000e+00 +3.0000e+00
102 +3.637505344e+01 +3.637505344e+01 +2.702950534e+02 +2.702950534e+02 +0.0000e+00 +0.0000e+00 +2.0000e+00
122 +2.067585344e+01 +2.067585344e+01 +2.545958534e+02 +2.545958534e+02 +0.0000e+00 +0.0000e+00 +0.0000e+00
% function evaluation | noise-free fitness - Fopt (-6.092000000000e+01) | best noise-free fitness - Fopt | measured fitness | best measured fitness | x1 | x2...
1 +4.788851597e+02 +4.788851597e+02 +4.179651597e+02 +4.179651597e+02 +1.0000e+00 +2.4000e+01 +8.0000e+00
4 +5.259235968e+01 +5.259235968e+01 -8.327640320e+00 -8.327640320e+00 +4.0000e+00 +9.0000e+00 +2.0000e+00
14 +3.940035968e+01 +3.940035968e+01 -2.151964032e+01 -2.151964032e+01 +3.0000e+00 +8.0000e+00 +1.0000e+00
44 +1.360515968e+01 +1.360515968e+01 -4.731484032e+01 -4.731484032e+01 +1.0000e+00 +4.0000e+00 +0.0000e+00
170 +7.912359680e+00 +7.912359680e+00 -5.300764032e+01 -5.300764032e+01 +0.0000e+00 +0.0000e+00 +4.0000e+00
% function evaluation | noise-free fitness - Fopt (-1.948000000000e+01) | best noise-free fitness - Fopt | measured fitness | best measured fitness | x1 | x2...
1 +2.502925600e+02 +2.502925600e+02 +2.308125600e+02 +2.308125600e+02 +1.2000e+01 +1.0000e+00 +1.0000e+01
3 +8.646056000e+01 +8.646056000e+01 +6.698056000e+01 +6.698056000e+01 +0.0000e+00 +0.0000e+00 +1.0000e+01
6 +3.824776000e+01 +3.824776000e+01 +1.876776000e+01 +1.876776000e+01 +0.0000e+00 +1.0000e+00 +7.0000e+00
26 +2.126056000e+01 +2.126056000e+01 +1.780560000e+00 +1.780560000e+00 +0.0000e+00 +0.0000e+00 +5.0000e+00
36 +1.422056000e+01 +1.422056000e+01 -5.259440000e+00 -5.259440000e+00 +0.0000e+00 +0.0000e+00 +4.0000e+00
46 +9.180560000e+00 +9.180560000e+00 -1.029944000e+01 -1.029944000e+01 +0.0000e+00 +0.0000e+00 +3.0000e+00
56 +6.140560000e+00 +6.140560000e+00 -1.333944000e+01 -1.333944000e+01 +0.0000e+00 +0.0000e+00 +2.0000e+00
58 +9.149600000e-01 +9.149600000e-01 -1.856504000e+01 -1.856504000e+01 +0.0000e+00 +2.0000e+00 +1.0000e+00
% function evaluation | noise-free fitness - Fopt (1.344700000000e+02) | best noise-free fitness - Fopt | measured fitness | best measured fitness | x1 | x2...
1 +2.475364416e+02 +2.475364416e+02 +3.820064416e+02 +3.820064416e+02 +6.0000e+00 +2.0000e+00 +1.3000e+01
11 +1.576596416e+02 +1.576596416e+02 +2.921296416e+02 +2.921296416e+02 +1.0000e+00 +5.0000e+00 +1.2000e+01
34 +7.405484160e+01 +7.405484160e+01 +2.085248416e+02 +2.085248416e+02 +0.0000e+00 +1.0000e+00 +8.0000e+00
54 +5.270124160e+01 +5.270124160e+01 +1.871712416e+02 +1.871712416e+02 +0.0000e+00 +0.0000e+00 +6.0000e+00
74 +3.403564160e+01 +3.403564160e+01 +1.685056416e+02 +1.685056416e+02 +0.0000e+00 +0.0000e+00 +4.0000e+00
94 +2.337004160e+01 +2.337004160e+01 +1.578400416e+02 +1.578400416e+02 +0.0000e+00 +0.0000e+00 +2.0000e+00
129 +1.208044160e+01 +1.208044160e+01 +1.465504416e+02 +1.465504416e+02 +0.0000e+00 +2.0000e+00 +0.0000e+00
% function evaluation | noise-free fitness - Fopt (4.453500000000e+02) | best noise-free fitness - Fopt | measured fitness | best measured fitness | x1 | x2...
1 +9.613878867e+02 +9.613878867e+02 +1.406737887e+03 +1.406737887e+03 +1.2000e+01 +8.0000e+00 +2.6000e+01
2 +6.169078867e+02 +6.169078867e+02 +1.062257887e+03 +1.062257887e+03 +0.0000e+00 +4.0000e+00 +2.4000e+01
5 +2.290294867e+02 +2.290294867e+02 +6.743794867e+02 +6.743794867e+02 +1.0000e+01 +0.0000e+00 +6.0000e+00
25 +4.501988672e+01 +4.501988672e+01 +4.903698867e+02 +4.903698867e+02 +0.0000e+00 +7.0000e+00 +4.0000e+00
35 +3.043908672e+01 +3.043908672e+01 +4.757890867e+02 +4.757890867e+02 +0.0000e+00 +6.0000e+00 +3.0000e+00
75 +1.236068672e+01 +1.236068672e+01 +4.577106867e+02 +4.577106867e+02 +0.0000e+00 +2.0000e+00 +0.0000e+00
