% function evaluation | noise-free fitness - Fopt (7.948000000000e+01) | best noise-free fitness - Fopt | measured fitness | best measured fitness | x1 | x2...
1 +1.165082094e+03 +1.165082094e+03 +1.244562094e+03 +1.244562094e+03 +1.8000e+01 +2.8000e+01
2 +3.670468941e+02 +3.670468941e+02 +4.465268941e+02 +4.465268941e+02 +0.0000e+00 +1.8000e+01
26 +2.297924941e+02 +2.297924941e+02 +3.092724941e+02 +3.092724941e+02 +0.0000e+00 +1.4000e+01
42 +1.462276941e+02 +1.462276941e+02 +2.257076941e+02 +2.257076941e+02 +1.0000e+01 +6.0000e+00
54 +8.661169408e+01 +8.661169408e+01 +1.660916941e+02 +1.660916941e+02 +8.0000e+00 +4.0000e+00
60 +6.280369408e+01 +6.280369408e+01 +1.422836941e+02 +1.422836941e+02 +7.0000e+00 +3.0000e+00
72 +2.718769408e+01 +2.718769408e+01 +1.066676941e+02 +1.066676941e+02 +5.0000e+00 +1.0000e+00
78 +1.537969408e+01 +1.537969408e+01 +9.485969408e+01 +9.485969408e+01 +4.0000e+00 +0.0000e+00
84 +8.885294080e+00 +8.885294080e+00 +8.836529408e+01 +8.836529408e+01 +3.0000e+00 +0.0000e+00
90 +4.390894080e+00 +4.390894080e+00 +8.387089408e+01 +8.387089408e+01 +2.0000e+00 +0.0000e+00
96 +1.896494080e+00 +1.896494080e+00 +8.137649408e+01 +8.137649408e+01 +1.0000e+00 +0.0000e+00
102 +1.402094080e+00 +1.402094080e+00 +8.088209408e+01 +8.088209408e+01 +0.0000e+00 +0.0000e+00
% function evaluation | noise-free fitness - Fopt (3.944800000000e+02) | best noise-free fitness - Fopt | measured fitness | best measured fitness | x1 | x2...
1 +7.866751347e+02 +7.866751347e+02 +1.181155135e+03 +1.181155135e+03 +2.4000e+01 +0.0000e+00
4 +3.918463347e+02 +3.918463347e+02 +7.863263347e+02 +7.863263347e+02 +1.5000e+01 +3.0000e+00
28 +2.303167347e+02 +2.303167347e+02 +6.247967347e+02 +6.247967347e+02 +1.1000e+01 +0.0000e+00
46 +1.499263347e+02 +1.499263347e+02 +5.444063347e+02 +5.444063347e+02 +8.0000e+00 +0.0000e+00
64 +8.753593472e+01 +8.753593472e+01 +4.820159347e+02 +4.820159347e+02 +5.0000e+00 +0.0000e+00
76 +5.594233472e+01 +5.594233472e+01 +4.504223347e+02 +4.504223347e+02 +3.0000e+00 +0.0000e+00
88 +3.234873472e+01 +3.234873472e+01 +4.268287347e+02 +4.268287347e+02 +1.0000e+00 +0.0000e+00
94 +2.355193472e+01 +2.355193472e+01 +4.180319347e+02 +4.180319347e+02 +0.0000e+00 +0.0000e+00
% function evaluation | noise-free fitness - Fopt (-2.471100000000e+02) | best noise-free fitness - Fopt | measured fitness | best measured fitness | x1 | x2...
1 +1.022289933e+03 +1.022289933e+03 +7.751799328e+02 +7.751799328e+02 +2.4000e+01 +1.6000e+01
3 +1.773859328e+02 +1.773859328e+02 -6.972406720e+01 -6.972406720e+01 +4.0000e+00 +1.1000e+01
6 +6.085633280e+01 +6.085633280e+01 -1.862536672e+02 -1.862536672e+02 +4.0000e+00 +0.0000e+00
18 +3.366273280e+01 +3.366273280e+01 -2.134472672e+02 -2.134472672e+02 +2.0000e+00 +0.0000e+00
24 +2.306593280e+01 +2.306593280e+01 -2.240440672e+02 -2.240440672e+02 +1.0000e+00 +0.0000e+00
30 +1.446913280e+01 +1.446913280e+01 -2.326408672e+02 -2.326408672e+02 +0.0000e+00 +0.0000e+00
% function evaluation | noise-free fitness - Fopt (-1.520400000000e+02) | best noise-free fitness - Fopt | measured fitness | best measured fitness | x1 | x2...
1 +8.166591718e+02 +8.166591718e+02 +6.646191718e+02 +6.646191718e+02 +0.0000e+00 +3.0000e+01
3 +2.440367718e+02 +2.440367718e+02 +9.199677184e+01 +9.199677184e+01 +9.0000e+00 +1.4000e+01
18 +1.340751718e+02 +1.340751718e+02 -1.796482816e+01 -1.796482816e+01 +0.0000e+00 +1.3000e+01
30 +9.177117184e+01 +9.177117184e+01 -6.026882816e+01 -6.026882816e+01 +0.0000e+00 +1.1000e+01
39 +5.391837184e+01 +5.391837184e+01 -9.812162816e+01 -9.812162816e+01 +3.0000e+00 +8.0000e+00
45 +3.623197184e+01 +3.623197184e+01 -1.158080282e+02 -1.158080282e+02 +2.0000e+00 +7.0000e+00
51 +2.254557184e+01 +2.254557184e+01 -1.294944282e+02 -1.294944282e+02 +1.0000e+00 +6.0000e+00
57 +1.285917184e+01 +1.285917184e+01 -1.391808282e+02 -1.391808282e+02 +0.0000e+00 +5.0000e+00
63 +6.707171840e+00 +6.707171840e+00 -1.453328282e+02 -1.453328282e+02 +0.0000e+00 +4.0000e+00
69 +2.555171840e+00 +2.555171840e+00 -1.494848282e+02 -1.494848282e+02 +0.0000e+00 +3.0000e+00
75 +4.031718400e-01 +4.031718400e-01 -1.516368282e+02 -1.516368282e+02 +0.0000e+00 +2.0000e+00
81 +2.511718400e-01 +2.511718400e-01 -1.517888282e+02 -1.517888282e+02 +0.0000e+00 +1.0000e+00
% function evaluation | noise-free fitness - Fopt (-2.525000000000e+01) | best noise-free fitness - Fopt | measured fitness | best measured fitness | x1 | x2...
1 +3.089985664e+02 +3.089985664e+02 +2.837485664e+02 +2.837485664e+02 +2.0000e+01 +7.0000e+00
2 +7.072176640e+01 +7.072176640e+01 +4.547176640e+01 +4.547176640e+01 +1.2000e+01 +0.0000e+00
3 +5.461776640e+01 +5.461776640e+01 +2.936776640e+01 +2.936776640e+01 +3.0000e+00 +8.0000e+00
15 +3.561616640e+01 +3.561616640e+01 +1.036616640e+01 +1.036616640e+01 +1.0000e+00 +6.0000e+00
26 +1.963696640e+01 +1.963696640e+01 -5.613033600e+00 -5.613033600e+00 +8.0000e+00 +0.0000e+00
32 +1.186576640e+01 +1.186576640e+01 -1.338423360e+01 -1.338423360e+01 +7.0000e+00 +0.0000e+00
38 +6.094566400e+00 +6.094566400e+00 -1.915543360e+01 -1.915543360e+01 +6.0000e+00 +0.0000e+00
44 +2.323366400e+00 +2.323366400e+00 -2.292663360e+01 -2.292663360e+01 +5.0000e+00 +0.0000e+00
50 +5.521664000e-01 +5.521664000e-01 -2.469783360e+01 -2.469783360e+01 +4.0000e+00 +0.0000e+00
% function evaluation | noise-free fitness - Fopt (2.230000000000e+00) | best noise-free fitness - Fopt | measured fitness | best measured fitness | x1 | x2...
1 +1.891584256e+02 +1.891584256e+02 +1.913884256e+02 +1.913884256e+02 +1.4000e+01 +7.0000e+00
7 +1.522848256e+02 +1.522848256e+02 +1.545148256e+02 +1.545148256e+02 +1.3000e+01 +6.0000e+00
19 +9.053762560e+01 +9.053762560e+01 +9.276762560e+01 +9.276762560e+01 +1.1000e+01 +4.0000e+00
31 +4.479042560e+01 +4.479042560e+01 +4.702042560e+01 +4.702042560e+01 +9.0000e+00 +2.0000e+00
37 +2.791682560e+01 +2.791682560e+01 +3.014682560e+01 +3.014682560e+01 +8.0000e+00 +1.0000e+00
43 +1.504322560e+01 +1.504322560e+01 +1.727322560e+01 +1.727322560e+01 +7.0000e+00 +0.0000e+00
49 +9.880025600e+00 +9.880025600e+00 +1.211002560e+01 +1.211002560e+01 +6.0000e+00 +0.0000e+00
61 +5.553625600e+00 +5.553625600e+00 +7.783625600e+00 +7.783625600e+00 +4.0000e+00 +0.0000e+00
% function evaluation | noise-free fitness - Fopt (-1.308000000000e+01) | best noise-free fitness - Fopt | measured fitness | best measured fitness | x1 | x2...
1 +3.307907283e+02 +3.307907283e+02 +3.177107283e+02 +3.177107283e+02 +1.3000e+01 +1.1000e+01
13 +2.359075283e+02 +2.359075283e+02 +2.228275283e+02 +2.228275283e+02 +1.1000e+01 +9.0000e+00
25 +1.570243283e+02 +1.570243283e+02 +1.439443283e+02 +1.439443283e+02 +9.0000e+00 +7.0000e+00
37 +9.414112832e+01 +9.414112832e+01 +8.106112832e+01 +8.106112832e+01 +7.0000e+00 +5.0000e+00
49 +4.725792832e+01 +4.725792832e+01 +3.417792832e+01 +3.417792832e+01 +5.0000e+00 +3.0000e+00
55 +2.981632832e+01 +2.981632832e+01 +1.673632832e+01 +1.673632832e+01 +4.0000e+00 +2.0000e+00
61 +1.637472832e+01 +1.637472832e+01 +3.294728320e+00 +3.294728320e+00 +3.0000e+00 +1.0000e+00
67 +6.933128320e+00 +6.933128320e+00 -6.146871680e+00 -6.146871680e+00 +2.0000e+00 +0.0000e+00
73 +4.360328320e+00 +4.360328320e+00 -8.719671680e+00 -8.719671680e+00 +1.0000e+00 +0.0000e+00
79 +3.787528320e+00 +3.787528320e+00 -9.292471680e+00 -9.292471680e+00 +0.0000e+00 +0.0000e+00
% function evaluation | noise-free fitness - Fopt (2.671600000000e+02) | best noise-free fitness - Fopt | measured fitness | best measured fitness | x1 | x2...
1 +6.655320704e+02 +6.655320704e+02 +9.326920704e+02 +9.326920704e+02 +2.2000e+01 +3.0000e+00
2 +3.953496704e+02 +3.953496704e+02 +6.625096704e+02 +6.625096704e+02 +4.0000e+00 +1.5000e+01
26 +2.228184704e+02 +2.228184704e+02 +4.899784704e+02 +4.899784704e+02 +0.0000e+00 +1.1000e+01
44 +1.439976704e+02 +1.439976704e+02 +4.111576704e+02 +4.111576704e+02 +0.0000e+00 +8.0000e+00
62 +8.317687040e+01 +8.317687040e+01 +3.503368704e+02 +3.503368704e+02 +0.0000e+00 +5.0000e+00
71 +6.124567040e+01 +6.124567040e+01 +3.284056704e+02 +3.284056704e+02 +4.0000e+00 +0.0000e+00
83 +3.752727040e+01 +3.752727040e+01 +3.046872704e+02 +3.046872704e+02 +2.0000e+00 +0.0000e+00
92 +2.180887040e+01 +2.180887040e+01 +2.889688704e+02 +2.889688704e+02 +0.0000e+00 +0.0000e+00
% function evaluation | noise-free fitness - Fopt (3.710000000000e+00) | best noise-free fitness - Fopt | measured fitness | best measured fitness | x1 | x2...
1 +7.517422163e+02 +7.517422163e+02 +7.554522163e+02 +7.554522163e+02 +2.8000e+01 +1.0000e+01
3 +2.031838163e+02 +2.031838163e+02 +2.068938163e+02 +2.068938163e+02 +5.0000e+00 +1.1000e+01
15 +1.502270163e+02 +1.502270163e+02 +1.539370163e+02 +1.539370163e+02 +3.0000e+00 +9.0000e+00
39 +8.335661632e+01 +8.335661632e+01 +8.706661632e+01 +8.706661632e+01 +0.0000e+00 +5.0000e+00
51 +5.448621632e+01 +5.448621632e+01 +5.819621632e+01 +5.819621632e+01 +0.0000e+00 +3.0000e+00
63 +3.361581632e+01 +3.361581632e+01 +3.732581632e+01 +3.732581632e+01 +0.0000e+00 +1.0000e+00
% function evaluation | noise-free fitness - Fopt (9.478000000000e+01) | best noise-free fitness - Fopt | measured fitness | best measured fitness | x1 | x2...
1 +1.022805357e+03 +1.022805357e+03 +1.117585357e+03 +1.117585357e+03 +2.4000e+01 +1.9000e+01
2 +2.946741568e+02 +2.946741568e+02 +3.894541568e+02 +3.894541568e+02 +9.0000e+00 +1.2000e+01
8 +2.502357568e+02 +2.502357568e+02 +3.450157568e+02 +3.450157568e+02 +8.0000e+00 +1.1000e+01
26 +1.409205568e+02 +1.409205568e+02 +2.357005568e+02 +2.357005568e+02 +5.0000e+00 +8.0000e+00
38 +8.804375680e+01 +8.804375680e+01 +1.828237568e+02 +1.828237568e+02 +3.0000e+00 +6.0000e+00
50 +5.116695680e+01 +5.116695680e+01 +1.459469568e+02 +1.459469568e+02 +1.0000e+00 +4.0000e+00
56 +3.872855680e+01 +3.872855680e+01 +1.335085568e+02 +1.335085568e+02 +0.0000e+00 +3.0000e+00
68 +1.811735680e+01 +1.811735680e+01 +1.128973568e+02 +1.128973568e+02 +0.0000e+00 +1.0000e+00
74 +1.081175680e+01 +1.081175680e+01 +1.055917568e+02 +1.055917568e+02 +0.0000e+00 +0.0000e+00
% function evaluation | noise-free fitness - Fopt (2.339200000000e+02) | best noise-free fitness - Fopt | measured fitness | best measured fitness | x1 | x2...
1 +8.054893984e+02 +8.054893984e+02 +1.039409398e+03 +1.039409398e+03 +2.3000e+01 +1.1000e+01
2 +2.378173984e+02 +2.378173984e+02 +4.717373984e+02 +4.717373984e+02 +8.0000e+00 +1.1000e+01
3 +1.996619840e+01 +1.996619840e+01 +2.538861984e+02 +2.538861984e+02 +1.0000e+00 +0.0000e+00
9 +1.212139840e+01 +1.212139840e+01 +2.460413984e+02 +2.460413984e+02 +0.0000e+00 +0.0000e+00
% function evaluation | noise-free fitness - Fopt (-6.092000000000e+01) | best noise-free fitness - Fopt | measured fitness | best measured fitness | x1 | x2...
1 +3.392322157e+02 +3.392322157e+02 +2.783122157e+02 +2.783122157e+02 +0.0000e+00 +2.1000e+01
2 +2.476802157e+02 +2.476802157e+02 +1.867602157e+02 +1.867602157e+02 +1.6000e+01 +7.0000e+00
5 +1.599541568e+01 +1.599541568e+01 -4.492458432e+01 -4.492458432e+01 +3.0000e+00 +6.0000e+00
11 +6.979415680e+00 +6.979415680e+00 -5.394058432e+01 -5.394058432e+01 +2.0000e+00 +5.0000e+00
17 +1.963415680e+00 +1.963415680e+00 -5.895658432e+01 -5.895658432e+01 +1.0000e+00 +4.0000e+00
23 +9.474156800e-01 +9.474156800e-01 -5.997258432e+01 -5.997258432e+01 +0.0000e+00 +3.0000e+00
% function evaluation | noise-free fitness - Fopt (-1.948000000000e+01) | best noise-free fitness - Fopt | measured fitness | best measured fitness | x1 | x2...
1 +1.092016960e+03 +1.092016960e+03 +1.072536960e+03 +1.072536960e+03 +2.9000e+01 +1.6000e+01
2 +4.428761600e+02 +4.428761600e+02 +4.233961600e+02 +4.233961600e+02 +1.0000e+00 +2.3000e+01
3 +3.436265600e+02 +3.436265600e+02 +3.241465600e+02 +3.241465600e+02 +1.0000e+01 +1.7000e+01
15 +2.479913600e+02 +2.479913600e+02 +2.285113600e+02 +2.285113600e+02 +8.0000e+00 +1.5000e+01
33 +1.345385600e+02 +1.345385600e+02 +1.150585600e+02 +1.150585600e+02 +5.0000e+00 +1.2000e+01
45 +7.890336000e+01 +7.890336000e+01 +5.942336000e+01 +5.942336000e+01 +3.0000e+00 +1.0000e+01
51 +5.708576000e+01 +5.708576000e+01 +3.760576000e+01 +3.760576000e+01 +2.0000e+00 +9.0000e+00
57 +3.926816000e+01 +3.926816000e+01 +1.978816000e+01 +1.978816000e+01 +1.0000e+00 +8.0000e+00
69 +1.654336000e+01 +1.654336000e+01 -2.936640000e+00 -2.936640000e+00 +0.0000e+00 +6.0000e+00
75 +9.636160000e+00 +9.636160000e+00 -9.843840000e+00 -9.843840000e+00 +0.0000e+00 +5.0000e+00
81 +4.728960000e+00 +4.728960000e+00 -1.475104000e+01 -1.475104000e+01 +0.0000e+00 +4.0000e+00
87 +1.821760000e+00 +1.821760000e+00 -1.765824000e+01 -1.765824000e+01 +0.0000e+00 +3.0000e+00
93 +9.145600000e-01 +9.145600000e-01 -1.856544000e+01 -1.856544000e+01 +0.0000e+00 +2.0000e+00
% function evaluation | noise-free fitness - Fopt (1.344700000000e+02) | best noise-free fitness - Fopt | measured fitness | best measured fitness | x1 | x2...
1 +6.278571526e+02 +6.278571526e+02 +7.623271526e+02 +7.623271526e+02 +0.0000e+00 +2.8000e+01
2 +2.678139526e+02 +2.678139526e+02 +4.022839526e+02 +4.022839526e+02 +1.3000e+01 +5.0000e+00
4 +1.200603526e+02 +1.200603526e+02 +2.545303526e+02 +2.545303526e+02 +7.0000e+00 +7.0000e+00
10 +9.385075264e+01 +9.385075264e+01 +2.283207526e+02 +2.283207526e+02 +6.0000e+00 +6.0000e+00
22 +5.343155264e+01 +5.343155264e+01 +1.879015526e+02 +1.879015526e+02 +4.0000e+00 +4.0000e+00
28 +3.922195264e+01 +3.922195264e+01 +1.736919526e+02 +1.736919526e+02 +3.0000e+00 +3.0000e+00
35 +1.886675264e+01 +1.886675264e+01 +1.533367526e+02 +1.533367526e+02 +1.0000e+00 +4.0000e+00
41 +1.065715264e+01 +1.065715264e+01 +1.451271526e+02 +1.451271526e+02 +0.0000e+00 +3.0000e+00
% function evaluation | noise-free fitness - Fopt (4.453500000000e+02) | best noise-free fitness - Fopt | measured fitness | best measured fitness | x1 | x2...
1 +3.067221050e+02 +3.067221050e+02 +7.520721050e+02 +7.520721050e+02 +1.4000e+01 +0.0000e+00
3 +1.878901050e+02 +1.878901050e+02 +6.332401050e+02 +6.332401050e+02 +4.0000e+00 +1.5000e+01
4 +6.890930496e+01 +6.890930496e+01 +5.142593050e+02 +5.142593050e+02 +5.0000e+00 +2.0000e+00
10 +5.718610496e+01 +5.718610496e+01 +5.025361050e+02 +5.025361050e+02 +4.0000e+00 +1.0000e+00
22 +3.807570496e+01 +3.807570496e+01 +4.834257050e+02 +4.834257050e+02 +2.0000e+00 +0.0000e+00
34 +2.130130496e+01 +2.130130496e+01 +4.666513050e+02 +4.666513050e+02 +0.0000e+00 +0.0000e+00
63 +1.298130496e+01 +1.298130496e+01 +4.583313050e+02 +4.583313050e+02 +0.0000e+00 +5.0000e+00
