% function evaluation | noise-free fitness - Fopt (7.948000000000e+01) | best noise-free fitness - Fopt | measured fitness | best measured fitness | x1 | x2...
1 +4.012729270e+03 +4.012729270e+03 +4.092209270e+03 +4.092209270e+03 +6.0000e+00 +6.0000e+00 +2.0000e+00 +1.4000e+01 +2.8000e+01 +2.8000e+01 +3.0000e+01 +5.0000e+00 +2.4000e+01 +1.9000e+01
2 +2.712078070e+03 +2.712078070e+03 +2.791558070e+03 +2.791558070e+03 +2.3000e+01 +2.2000e+01 +4.0000e+00 +2.4000e+01 +4.0000e+00 +2.0000e+01 +1.4000e+01 +2.1000e+01 +3.0000e+00 +5.0000e+00
6 +2.428820470e+03 +2.428820470e+03 +2.508300470e+03 +2.508300470e+03 +2.2000e+01 +2.1000e+01 +3.0000e+00 +2.3000e+01 +3.0000e+00 +1.9000e+01 +1.3000e+01 +2.0000e+01 +2.0000e+00 +4.0000e+00
22 +1.503150070e+03 +1.503150070e+03 +1.582630070e+03 +1.582630070e+03 +1.8000e+01 +1.7000e+01 +0.0000e+00 +1.9000e+01 +0.0000e+00 +1.5000e+01 +9.0000e+00 +1.6000e+01 +0.0000e+00 +0.0000e+00
38 +8.588684698e+02 +8.588684698e+02 +9.383484698e+02 +9.383484698e+02 +1.4000e+01 +1.3000e+01 +0.0000e+00 +1.5000e+01 +0.0000e+00 +1.1000e+01 +5.0000e+00 +1.2000e+01 +0.0000e+00 +0.0000e+00
46 +6.087276698e+02 +6.087276698e+02 +6.882076698e+02 +6.882076698e+02 +1.2000e+01 +1.1000e+01 +0.0000e+00 +1.3000e+01 +0.0000e+00 +9.0000e+00 +3.0000e+00 +1.0000e+01 +0.0000e+00 +0.0000e+00
58 +3.235164698e+02 +3.235164698e+02 +4.029964698e+02 +4.029964698e+02 +9.0000e+00 +8.0000e+00 +0.0000e+00 +1.0000e+01 +0.0000e+00 +6.0000e+00 +0.0000e+00 +7.0000e+00 +0.0000e+00 +0.0000e+00
66 +1.898428698e+02 +1.898428698e+02 +2.693228698e+02 +2.693228698e+02 +7.0000e+00 +6.0000e+00 +0.0000e+00 +8.0000e+00 +0.0000e+00 +4.0000e+00 +0.0000e+00 +5.0000e+00 +0.0000e+00 +0.0000e+00
70 +1.380060698e+02 +1.380060698e+02 +2.174860698e+02 +2.174860698e+02 +6.0000e+00 +5.0000e+00 +0.0000e+00 +7.0000e+00 +0.0000e+00 +3.0000e+00 +0.0000e+00 +4.0000e+00 +0.0000e+00 +0.0000e+00
74 +9.616926976e+01 +9.616926976e+01 +1.756492698e+02 +1.756492698e+02 +5.0000e+00 +4.0000e+00 +0.0000e+00 +6.0000e+00 +0.0000e+00 +2.0000e+00 +0.0000e+00 +3.0000e+00 +0.0000e+00 +0.0000e+00
82 +4.249566976e+01 +4.249566976e+01 +1.219756698e+02 +1.219756698e+02 +3.0000e+00 +2.0000e+00 +0.0000e+00 +4.0000e+00 +0.0000e+00 +0.0000e+00 +0.0000e+00 +1.0000e+00 +0.0000e+00 +0.0000e+00
86 +2.878046976e+01 +2.878046976e+01 +1.082604698e+02 +1.082604698e+02 +2.0000e+00 +1.0000e+00 +0.0000e+00 +3.0000e+00 +0.0000e+00 +0.0000e+00 +0.0000e+00 +0.0000e+00 +0.0000e+00 +0.0000e+00
90 +2.182526976e+01 +2.182526976e+01 +1.013052698e+02 +1.013052698e+02 +1.0000e+00 +0.0000e+00 +0.0000e+00 +2.0000e+00 +0.0000e+00 +0.0000e+00 +0.0000e+00 +0.0000e+00 +0.0000e+00 +0.0000e+00
% function evaluation | noise-free fitness - Fopt (3.944800000000e+02) | best noise-free fitness - Fopt | measured fitness | best measured fitness | x1 | x2...
1 +3.381161775e+03 +3.381161775e+03 +3.775641775e+03 +3.775641775e+03 +1.0000e+01 +2.0000e+00 +2.8000e+01 +2.3000e+01 +1.4000e+01 +8.0000e+00 +3.0000e+00 +2.9000e+01 +2.0000e+00 +2.1000e+01
17 +2.336331375e+03 +2.336331375e+03 +2.730811375e+03 +2.730811375e+03 +6.0000e+00 +0.0000e+00 +2.4000e+01 +1.9000e+01 +1.0000e+01 +4.0000e+00 +0.0000e+00 +2.5000e+01 +0.0000e+00 +1.7000e+01
33 +1.526923375e+03 +1.526923375e+03 +1.921403375e+03 +1.921403375e+03 +2.0000e+00 +0.0000e+00 +2.0000e+01 +1.5000e+01 +6.0000e+00 +0.0000e+00 +0.0000e+00 +2.1000e+01 +0.0000e+00 +1.3000e+01
49 +9.603473754e+02 +9.603473754e+02 +1.354827375e+03 +1.354827375e+03 +0.0000e+00 +0.0000e+00 +1.6000e+01 +1.1000e+01 +2.0000e+00 +0.0000e+00 +0.0000e+00 +1.7000e+01 +0.0000e+00 +9.0000e+00
62 +5.466097754e+02 +5.466097754e+02 +9.410897754e+02 +9.410897754e+02 +2.0000e+00 +0.0000e+00 +0.0000e+00 +0.0000e+00 +9.0000e+00 +1.1000e+01 +6.0000e+00 +7.0000e+00 +5.0000e+00 +7.0000e+00
70 +3.557425754e+02 +3.557425754e+02 +7.502225754e+02 +7.502225754e+02 +0.0000e+00 +0.0000e+00 +0.0000e+00 +0.0000e+00 +7.0000e+00 +9.0000e+00 +4.0000e+00 +5.0000e+00 +3.0000e+00 +5.0000e+00
78 +2.324689754e+02 +2.324689754e+02 +6.269489754e+02 +6.269489754e+02 +0.0000e+00 +0.0000e+00 +0.0000e+00 +0.0000e+00 +5.0000e+00 +7.0000e+00 +2.0000e+00 +3.0000e+00 +1.0000e+00 +3.0000e+00
86 +1.579601754e+02 +1.579601754e+02 +5.524401754e+02 +5.524401754e+02 +0.0000e+00 +0.0000e+00 +0.0000e+00 +0.0000e+00 +3.0000e+00 +5.0000e+00 +0.0000e+00 +1.0000e+00 +0.0000e+00 +1.0000e+00
102 +9.620657536e+01 +9.620657536e+01 +4.906865754e+02 +4.906865754e+02 +0.0000e+00 +0.0000e+00 +0.0000e+00 +0.0000e+00 +0.0000e+00 +1.0000e+00 +0.0000e+00 +0.0000e+00 +0.0000e+00 +0.0000e+00
% function evaluation | noise-free fitness - Fopt (-2.471100000000e+02) | best noise-free fitness - Fopt | measured fitness | best measured fitness | x1 | x2...
1 +5.013073318e+03 +5.013073318e+03 +4.765963318e+03 +4.765963318e+03 +1.8000e+01 +3.0000e+01 +4.0000e+00 +3.0000e+01 +1.6000e+01 +2.2000e+01 +2.0000e+01 +3.0000e+01 +1.7000e+01 +7.0000e+00
3 +3.232689318e+03 +3.232689318e+03 +2.985579318e+03 +2.985579318e+03 +2.0000e+01 +1.2000e+01 +4.0000e+00 +2.3000e+01 +6.0000e+00 +1.5000e+01 +1.6000e+01 +1.7000e+01 +1.9000e+01 +2.7000e+01
15 +2.328460518e+03 +2.328460518e+03 +2.081350518e+03 +2.081350518e+03 +1.7000e+01 +9.0000e+00 +1.0000e+00 +2.0000e+01 +3.0000e+00 +1.2000e+01 +1.3000e+01 +1.4000e+01 +1.6000e+01 +2.4000e+01
31 +1.403167718e+03 +1.403167718e+03 +1.156057718e+03 +1.156057718e+03 +1.3000e+01 +5.0000e+00 +0.0000e+00 +1.6000e+01 +0.0000e+00 +8.0000e+00 +9.0000e+00 +1.0000e+01 +1.2000e+01 +2.0000e+01
43 +8.996813178e+02 +8.996813178e+02 +6.525713178e+02 +6.525713178e+02 +1.0000e+01 +2.0000e+00 +0.0000e+00 +1.3000e+01 +0.0000e+00 +5.0000e+00 +6.0000e+00 +7.0000e+00 +9.0000e+00 +1.7000e+01
55 +5.387885178e+02 +5.387885178e+02 +2.916785178e+02 +2.916785178e+02 +7.0000e+00 +0.0000e+00 +0.0000e+00 +1.0000e+01 +0.0000e+00 +2.0000e+00 +3.0000e+00 +4.0000e+00 +6.0000e+00 +1.4000e+01
63 +3.703181178e+02 +3.703181178e+02 +1.232081178e+02 +1.232081178e+02 +5.0000e+00 +0.0000e+00 +0.0000e+00 +8.0000e+00 +0.0000e+00 +0.0000e+00 +1.0000e+00 +2.0000e+00 +4.0000e+00 +1.2000e+01
71 +2.371405178e+02 +2.371405178e+02 -9.969482240e+00 -9.969482240e+00 +3.0000e+00 +0.0000e+00 +0.0000e+00 +6.0000e+00 +0.0000e+00 +0.0000e+00 +0.0000e+00 +0.0000e+00 +2.0000e+00 +1.0000e+01
79 +1.501869178e+02 +1.501869178e+02 -9.692308224e+01 -9.692308224e+01 +1.0000e+00 +0.0000e+00 +0.0000e+00 +4.0000e+00 +0.0000e+00 +0.0000e+00 +0.0000e+00 +0.0000e+00 +0.0000e+00 +8.0000e+00
87 +9.811491776e+01 +9.811491776e+01 -1.489950822e+02 -1.489950822e+02 +0.0000e+00 +0.0000e+00 +0.0000e+00 +2.0000e+00 +0.0000e+00 +0.0000e+00 +0.0000e+00 +0.0000e+00 +0.0000e+00 +6.0000e+00
% function evaluation | noise-free fitness - Fopt (-1.520400000000e+02) | best noise-free fitness - Fopt | measured fitness | best measured fitness | x1 | x2...
1 +2.374579942e+03 +2.374579942e+03 +2.222539942e+03 +2.222539942e+03 +1.5000e+01 +3.0000e+00 +1.6000e+01 +2.3000e+01 +3.0000e+00 +5.0000e+00 +2.1000e+01 +1.1000e+01 +2.8000e+01 +0.0000e+00
17 +1.533047142e+03 +1.533047142e+03 +1.381007142e+03 +1.381007142e+03 +1.1000e+01 +0.0000e+00 +1.2000e+01 +1.9000e+01 +0.0000e+00 +1.0000e+00 +1.7000e+01 +7.0000e+00 +2.4000e+01 +0.0000e+00
33 +9.005527418e+02 +9.005527418e+02 +7.485127418e+02 +7.485127418e+02 +7.0000e+00 +0.0000e+00 +8.0000e+00 +1.5000e+01 +0.0000e+00 +0.0000e+00 +1.3000e+01 +3.0000e+00 +2.0000e+01 +0.0000e+00
45 +5.527063418e+02 +5.527063418e+02 +4.006663418e+02 +4.006663418e+02 +4.0000e+00 +0.0000e+00 +5.0000e+00 +1.2000e+01 +0.0000e+00 +0.0000e+00 +1.0000e+01 +0.0000e+00 +1.7000e+01 +0.0000e+00
53 +3.796119418e+02 +3.796119418e+02 +2.275719418e+02 +2.275719418e+02 +2.0000e+00 +0.0000e+00 +3.0000e+00 +1.0000e+01 +0.0000e+00 +0.0000e+00 +8.0000e+00 +0.0000e+00 +1.5000e+01 +0.0000e+00
61 +2.465175418e+02 +2.465175418e+02 +9.447754176e+01 +9.447754176e+01 +0.0000e+00 +0.0000e+00 +1.0000e+00 +8.0000e+00 +0.0000e+00 +0.0000e+00 +6.0000e+00 +0.0000e+00 +1.3000e+01 +0.0000e+00
69 +1.573415418e+02 +1.573415418e+02 +5.301541760e+00 +5.301541760e+00 +0.0000e+00 +0.0000e+00 +0.0000e+00 +6.0000e+00 +0.0000e+00 +0.0000e+00 +4.0000e+00 +0.0000e+00 +1.1000e+01 +0.0000e+00
81 +8.185194176e+01 +8.185194176e+01 -7.018805824e+01 -7.018805824e+01 +0.0000e+00 +0.0000e+00 +0.0000e+00 +3.0000e+00 +0.0000e+00 +0.0000e+00 +1.0000e+00 +0.0000e+00 +8.0000e+00 +0.0000e+00
89 +6.228234176e+01 +6.228234176e+01 -8.975765824e+01 -8.975765824e+01 +0.0000e+00 +0.0000e+00 +0.0000e+00 +1.0000e+00 +0.0000e+00 +0.0000e+00 +0.0000e+00 +0.0000e+00 +6.0000e+00 +0.0000e+00
107 +3.909514176e+01 +3.909514176e+01 -1.129448582e+02 -1.129448582e+02 +0.0000e+00 +0.0000e+00 +0.0000e+00 +3.0000e+00 +0.0000e+00 +0.0000e+00 +0.0000e+00 +0.0000e+00 +0.0000e+00 +0.0000e+00
% function evaluation | noise-free fitness - Fopt (-2.525000000000e+01) | best noise-free fitness - Fopt | measured fitness | best measured fitness | x1 | x2...
1 +2.566798143e+03 +2.566798143e+03 +2.541548143e+03 +2.541548143e+03 +2.3000e+01 +3.0000e+00 +1.9000e+01 +9.0000e+00 +2.0000e+01 +1.9000e+01 +2.0000e+01 +0.0000e+00 +6.0000e+00 +1.9000e+01
2 +2.320338943e+03 +2.320338943e+03 +2.295088943e+03 +2.295088943e+03 +9.0000e+00 +2.5000e+01 +2.4000e+01 +5.0000e+00 +1.7000e+01 +6.0000e+00 +1.9000e+01 +1.1000e+01 +5.0000e+00 +9.0000e+00
16 +1.577929343e+03 +1.577929343e+03 +1.552679343e+03 +1.552679343e+03 +2.1000e+01 +1.2000e+01 +2.1000e+01 +5.0000e+00 +1.8000e+01 +0.0000e+00 +4.0000e+00 +1.5000e+01 +4.0000e+00 +4.0000e+00
30 +9.599821434e+02 +9.599821434e+02 +9.347321434e+02 +9.347321434e+02 +2.0000e+00 +1.8000e+01 +1.7000e+01 +0.0000e+00 +1.0000e+01 +0.0000e+00 +1.2000e+01 +4.0000e+00 +0.0000e+00 +2.0000e+00
41 +6.264125434e+02 +6.264125434e+02 +6.011625434e+02 +6.011625434e+02 +1.3000e+01 +0.0000e+00 +9.0000e+00 +0.0000e+00 +1.0000e+01 +9.0000e+00 +1.0000e+01 +0.0000e+00 +0.0000e+00 +9.0000e+00
52 +3.692925434e+02 +3.692925434e+02 +3.440425434e+02 +3.440425434e+02 +1.2000e+01 +3.0000e+00 +1.2000e+01 +0.0000e+00 +9.0000e+00 +0.0000e+00 +0.0000e+00 +6.0000e+00 +0.0000e+00 +0.0000e+00
57 +2.443325434e+02 +2.443325434e+02 +2.190825434e+02 +2.190825434e+02 +9.0000e+00 +0.0000e+00 +5.0000e+00 +0.0000e+00 +6.0000e+00 +5.0000e+00 +6.0000e+00 +0.0000e+00 +0.0000e+00 +5.0000e+00
65 +1.252925434e+02 +1.252925434e+02 +1.000425434e+02 +1.000425434e+02 +7.0000e+00 +0.0000e+00 +3.0000e+00 +0.0000e+00 +4.0000e+00 +3.0000e+00 +4.0000e+00 +0.0000e+00 +0.0000e+00 +3.0000e+00
69 +8.377254336e+01 +8.377254336e+01 +5.852254336e+01 +5.852254336e+01 +6.0000e+00 +0.0000e+00 +2.0000e+00 +0.0000e+00 +3.0000e+00 +2.0000e+00 +3.0000e+00 +0.0000e+00 +0.0000e+00 +2.0000e+00
73 +5.425254336e+01 +5.425254336e+01 +2.900254336e+01 +2.900254336e+01 +5.0000e+00 +0.0000e+00 +1.0000e+00 +0.0000e+00 +2.0000e+00 +1.0000e+00 +2.0000e+00 +0.0000e+00 +0.0000e+00 +1.0000e+00
77 +3.673254336e+01 +3.673254336e+01 +1.148254336e+01 +1.148254336e+01 +4.0000e+00 +0.0000e+00 +0.0000e+00 +0.0000e+00 +1.0000e+00 +0.0000e+00 +1.0000e+00 +0.0000e+00 +0.0000e+00 +0.0000e+00
% function evaluation | noise-free fitness - Fopt (2.230000000000e+00) | best noise-free fitness - Fopt | measured fitness | best measured fitness | x1 | x2...
1 +2.935851806e+03 +2.935851806e+03 +2.938081806e+03 +2.938081806e+03 +2.3000e+01 +2.1000e+01 +0.0000e+00 +4.0000e+00 +2.7000e+01 +4.0000e+00 +8.0000e+00 +2.8000e+01 +1.0000e+01 +1.7000e+01
9 +2.387528606e+03 +2.387528606e+03 +2.389758606e+03 +2.389758606e+03 +2.1000e+01 +1.9000e+01 +0.0000e+00 +2.0000e+00 +2.5000e+01 +2.0000e+00 +6.0000e+00 +2.6000e+01 +8.0000e+00 +1.5000e+01
25 +1.521499806e+03 +1.521499806e+03 +1.523729806e+03 +1.523729806e+03 +1.7000e+01 +1.5000e+01 +0.0000e+00 +0.0000e+00 +2.1000e+01 +0.0000e+00 +2.0000e+00 +2.2000e+01 +4.0000e+00 +1.1000e+01
38 +9.694630061e+02 +9.694630061e+02 +9.716930061e+02 +9.716930061e+02 +5.0000e+00 +0.0000e+00 +9.0000e+00 +1.2000e+01 +3.0000e+00 +0.0000e+00 +5.0000e+00 +2.0000e+01 +0.0000e+00 +1.2000e+01
51 +6.251302061e+02 +6.251302061e+02 +6.273602061e+02 +6.273602061e+02 +4.0000e+00 +3.0000e+00 +6.0000e+00 +0.0000e+00 +1.7000e+01 +0.0000e+00 +8.0000e+00 +8.0000e+00 +1.2000e+01 +3.0000e+00
63 +3.404758061e+02 +3.404758061e+02 +3.427058061e+02 +3.427058061e+02 +1.0000e+00 +0.0000e+00 +3.0000e+00 +0.0000e+00 +1.4000e+01 +0.0000e+00 +5.0000e+00 +5.0000e+00 +9.0000e+00 +0.0000e+00
71 +2.186310061e+02 +2.186310061e+02 +2.208610061e+02 +2.208610061e+02 +0.0000e+00 +0.0000e+00 +1.0000e+00 +0.0000e+00 +1.2000e+01 +0.0000e+00 +3.0000e+00 +3.0000e+00 +7.0000e+00 +0.0000e+00
79 +1.289814061e+02 +1.289814061e+02 +1.312114061e+02 +1.312114061e+02 +0.0000e+00 +0.0000e+00 +0.0000e+00 +0.0000e+00 +1.0000e+01 +0.0000e+00 +1.0000e+00 +1.0000e+00 +5.0000e+00 +0.0000e+00
83 +9.667260608e+01 +9.667260608e+01 +9.890260608e+01 +9.890260608e+01 +0.0000e+00 +0.0000e+00 +0.0000e+00 +0.0000e+00 +9.0000e+00 +0.0000e+00 +0.0000e+00 +0.0000e+00 +4.0000e+00 +0.0000e+00
95 +5.804700608e+01 +5.804700608e+01 +6.027700608e+01 +6.027700608e+01 +0.0000e+00 +0.0000e+00 +0.0000e+00 +0.0000e+00 +6.0000e+00 +0.0000e+00 +0.0000e+00 +0.0000e+00 +1.0000e+00 +0.0000e+00
% function evaluation | noise-free fitness - Fopt (-1.308000000000e+01) | best noise-free fitness - Fopt | measured fitness | best measured fitness | x1 | x2...
1 +4.261508867e+03 +4.261508867e+03 +4.248428867e+03 +4.248428867e+03 +2.3000e+01 +2.7000e+01 +2.3000e+01 +2.3000e+01 +0.0000e+00 +1.6000e+01 +2.9000e+01 +1.1000e+01 +2.6000e+01 +1.1000e+01
2 +3.264376067e+03 +3.264376067e+03 +3.251296067e+03 +3.251296067e+03 +1.2000e+01 +2.8000e+01 +9.0000e+00 +5.0000e+00 +2.3000e+01 +2.2000e+01 +1.5000e+01 +1.6000e+01 +1.7000e+01 +9.0000e+00
3 +1.799360067e+03 +1.799360067e+03 +1.786280067e+03 +1.786280067e+03 +1.8000e+01 +1.3000e+01 +1.8000e+01 +1.0000e+00 +2.4000e+01 +8.0000e+00 +1.0000e+00 +1.0000e+01 +1.0000e+00 +6.0000e+00
11 +1.412564867e+03 +1.412564867e+03 +1.399484867e+03 +1.399484867e+03 +1.6000e+01 +1.1000e+01 +1.6000e+01 +0.0000e+00 +2.2000e+01 +6.0000e+00 +0.0000e+00 +8.0000e+00 +0.0000e+00 +4.0000e+00
23 +9.257008672e+02 +9.257008672e+02 +9.126208672e+02 +9.126208672e+02 +1.3000e+01 +8.0000e+00 +1.3000e+01 +0.0000e+00 +1.9000e+01 +3.0000e+00 +0.0000e+00 +5.0000e+00 +0.0000e+00 +1.0000e+00
35 +5.735504672e+02 +5.735504672e+02 +5.604704672e+02 +5.604704672e+02 +1.0000e+01 +5.0000e+00 +1.0000e+01 +0.0000e+00 +1.6000e+01 +0.0000e+00 +0.0000e+00 +2.0000e+00 +0.0000e+00 +0.0000e+00
47 +3.479488672e+02 +3.479488672e+02 +3.348688672e+02 +3.348688672e+02 +7.0000e+00 +2.0000e+00 +7.0000e+00 +0.0000e+00 +1.3000e+01 +0.0000e+00 +0.0000e+00 +0.0000e+00 +0.0000e+00 +0.0000e+00
55 +2.456352672e+02 +2.456352672e+02 +2.325552672e+02 +2.325552672e+02 +5.0000e+00 +0.0000e+00 +5.0000e+00 +0.0000e+00 +1.1000e+01 +0.0000e+00 +0.0000e+00 +0.0000e+00 +0.0000e+00 +0.0000e+00
67 +1.547712672e+02 +1.547712672e+02 +1.416912672e+02 +1.416912672e+02 +2.0000e+00 +0.0000e+00 +2.0000e+00 +0.0000e+00 +8.0000e+00 +0.0000e+00 +0.0000e+00 +0.0000e+00 +0.0000e+00 +0.0000e+00
83 +9.472326720e+01 +9.472326720e+01 +8.164326720e+01 +8.164326720e+01 +0.0000e+00 +0.0000e+00 +0.0000e+00 +0.0000e+00 +4.0000e+00 +0.0000e+00 +0.0000e+00 +0.0000e+00 +0.0000e+00 +0.0000e+00
99 +5.977926720e+01 +5.977926720e+01 +4.669926720e+01 +4.669926720e+01 +0.0000e+00 +0.0000e+00 +0.0000e+00 +0.0000e+00 +0.0000e+00 +0.0000e+00 +0.0000e+00 +0.0000e+00 +0.0000e+00 +0.0000e+00
% function evaluation | noise-free fitness - Fopt (2.671600000000e+02) | best noise-free fitness - Fopt | measured fitness | best measured fitness | x1 | x2...
1 +5.367661957e+03 +5.367661957e+03 +5.634821957e+03 +5.634821957e+03 +3.0000e+01 +2.5000e+01 +1.2000e+01 +1.9000e+01 +2.8000e+01 +2.4000e+01 +3.0000e+00 +2.7000e+01 +2.2000e+01 +4.0000e+00
2 +3.947826757e+03 +3.947826757e+03 +4.214986757e+03 +4.214986757e+03 +1.1000e+01 +9.0000e+00 +3.0000e+00 +2.7000e+01 +1.4000e+01 +2.4000e+01 +2.8000e+01 +2.9000e+01 +1.2000e+01 +3.0000e+00
8 +2.270370757e+03 +2.270370757e+03 +2.537530757e+03 +2.537530757e+03 +7.0000e+00 +4.0000e+00 +2.9000e+01 +1.2000e+01 +2.4000e+01 +1.5000e+01 +6.0000e+00 +0.0000e+00 +1.0000e+00 +1.2000e+01
24 +1.456777157e+03 +1.456777157e+03 +1.723937157e+03 +1.723937157e+03 +3.0000e+00 +0.0000e+00 +2.5000e+01 +8.0000e+00 +2.0000e+01 +1.1000e+01 +2.0000e+00 +0.0000e+00 +0.0000e+00 +8.0000e+00
40 +9.169067571e+02 +9.169067571e+02 +1.184066757e+03 +1.184066757e+03 +0.0000e+00 +0.0000e+00 +2.1000e+01 +4.0000e+00 +1.6000e+01 +7.0000e+00 +0.0000e+00 +0.0000e+00 +0.0000e+00 +4.0000e+00
56 +5.631787571e+02 +5.631787571e+02 +8.303387571e+02 +8.303387571e+02 +0.0000e+00 +0.0000e+00 +1.7000e+01 +0.0000e+00 +1.2000e+01 +3.0000e+00 +0.0000e+00 +0.0000e+00 +0.0000e+00 +0.0000e+00
68 +3.867931571e+02 +3.867931571e+02 +6.539531571e+02 +6.539531571e+02 +0.0000e+00 +0.0000e+00 +1.4000e+01 +0.0000e+00 +9.0000e+00 +0.0000e+00 +0.0000e+00 +0.0000e+00 +0.0000e+00 +0.0000e+00
84 +2.338971571e+02 +2.338971571e+02 +5.010571571e+02 +5.010571571e+02 +0.0000e+00 +0.0000e+00 +1.0000e+01 +0.0000e+00 +5.0000e+00 +0.0000e+00 +0.0000e+00 +0.0000e+00 +0.0000e+00 +0.0000e+00
95 +1.548603571e+02 +1.548603571e+02 +4.220203571e+02 +4.220203571e+02 +0.0000e+00 +0.0000e+00 +0.0000e+00 +0.0000e+00 +0.0000e+00 +3.0000e+00 +0.0000e+00 +6.0000e+00 +0.0000e+00 +0.0000e+00
106 +9.945395712e+01 +9.945395712e+01 +3.666139571e+02 +3.666139571e+02 +0.0000e+00 +0.0000e+00 +0.0000e+00 +1.0000e+00 +0.0000e+00 +0.0000e+00 +2.0000e+00 +3.0000e+00 +0.0000e+00 +0.0000e+00
% function evaluation | noise-free fitness - Fopt (3.710000000000e+00) | best noise-free fitness - Fopt | measured fitness | best measured fitness | x1 | x2...
1 +1.675988665e+03 +1.675988665e+03 +1.679698665e+03 +1.679698665e+03 +2.0000e+00 +8.0000e+00 +2.3000e+01 +3.0000e+00 +1.7000e+01 +3.0000e+00 +2.5000e+01 +5.0000e+00 +7.0000e+00 +2.0000e+00
5 +1.503926265e+03 +1.503926265e+03 +1.507636265e+03 +1.507636265e+03 +1.0000e+00 +7.0000e+00 +2.2000e+01 +2.0000e+00 +1.6000e+01 +2.0000e+00 +2.4000e+01 +4.0000e+00 +6.0000e+00 +1.0000e+00
21 +9.729566650e+02 +9.729566650e+02 +9.766666650e+02 +9.766666650e+02 +0.0000e+00 +3.0000e+00 +1.8000e+01 +0.0000e+00 +1.2000e+01 +0.0000e+00 +2.0000e+01 +0.0000e+00 +2.0000e+00 +0.0000e+00
37 +5.927054650e+02 +5.927054650e+02 +5.964154650e+02 +5.964154650e+02 +0.0000e+00 +0.0000e+00 +1.4000e+01 +0.0000e+00 +8.0000e+00 +0.0000e+00 +1.6000e+01 +0.0000e+00 +0.0000e+00 +0.0000e+00
49 +3.893918650e+02 +3.893918650e+02 +3.931018650e+02 +3.931018650e+02 +0.0000e+00 +0.0000e+00 +1.1000e+01 +0.0000e+00 +5.0000e+00 +0.0000e+00 +1.3000e+01 +0.0000e+00 +0.0000e+00 +0.0000e+00
61 +2.400782650e+02 +2.400782650e+02 +2.437882650e+02 +2.437882650e+02 +0.0000e+00 +0.0000e+00 +8.0000e+00 +0.0000e+00 +2.0000e+00 +0.0000e+00 +1.0000e+01 +0.0000e+00 +0.0000e+00 +0.0000e+00
73 +1.424910650e+02 +1.424910650e+02 +1.462010650e+02 +1.462010650e+02 +0.0000e+00 +0.0000e+00 +5.0000e+00 +0.0000e+00 +0.0000e+00 +0.0000e+00 +7.0000e+00 +0.0000e+00 +0.0000e+00 +0.0000e+00
81 +9.840146496e+01 +9.840146496e+01 +1.021114650e+02 +1.021114650e+02 +0.0000e+00 +0.0000e+00 +3.0000e+00 +0.0000e+00 +0.0000e+00 +0.0000e+00 +5.0000e+00 +0.0000e+00 +0.0000e+00 +0.0000e+00
92 +6.062066496e+01 +6.062066496e+01 +6.433066496e+01 +6.433066496e+01 +4.0000e+00 +0.0000e+00 +0.0000e+00 +0.0000e+00 +0.0000e+00 +1.0000e+00 +0.0000e+00 +8.0000e+00 +6.0000e+00 +0.0000e+00
100 +3.834386496e+01 +3.834386496e+01 +4.205386496e+01 +4.205386496e+01 +2.0000e+00 +0.0000e+00 +0.0000e+00 +0.0000e+00 +0.0000e+00 +0.0000e+00 +0.0000e+00 +6.0000e+00 +4.0000e+00 +0.0000e+00
% function evaluation | noise-free fitness - Fopt (9.478000000000e+01) | best noise-free fitness - Fopt | measured fitness | best measured fitness | x1 | x2...
1 +1.709349708e+03 +1.709349708e+03 +1.804129708e+03 +1.804129708e+03 +1.6000e+01 +3.0000e+00 +1.0000e+01 +6.0000e+00 +2.6000e+01 +2.2000e+01 +6.0000e+00 +9.0000e+00 +1.5000e+01 +1.2000e+01
5 +1.493936908e+03 +1.493936908e+03 +1.588716908e+03 +1.588716908e+03 +1.5000e+01 +2.0000e+00 +9.0000e+00 +5.0000e+00 +2.5000e+01 +2.1000e+01 +5.0000e+00 +8.0000e+00 +1.4000e+01 +1.1000e+01
17 +9.730041082e+02 +9.730041082e+02 +1.067784108e+03 +1.067784108e+03 +1.2000e+01 +0.0000e+00 +6.0000e+00 +2.0000e+00 +2.2000e+01 +1.8000e+01 +2.0000e+00 +5.0000e+00 +1.1000e+01 +8.0000e+00
29 +6.285433082e+02 +6.285433082e+02 +7.233233082e+02 +7.233233082e+02 +9.0000e+00 +0.0000e+00 +3.0000e+00 +0.0000e+00 +1.9000e+01 +1.5000e+01 +0.0000e+00 +2.0000e+00 +8.0000e+00 +5.0000e+00
45 +3.551385082e+02 +3.551385082e+02 +4.499185082e+02 +4.499185082e+02 +5.0000e+00 +0.0000e+00 +0.0000e+00 +0.0000e+00 +1.5000e+01 +1.1000e+01 +0.0000e+00 +0.0000e+00 +4.0000e+00 +1.0000e+00
57 +2.251785082e+02 +2.251785082e+02 +3.199585082e+02 +3.199585082e+02 +2.0000e+00 +0.0000e+00 +0.0000e+00 +0.0000e+00 +1.2000e+01 +8.0000e+00 +0.0000e+00 +0.0000e+00 +1.0000e+00 +0.0000e+00
69 +1.425577082e+02 +1.425577082e+02 +2.373377082e+02 +2.373377082e+02 +0.0000e+00 +0.0000e+00 +0.0000e+00 +0.0000e+00 +9.0000e+00 +5.0000e+00 +0.0000e+00 +0.0000e+00 +0.0000e+00 +0.0000e+00
81 +9.090010816e+01 +9.090010816e+01 +1.856801082e+02 +1.856801082e+02 +0.0000e+00 +0.0000e+00 +0.0000e+00 +0.0000e+00 +6.0000e+00 +2.0000e+00 +0.0000e+00 +0.0000e+00 +0.0000e+00 +0.0000e+00
95 +6.292890816e+01 +6.292890816e+01 +1.577089082e+02 +1.577089082e+02 +0.0000e+00 +0.0000e+00 +6.0000e+00 +0.0000e+00 +5.0000e+00 +0.0000e+00 +0.0000e+00 +3.0000e+00 +3.0000e+00 +7.0000e+00
% function evaluation | noise-free fitness - Fopt (2.339200000000e+02) | best noise-free fitness - Fopt | measured fitness | best measured fitness | x1 | x2...
1 +3.706104048e+03 +3.706104048e+03 +3.940024048e+03 +3.940024048e+03 +2.0000e+01 +2.6000e+01 +2.0000e+01 +2.8000e+01 +1.5000e+01 +1.7000e+01 +2.0000e+00 +9.0000e+00 +0.0000e+00 +2.5000e+01
2 +1.938889648e+03 +1.938889648e+03 +2.172809648e+03 +2.172809648e+03 +1.0000e+00 +1.0000e+01 +2.0000e+01 +2.8000e+01 +1.6000e+01 +1.1000e+01 +0.0000e+00 +4.0000e+00 +2.0000e+00 +4.0000e+00
10 +1.584180848e+03 +1.584180848e+03 +1.818100848e+03 +1.818100848e+03 +0.0000e+00 +8.0000e+00 +1.8000e+01 +2.6000e+01 +1.4000e+01 +9.0000e+00 +0.0000e+00 +2.0000e+00 +0.0000e+00 +2.0000e+00
30 +9.390272480e+02 +9.390272480e+02 +1.172947248e+03 +1.172947248e+03 +0.0000e+00 +3.0000e+00 +1.3000e+01 +2.1000e+01 +9.0000e+00 +4.0000e+00 +0.0000e+00 +0.0000e+00 +0.0000e+00 +0.0000e+00
46 +5.993280480e+02 +5.993280480e+02 +8.332480480e+02 +8.332480480e+02 +0.0000e+00 +0.0000e+00 +9.0000e+00 +1.7000e+01 +5.0000e+00 +0.0000e+00 +0.0000e+00 +0.0000e+00 +0.0000e+00 +0.0000e+00
62 +3.485248480e+02 +3.485248480e+02 +5.824448480e+02 +5.824448480e+02 +0.0000e+00 +0.0000e+00 +5.0000e+00 +1.3000e+01 +1.0000e+00 +0.0000e+00 +0.0000e+00 +0.0000e+00 +0.0000e+00 +0.0000e+00
72 +2.290528480e+02 +2.290528480e+02 +4.629728480e+02 +4.629728480e+02 +8.0000e+00 +0.0000e+00 +0.0000e+00 +5.0000e+00 +0.0000e+00 +8.0000e+00 +0.0000e+00 +2.0000e+00 +0.0000e+00 +0.0000e+00
80 +1.444448480e+02 +1.444448480e+02 +3.783648480e+02 +3.783648480e+02 +6.0000e+00 +0.0000e+00 +0.0000e+00 +3.0000e+00 +0.0000e+00 +6.0000e+00 +0.0000e+00 +0.0000e+00 +0.0000e+00 +0.0000e+00
88 +8.519044800e+01 +8.519044800e+01 +3.191104480e+02 +3.191104480e+02 +4.0000e+00 +0.0000e+00 +0.0000e+00 +1.0000e+00 +0.0000e+00 +4.0000e+00 +0.0000e+00 +0.0000e+00 +0.0000e+00 +0.0000e+00
96 +5.478564800e+01 +5.478564800e+01 +2.887056480e+02 +2.887056480e+02 +2.0000e+00 +0.0000e+00 +0.0000e+00 +0.0000e+00 +0.0000e+00 +2.0000e+00 +0.0000e+00 +0.0000e+00 +0.0000e+00 +0.0000e+00
% function evaluation | noise-free fitness - Fopt (-6.092000000000e+01) | best noise-free fitness - Fopt | measured fitness | best measured fitness | x1 | x2...
1 +3.815861068e+03 +3.815861068e+03 +3.754941068e+03 +3.754941068e+03 +0.0000e+00 +2.4000e+01 +1.7000e+01 +2.9000e+01 +1.2000e+01 +0.0000e+00 +1.4000e+01 +2.9000e+01 +3.0000e+01 +4.0000e+00
6 +2.482955468e+03 +2.482955468e+03 +2.422035468e+03 +2.422035468e+03 +6.0000e+00 +1.4000e+01 +1.5000e+01 +4.0000e+00 +1.6000e+01 +1.2000e+01 +2.3000e+01 +2.8000e+01 +2.0000e+00 +1.9000e+01
22 +1.550670668e+03 +1.550670668e+03 +1.489750668e+03 +1.489750668e+03 +2.0000e+00 +1.0000e+01 +1.1000e+01 +0.0000e+00 +1.2000e+01 +8.0000e+00 +1.9000e+01 +2.4000e+01 +0.0000e+00 +1.5000e+01
36 +8.980594682e+02 +8.980594682e+02 +8.371394682e+02 +8.371394682e+02 +7.0000e+00 +6.0000e+00 +2.0000e+00 +1.0000e+00 +8.0000e+00 +1.7000e+01 +0.0000e+00 +5.0000e+00 +1.8000e+01 +6.0000e+00
48 +5.573634682e+02 +5.573634682e+02 +4.964434682e+02 +4.964434682e+02 +4.0000e+00 +3.0000e+00 +0.0000e+00 +0.0000e+00 +5.0000e+00 +1.4000e+01 +0.0000e+00 +2.0000e+00 +1.5000e+01 +3.0000e+00
56 +3.959618682e+02 +3.959618682e+02 +3.350418682e+02 +3.350418682e+02 +2.0000e+00 +1.0000e+00 +0.0000e+00 +0.0000e+00 +3.0000e+00 +1.2000e+01 +0.0000e+00 +0.0000e+00 +1.3000e+01 +1.0000e+00
68 +2.336322682e+02 +2.336322682e+02 +1.727122682e+02 +1.727122682e+02 +0.0000e+00 +0.0000e+00 +0.0000e+00 +0.0000e+00 +0.0000e+00 +9.0000e+00 +0.0000e+00 +0.0000e+00 +1.0000e+01 +0.0000e+00
78 +1.505458682e+02 +1.505458682e+02 +8.962586816e+01 +8.962586816e+01 +0.0000e+00 +0.0000e+00 +0.0000e+00 +0.0000e+00 +0.0000e+00 +0.0000e+00 +5.0000e+00 +1.0000e+01 +0.0000e+00 +1.0000e+00
86 +9.985626816e+01 +9.985626816e+01 +3.893626816e+01 +3.893626816e+01 +0.0000e+00 +0.0000e+00 +0.0000e+00 +0.0000e+00 +0.0000e+00 +0.0000e+00 +3.0000e+00 +8.0000e+00 +0.0000e+00 +0.0000e+00
100 +5.694106816e+01 +5.694106816e+01 -3.978931840e+00 -3.978931840e+00 +0.0000e+00 +0.0000e+00 +0.0000e+00 +0.0000e+00 +0.0000e+00 +1.0000e+00 +0.0000e+00 +0.0000e+00 +2.0000e+00 +0.0000e+00
% function evaluation | noise-free fitness - Fopt (-1.948000000000e+01) | best noise-free fitness - Fopt | measured fitness | best measured fitness | x1 | x2...
1 +1.251552750e+03 +1.251552750e+03 +1.232072750e+03 +1.232072750e+03 +5.0000e+00 +9.0000e+00 +3.0000e+00 +7.0000e+00 +0.0000e+00 +4.0000e+00 +1.5000e+01 +4.0000e+00 +2.9000e+01 +2.0000e+00
9 +9.774375501e+02 +9.774375501e+02 +9.579575501e+02 +9.579575501e+02 +3.0000e+00 +7.0000e+00 +1.0000e+00 +5.0000e+00 +0.0000e+00 +2.0000e+00 +1.3000e+01 +2.0000e+00 +2.7000e+01 +0.0000e+00
25 +6.087351501e+02 +6.087351501e+02 +5.892551501e+02 +5.892551501e+02 +0.0000e+00 +3.0000e+00 +0.0000e+00 +1.0000e+00 +0.0000e+00 +0.0000e+00 +9.0000e+00 +0.0000e+00 +2.3000e+01 +0.0000e+00
41 +3.820791501e+02 +3.820791501e+02 +3.625991501e+02 +3.625991501e+02 +0.0000e+00 +0.0000e+00 +0.0000e+00 +0.0000e+00 +0.0000e+00 +0.0000e+00 +5.0000e+00 +0.0000e+00 +1.9000e+01 +0.0000e+00
53 +2.501559501e+02 +2.501559501e+02 +2.306759501e+02 +2.306759501e+02 +0.0000e+00 +0.0000e+00 +0.0000e+00 +0.0000e+00 +0.0000e+00 +0.0000e+00 +2.0000e+00 +0.0000e+00 +1.6000e+01 +0.0000e+00
63 +1.432743501e+02 +1.432743501e+02 +1.237943501e+02 +1.237943501e+02 +6.0000e+00 +7.0000e+00 +0.0000e+00 +0.0000e+00 +8.0000e+00 +0.0000e+00 +2.0000e+00 +0.0000e+00 +0.0000e+00 +4.0000e+00
71 +6.701835008e+01 +6.701835008e+01 +4.753835008e+01 +4.753835008e+01 +4.0000e+00 +5.0000e+00 +0.0000e+00 +0.0000e+00 +6.0000e+00 +0.0000e+00 +0.0000e+00 +0.0000e+00 +0.0000e+00 +2.0000e+00
75 +4.897195008e+01 +4.897195008e+01 +2.949195008e+01 +2.949195008e+01 +3.0000e+00 +4.0000e+00 +0.0000e+00 +0.0000e+00 +5.0000e+00 +0.0000e+00 +0.0000e+00 +0.0000e+00 +0.0000e+00 +1.0000e+00
79 +3.892555008e+01 +3.892555008e+01 +1.944555008e+01 +1.944555008e+01 +2.0000e+00 +3.0000e+00 +0.0000e+00 +0.0000e+00 +4.0000e+00 +0.0000e+00 +0.0000e+00 +0.0000e+00 +0.0000e+00 +0.0000e+00
% function evaluation | noise-free fitness - Fopt (1.344700000000e+02) | best noise-free fitness - Fopt | measured fitness | best measured fitness | x1 | x2...
1 +1.737485260e+03 +1.737485260e+03 +1.871955260e+03 +1.871955260e+03 +5.0000e+00 +1.1000e+01 +1.9000e+01 +4.0000e+00 +7.0000e+00 +4.0000e+00 +2.2000e+01 +1.0000e+01 +1.1000e+01 +1.7000e+01
5 +1.507325260e+03 +1.507325260e+03 +1.641795260e+03 +1.641795260e+03 +4.0000e+00 +1.0000e+01 +1.8000e+01 +3.0000e+00 +6.0000e+00 +3.0000e+00 +2.1000e+01 +9.0000e+00 +1.0000e+01 +1.6000e+01
17 +9.368452595e+02 +9.368452595e+02 +1.071315260e+03 +1.071315260e+03 +1.0000e+00 +7.0000e+00 +1.5000e+01 +0.0000e+00 +3.0000e+00 +0.0000e+00 +1.8000e+01 +6.0000e+00 +7.0000e+00 +1.3000e+01
29 +5.530180595e+02 +5.530180595e+02 +6.874880595e+02 +6.874880595e+02 +0.0000e+00 +4.0000e+00 +1.2000e+01 +0.0000e+00 +0.0000e+00 +0.0000e+00 +1.5000e+01 +3.0000e+00 +4.0000e+00 +1.0000e+01
37 +3.809796595e+02 +3.809796595e+02 +5.154496595e+02 +5.154496595e+02 +0.0000e+00 +2.0000e+00 +1.0000e+01 +0.0000e+00 +0.0000e+00 +0.0000e+00 +1.3000e+01 +1.0000e+00 +2.0000e+00 +8.0000e+00
49 +2.111988595e+02 +2.111988595e+02 +3.456688595e+02 +3.456688595e+02 +0.0000e+00 +0.0000e+00 +7.0000e+00 +0.0000e+00 +0.0000e+00 +0.0000e+00 +1.0000e+01 +0.0000e+00 +0.0000e+00 +5.0000e+00
57 +1.355124595e+02 +1.355124595e+02 +2.699824595e+02 +2.699824595e+02 +0.0000e+00 +0.0000e+00 +5.0000e+00 +0.0000e+00 +0.0000e+00 +0.0000e+00 +8.0000e+00 +0.0000e+00 +0.0000e+00 +3.0000e+00
65 +8.382605952e+01 +8.382605952e+01 +2.182960595e+02 +2.182960595e+02 +0.0000e+00 +0.0000e+00 +3.0000e+00 +0.0000e+00 +0.0000e+00 +0.0000e+00 +6.0000e+00 +0.0000e+00 +0.0000e+00 +1.0000e+00
73 +6.065485952e+01 +6.065485952e+01 +1.951248595e+02 +1.951248595e+02 +0.0000e+00 +0.0000e+00 +1.0000e+00 +0.0000e+00 +0.0000e+00 +0.0000e+00 +4.0000e+00 +0.0000e+00 +0.0000e+00 +0.0000e+00
% function evaluation | noise-free fitness - Fopt (4.453500000000e+02) | best noise-free fitness - Fopt | measured fitness | best measured fitness | x1 | x2...
1 +2.538731105e+03 +2.538731105e+03 +2.984081105e+03 +2.984081105e+03 +1.6000e+01 +2.8000e+01 +1.7000e+01 +4.0000e+00 +2.5000e+01 +1.0000e+01 +2.0000e+01 +0.0000e+00 +4.0000e+00 +1.0000e+01
2 +2.190641505e+03 +2.190641505e+03 +2.635991505e+03 +2.635991505e+03 +1.2000e+01 +9.0000e+00 +3.0000e+00 +1.5000e+01 +1.1000e+01 +4.0000e+00 +1.2000e+01 +2.2000e+01 +5.0000e+00 +2.9000e+01
14 +1.571239905e+03 +1.571239905e+03 +2.016589905e+03 +2.016589905e+03 +9.0000e+00 +6.0000e+00 +0.0000e+00 +1.2000e+01 +8.0000e+00 +1.0000e+00 +9.0000e+00 +1.9000e+01 +2.0000e+00 +2.6000e+01
30 +9.749727053e+02 +9.749727053e+02 +1.420322705e+03 +1.420322705e+03 +5.0000e+00 +2.0000e+00 +0.0000e+00 +8.0000e+00 +4.0000e+00 +0.0000e+00 +5.0000e+00 +1.5000e+01 +0.0000e+00 +2.2000e+01
45 +5.989695053e+02 +5.989695053e+02 +1.044319505e+03 +1.044319505e+03 +5.0000e+00 +1.7000e+01 +6.0000e+00 +0.0000e+00 +1.4000e+01 +0.0000e+00 +9.0000e+00 +0.0000e+00 +0.0000e+00 +0.0000e+00
57 +3.314415053e+02 +3.314415053e+02 +7.767915053e+02 +7.767915053e+02 +2.0000e+00 +1.4000e+01 +3.0000e+00 +0.0000e+00 +1.1000e+01 +0.0000e+00 +6.0000e+00 +0.0000e+00 +0.0000e+00 +0.0000e+00
65 +2.030895053e+02 +2.030895053e+02 +6.484395053e+02 +6.484395053e+02 +0.0000e+00 +1.2000e+01 +1.0000e+00 +0.0000e+00 +9.0000e+00 +0.0000e+00 +4.0000e+00 +0.0000e+00 +0.0000e+00 +0.0000e+00
73 +1.237567053e+02 +1.237567053e+02 +5.691067053e+02 +5.691067053e+02 +0.0000e+00 +1.0000e+01 +0.0000e+00 +0.0000e+00 +7.0000e+00 +0.0000e+00 +2.0000e+00 +0.0000e+00 +0.0000e+00 +0.0000e+00
77 +9.421270528e+01 +9.421270528e+01 +5.395627053e+02 +5.395627053e+02 +0.0000e+00 +9.0000e+00 +0.0000e+00 +0.0000e+00 +6.0000e+00 +0.0000e+00 +1.0000e+00 +0.0000e+00 +0.0000e+00 +0.0000e+00
85 +5.989910528e+01 +5.989910528e+01 +5.052491053e+02 +5.052491053e+02 +0.0000e+00 +7.0000e+00 +0.0000e+00 +0.0000e+00 +4.0000e+00 +0.0000e+00 +0.0000e+00 +0.0000e+00 +0.0000e+00 +0.0000e+00
