% function evaluation | noise-free fitness - Fopt (7.948000000000e+01) | best noise-free fitness - Fopt | measured fitness | best measured fitness | x1 | x2...
1 +1.039067070e+03 +1.039067070e+03 +1.118547070e+03 +1.118547070e+03 +2.5000e+01 +1.8000e+01 +7.0000e+00
2 +9.287790701e+02 +9.287790701e+02 +1.008259070e+03 +1.008259070e+03 +1.3000e+01 +1.6000e+01 +2.1000e+01
3 +1.364830701e+02 +1.364830701e+02 +2.159630701e+02 +2.159630701e+02 +1.0000e+00 +9.0000e+00 +5.0000e+00
11 +8.046547008e+01 +8.046547008e+01 +1.599454701e+02 +1.599454701e+02 +0.0000e+00 +7.0000e+00 +3.0000e+00
15 +5.870387008e+01 +5.870387008e+01 +1.381838701e+02 +1.381838701e+02 +0.0000e+00 +6.0000e+00 +2.0000e+00
23 +2.718067008e+01 +2.718067008e+01 +1.066606701e+02 +1.066606701e+02 +0.0000e+00 +4.0000e+00 +0.0000e+00
27 +1.786707008e+01 +1.786707008e+01 +9.734707008e+01 +9.734707008e+01 +0.0000e+00 +3.0000e+00 +0.0000e+00
31 +1.055347008e+01 +1.055347008e+01 +9.003347008e+01 +9.003347008e+01 +0.0000e+00 +2.0000e+00 +0.0000e+00
35 +5.239870080e+00 +5.239870080e+00 +8.471987008e+01 +8.471987008e+01 +0.0000e+00 +1.0000e+00 +0.0000e+00
39 +1.926270080e+00 +1.926270080e+00 +8.140627008e+01 +8.140627008e+01 +0.0000e+00 +0.0000e+00 +0.0000e+00
% function evaluation | noise-free fitness - Fopt (3.944800000000e+02) | best noise-free fitness - Fopt | measured fitness | best measured fitness | x1 | x2...
1 +6.921349805e+02 +6.921349805e+02 +1.086614980e+03 +1.086614980e+03 +1.7000e+01 +1.2000e+01 +2.0000e+00
3 +5.059749805e+02 +5.059749805e+02 +9.004549805e+02 +9.004549805e+02 +8.0000e+00 +4.0000e+00 +1.4000e+01
11 +3.716101805e+02 +3.716101805e+02 +7.660901805e+02 +7.660901805e+02 +6.0000e+00 +2.0000e+00 +1.2000e+01
23 +2.198437805e+02 +2.198437805e+02 +6.143237805e+02 +6.143237805e+02 +3.0000e+00 +0.0000e+00 +9.0000e+00
31 +1.490405805e+02 +1.490405805e+02 +5.435205805e+02 +5.435205805e+02 +1.0000e+00 +0.0000e+00 +7.0000e+00
43 +8.442938048e+01 +8.442938048e+01 +4.789093805e+02 +4.789093805e+02 +0.0000e+00 +0.0000e+00 +4.0000e+00
51 +5.721978048e+01 +5.721978048e+01 +4.516997805e+02 +4.516997805e+02 +0.0000e+00 +0.0000e+00 +2.0000e+00
59 +3.801018048e+01 +3.801018048e+01 +4.324901805e+02 +4.324901805e+02 +0.0000e+00 +0.0000e+00 +0.0000e+00
% function evaluation | noise-free fitness - Fopt (-2.471100000000e+02) | best noise-free fitness - Fopt | measured fitness | best measured fitness | x1 | x2...
1 +8.010588902e+02 +8.010588902e+02 +5.539488902e+02 +5.539488902e+02 +2.0000e+00 +1.0000e+00 +2.7000e+01
3 +4.773868902e+02 +4.773868902e+02 +2.302768902e+02 +2.302768902e+02 +1.7000e+01 +0.0000e+00 +6.0000e+00
4 +3.791489024e+01 +3.791489024e+01 -2.091951098e+02 -2.091951098e+02 +0.0000e+00 +5.0000e+00 +0.0000e+00
12 +2.272769024e+01 +2.272769024e+01 -2.243823098e+02 -2.243823098e+02 +0.0000e+00 +3.0000e+00 +0.0000e+00
20 +1.554049024e+01 +1.554049024e+01 -2.315695098e+02 -2.315695098e+02 +0.0000e+00 +1.0000e+00 +0.0000e+00
% function evaluation | noise-free fitness - Fopt (-1.520400000000e+02) | best noise-free fitness - Fopt | measured fitness | best measured fitness | x1 | x2...
1 +1.017776827e+03 +1.017776827e+03 +8.657368269e+02 +8.657368269e+02 +1.5000e+01 +2.9000e+01 +1.0000e+00
2 +4.395128269e+02 +4.395128269e+02 +2.874728269e+02 +2.874728269e+02 +1.0000e+00 +1.5000e+01 +1.2000e+01
6 +3.809768269e+02 +3.809768269e+02 +2.289368269e+02 +2.289368269e+02 +0.0000e+00 +1.4000e+01 +1.1000e+01
18 +2.339720269e+02 +2.339720269e+02 +8.193202688e+01 +8.193202688e+01 +0.0000e+00 +1.1000e+01 +8.0000e+00
26 +1.559688269e+02 +1.559688269e+02 +3.928826880e+00 +3.928826880e+00 +0.0000e+00 +9.0000e+00 +6.0000e+00
34 +9.396562688e+01 +9.396562688e+01 -5.807437312e+01 -5.807437312e+01 +0.0000e+00 +7.0000e+00 +4.0000e+00
42 +4.796242688e+01 +4.796242688e+01 -1.040775731e+02 -1.040775731e+02 +0.0000e+00 +5.0000e+00 +2.0000e+00
46 +3.096082688e+01 +3.096082688e+01 -1.210791731e+02 -1.210791731e+02 +0.0000e+00 +4.0000e+00 +1.0000e+00
50 +1.795922688e+01 +1.795922688e+01 -1.340807731e+02 -1.340807731e+02 +0.0000e+00 +3.0000e+00 +0.0000e+00
54 +1.580722688e+01 +1.580722688e+01 -1.362327731e+02 -1.362327731e+02 +0.0000e+00 +2.0000e+00 +0.0000e+00
% function evaluation | noise-free fitness - Fopt (-2.525000000000e+01) | best noise-free fitness - Fopt | measured fitness | best measured fitness | x1 | x2...
1 +1.429198713e+03 +1.429198713e+03 +1.403948713e+03 +1.403948713e+03 +2.1000e+01 +2.0000e+01 +2.6000e+01
2 +6.031475130e+02 +6.031475130e+02 +5.778975130e+02 +5.778975130e+02 +2.7000e+01 +8.0000e+00 +0.0000e+00
18 +3.891443130e+02 +3.891443130e+02 +3.638943130e+02 +3.638943130e+02 +2.3000e+01 +4.0000e+00 +0.0000e+00
34 +2.391411130e+02 +2.391411130e+02 +2.138911130e+02 +2.138911130e+02 +1.9000e+01 +0.0000e+00 +0.0000e+00
46 +1.558275130e+02 +1.558275130e+02 +1.305775130e+02 +1.305775130e+02 +1.6000e+01 +0.0000e+00 +0.0000e+00
58 +9.051391296e+01 +9.051391296e+01 +6.526391296e+01 +6.526391296e+01 +1.3000e+01 +0.0000e+00 +0.0000e+00
66 +5.697151296e+01 +5.697151296e+01 +3.172151296e+01 +3.172151296e+01 +1.1000e+01 +0.0000e+00 +0.0000e+00
74 +3.142911296e+01 +3.142911296e+01 +6.179112960e+00 +6.179112960e+00 +9.0000e+00 +0.0000e+00 +0.0000e+00
78 +2.165791296e+01 +2.165791296e+01 -3.592087040e+00 -3.592087040e+00 +8.0000e+00 +0.0000e+00 +0.0000e+00
82 +1.388671296e+01 +1.388671296e+01 -1.136328704e+01 -1.136328704e+01 +7.0000e+00 +0.0000e+00 +0.0000e+00
86 +8.115512960e+00 +8.115512960e+00 -1.713448704e+01 -1.713448704e+01 +6.0000e+00 +0.0000e+00 +0.0000e+00
90 +4.344312960e+00 +4.344312960e+00 -2.090568704e+01 -2.090568704e+01 +5.0000e+00 +0.0000e+00 +0.0000e+00
94 +2.573112960e+00 +2.573112960e+00 -2.267688704e+01 -2.267688704e+01 +4.0000e+00 +0.0000e+00 +0.0000e+00
% function evaluation | noise-free fitness - Fopt (2.230000000000e+00) | best noise-free fitness - Fopt | measured fitness | best measured fitness | x1 | x2...
1 +8.413282816e+02 +8.413282816e+02 +8.435582816e+02 +8.435582816e+02 +1.3000e+01 +2.4000e+01 +8.0000e+00
2 +9.805468160e+01 +9.805468160e+01 +1.002846816e+02 +1.002846816e+02 +1.2000e+01 +3.0000e+00 +2.0000e+00
10 +4.824348160e+01 +4.824348160e+01 +5.047348160e+01 +5.047348160e+01 +1.0000e+01 +1.0000e+00 +0.0000e+00
14 +3.136988160e+01 +3.136988160e+01 +3.359988160e+01 +3.359988160e+01 +9.0000e+00 +0.0000e+00 +0.0000e+00
18 +2.220668160e+01 +2.220668160e+01 +2.443668160e+01 +2.443668160e+01 +8.0000e+00 +0.0000e+00 +0.0000e+00
22 +1.504348160e+01 +1.504348160e+01 +1.727348160e+01 +1.727348160e+01 +7.0000e+00 +0.0000e+00 +0.0000e+00
26 +9.880281600e+00 +9.880281600e+00 +1.211028160e+01 +1.211028160e+01 +6.0000e+00 +0.0000e+00 +0.0000e+00
34 +5.553881600e+00 +5.553881600e+00 +7.783881600e+00 +7.783881600e+00 +4.0000e+00 +0.0000e+00 +0.0000e+00
% function evaluation | noise-free fitness - Fopt (-1.308000000000e+01) | best noise-free fitness - Fopt | measured fitness | best measured fitness | x1 | x2...
1 +9.749136365e+02 +9.749136365e+02 +9.618336365e+02 +9.618336365e+02 +1.9000e+01 +2.3000e+01 +3.0000e+00
7 +5.746432365e+02 +5.746432365e+02 +5.615632365e+02 +5.615632365e+02 +2.4000e+01 +1.0000e+00 +4.0000e+00
27 +3.689936365e+02 +3.689936365e+02 +3.559136365e+02 +3.559136365e+02 +1.9000e+01 +0.0000e+00 +0.0000e+00
43 +2.347024365e+02 +2.347024365e+02 +2.216224365e+02 +2.216224365e+02 +1.5000e+01 +0.0000e+00 +0.0000e+00
55 +1.549840365e+02 +1.549840365e+02 +1.419040365e+02 +1.419040365e+02 +1.2000e+01 +0.0000e+00 +0.0000e+00
65 +9.991043648e+01 +9.991043648e+01 +8.683043648e+01 +8.683043648e+01 +3.0000e+00 +7.0000e+00 +0.0000e+00
73 +6.102723648e+01 +6.102723648e+01 +4.794723648e+01 +4.794723648e+01 +1.0000e+00 +5.0000e+00 +0.0000e+00
81 +3.671683648e+01 +3.671683648e+01 +2.363683648e+01 +2.363683648e+01 +0.0000e+00 +3.0000e+00 +0.0000e+00
89 +2.097923648e+01 +2.097923648e+01 +7.899236480e+00 +7.899236480e+00 +0.0000e+00 +1.0000e+00 +0.0000e+00
104 +1.176643648e+01 +1.176643648e+01 -1.313563520e+00 -1.313563520e+00 +3.0000e+00 +0.0000e+00 +3.0000e+00
108 +9.214436480e+00 +9.214436480e+00 -3.865563520e+00 -3.865563520e+00 +2.0000e+00 +0.0000e+00 +2.0000e+00
% function evaluation | noise-free fitness - Fopt (2.671600000000e+02) | best noise-free fitness - Fopt | measured fitness | best measured fitness | x1 | x2...
1 +1.191464054e+03 +1.191464054e+03 +1.458624054e+03 +1.458624054e+03 +4.0000e+00 +3.0000e+01 +0.0000e+00
2 +7.518272538e+02 +7.518272538e+02 +1.018987254e+03 +1.018987254e+03 +1.8000e+01 +5.0000e+00 +1.2000e+01
10 +5.836992538e+02 +5.836992538e+02 +8.508592538e+02 +8.508592538e+02 +1.6000e+01 +3.0000e+00 +1.0000e+01
22 +3.765072538e+02 +3.765072538e+02 +6.436672538e+02 +6.436672538e+02 +1.3000e+01 +0.0000e+00 +7.0000e+00
34 +2.361360538e+02 +2.361360538e+02 +5.032960538e+02 +5.032960538e+02 +1.0000e+01 +0.0000e+00 +4.0000e+00
46 +1.317648538e+02 +1.317648538e+02 +3.989248538e+02 +3.989248538e+02 +7.0000e+00 +0.0000e+00 +1.0000e+00
54 +8.811525376e+01 +8.811525376e+01 +3.552752538e+02 +3.552752538e+02 +5.0000e+00 +0.0000e+00 +0.0000e+00
62 +6.039685376e+01 +6.039685376e+01 +3.275568538e+02 +3.275568538e+02 +3.0000e+00 +0.0000e+00 +0.0000e+00
74 +3.381925376e+01 +3.381925376e+01 +3.009792538e+02 +3.009792538e+02 +0.0000e+00 +0.0000e+00 +0.0000e+00
% function evaluation | noise-free fitness - Fopt (3.710000000000e+00) | best noise-free fitness - Fopt | measured fitness | best measured fitness | x1 | x2...
1 +1.001072216e+03 +1.001072216e+03 +1.004782216e+03 +1.004782216e+03 +2.6000e+01 +5.0000e+00 +2.2000e+01
3 +9.832674163e+02 +9.832674163e+02 +9.869774163e+02 +9.869774163e+02 +1.7000e+01 +2.5000e+01 +5.0000e+00
21 +5.618802163e+02 +5.618802163e+02 +5.655902163e+02 +5.655902163e+02 +2.1000e+01 +0.0000e+00 +1.7000e+01
33 +3.806706163e+02 +3.806706163e+02 +3.843806163e+02 +3.843806163e+02 +1.8000e+01 +0.0000e+00 +1.4000e+01
45 +2.354610163e+02 +2.354610163e+02 +2.391710163e+02 +2.391710163e+02 +1.5000e+01 +0.0000e+00 +1.1000e+01
57 +1.262514163e+02 +1.262514163e+02 +1.299614163e+02 +1.299614163e+02 +1.2000e+01 +0.0000e+00 +8.0000e+00
61 +9.784821632e+01 +9.784821632e+01 +1.015582163e+02 +1.015582163e+02 +1.1000e+01 +0.0000e+00 +7.0000e+00
69 +5.304181632e+01 +5.304181632e+01 +5.675181632e+01 +5.675181632e+01 +9.0000e+00 +0.0000e+00 +5.0000e+00
73 +3.663861632e+01 +3.663861632e+01 +4.034861632e+01 +4.034861632e+01 +8.0000e+00 +0.0000e+00 +4.0000e+00
77 +2.423541632e+01 +2.423541632e+01 +2.794541632e+01 +2.794541632e+01 +7.0000e+00 +0.0000e+00 +3.0000e+00
81 +1.583221632e+01 +1.583221632e+01 +1.954221632e+01 +1.954221632e+01 +6.0000e+00 +0.0000e+00 +2.0000e+00
% function evaluation | noise-free fitness - Fopt (9.478000000000e+01) | best noise-free fitness - Fopt | measured fitness | best measured fitness | x1 | x2...
1 +6.680976198e+02 +6.680976198e+02 +7.628776198e+02 +7.628776198e+02 +1.2000e+01 +2.0000e+01 +7.0000e+00
3 +5.728432198e+02 +5.728432198e+02 +6.676232198e+02 +6.676232198e+02 +0.0000e+00 +6.0000e+00 +2.6000e+01
4 +3.683856198e+02 +3.683856198e+02 +4.631656198e+02 +4.631656198e+02 +1.8000e+01 +4.0000e+00 +9.0000e+00
16 +2.194992198e+02 +2.194992198e+02 +3.142792198e+02 +3.142792198e+02 +1.5000e+01 +1.0000e+00 +6.0000e+00
24 +1.555472198e+02 +1.555472198e+02 +2.503272198e+02 +2.503272198e+02 +1.3000e+01 +0.0000e+00 +4.0000e+00
40 +9.025441984e+01 +9.025441984e+01 +1.850344198e+02 +1.850344198e+02 +9.0000e+00 +0.0000e+00 +0.0000e+00
48 +6.198881984e+01 +6.198881984e+01 +1.567688198e+02 +1.567688198e+02 +7.0000e+00 +0.0000e+00 +0.0000e+00
60 +3.459041984e+01 +3.459041984e+01 +1.293704198e+02 +1.293704198e+02 +4.0000e+00 +0.0000e+00 +0.0000e+00
79 +2.039201984e+01 +2.039201984e+01 +1.151720198e+02 +1.151720198e+02 +0.0000e+00 +0.0000e+00 +7.0000e+00
83 +1.520161984e+01 +1.520161984e+01 +1.099816198e+02 +1.099816198e+02 +0.0000e+00 +0.0000e+00 +6.0000e+00
% function evaluation | noise-free fitness - Fopt (2.339200000000e+02) | best noise-free fitness - Fopt | measured fitness | best measured fitness | x1 | x2...
1 +4.516678534e+02 +4.516678534e+02 +6.855878534e+02 +6.855878534e+02 +1.0000e+00 +1.4000e+01 +1.3000e+01
5 +3.872518534e+02 +3.872518534e+02 +6.211718534e+02 +6.211718534e+02 +0.0000e+00 +1.3000e+01 +1.2000e+01
17 +2.415382534e+02 +2.415382534e+02 +4.754582534e+02 +4.754582534e+02 +0.0000e+00 +1.0000e+01 +9.0000e+00
29 +1.318246534e+02 +1.318246534e+02 +3.657446534e+02 +3.657446534e+02 +0.0000e+00 +7.0000e+00 +6.0000e+00
37 +7.868225344e+01 +7.868225344e+01 +3.126022534e+02 +3.126022534e+02 +0.0000e+00 +5.0000e+00 +4.0000e+00
41 +5.811105344e+01 +5.811105344e+01 +2.920310534e+02 +2.920310534e+02 +0.0000e+00 +4.0000e+00 +3.0000e+00
49 +2.896865344e+01 +2.896865344e+01 +2.628886534e+02 +2.628886534e+02 +0.0000e+00 +2.0000e+00 +1.0000e+00
53 +2.039745344e+01 +2.039745344e+01 +2.543174534e+02 +2.543174534e+02 +0.0000e+00 +1.0000e+00 +0.0000e+00
% function evaluation | noise-free fitness - Fopt (-6.092000000000e+01) | best noise-free fitness - Fopt | measured fitness | best measured fitness | x1 | x2...
1 +8.037139597e+02 +8.037139597e+02 +7.427939597e+02 +7.427939597e+02 +2.9000e+01 +0.0000e+00 +6.0000e+00
2 +5.404867597e+02 +5.404867597e+02 +4.795667597e+02 +4.795667597e+02 +1.6000e+01 +1.5000e+01 +1.6000e+01
3 +1.703043597e+02 +1.703043597e+02 +1.093843597e+02 +1.093843597e+02 +8.0000e+00 +1.3000e+01 +0.0000e+00
7 +1.372883597e+02 +1.372883597e+02 +7.636835968e+01 +7.636835968e+01 +7.0000e+00 +1.2000e+01 +0.0000e+00
15 +8.325635968e+01 +8.325635968e+01 +2.233635968e+01 +2.233635968e+01 +5.0000e+00 +1.0000e+01 +0.0000e+00
19 +6.224035968e+01 +6.224035968e+01 +1.320359680e+00 +1.320359680e+00 +4.0000e+00 +9.0000e+00 +0.0000e+00
27 +3.220835968e+01 +3.220835968e+01 -2.871164032e+01 -2.871164032e+01 +2.0000e+00 +7.0000e+00 +0.0000e+00
31 +2.319235968e+01 +2.319235968e+01 -3.772764032e+01 -3.772764032e+01 +1.0000e+00 +6.0000e+00 +0.0000e+00
39 +1.438275968e+01 +1.438275968e+01 -4.653724032e+01 -4.653724032e+01 +0.0000e+00 +4.0000e+00 +0.0000e+00
54 +4.990759680e+00 +4.990759680e+00 -5.592924032e+01 -5.592924032e+01 +3.0000e+00 +2.0000e+00 +3.0000e+00
% function evaluation | noise-free fitness - Fopt (-1.948000000000e+01) | best noise-free fitness - Fopt | measured fitness | best measured fitness | x1 | x2...
1 +1.123468560e+03 +1.123468560e+03 +1.103988560e+03 +1.103988560e+03 +1.7000e+01 +2.1000e+01 +2.2000e+01
3 +7.862669600e+02 +7.862669600e+02 +7.667869600e+02 +7.667869600e+02 +1.0000e+00 +3.0000e+01 +2.0000e+00
15 +6.245549600e+02 +6.245549600e+02 +6.050749600e+02 +6.050749600e+02 +0.0000e+00 +2.7000e+01 +0.0000e+00
32 +3.812205600e+02 +3.812205600e+02 +3.617405600e+02 +3.617405600e+02 +3.0000e+00 +4.0000e+00 +2.0000e+01
45 +2.120349600e+02 +2.120349600e+02 +1.925549600e+02 +1.925549600e+02 +6.0000e+00 +1.0000e+01 +1.1000e+01
53 +1.243197600e+02 +1.243197600e+02 +1.048397600e+02 +1.048397600e+02 +4.0000e+00 +8.0000e+00 +9.0000e+00
57 +8.946216000e+01 +8.946216000e+01 +6.998216000e+01 +6.998216000e+01 +3.0000e+00 +7.0000e+00 +8.0000e+00
61 +6.060456000e+01 +6.060456000e+01 +4.112456000e+01 +4.112456000e+01 +2.0000e+00 +6.0000e+00 +7.0000e+00
65 +3.774696000e+01 +3.774696000e+01 +1.826696000e+01 +1.826696000e+01 +1.0000e+00 +5.0000e+00 +6.0000e+00
69 +2.088936000e+01 +2.088936000e+01 +1.409360000e+00 +1.409360000e+00 +0.0000e+00 +4.0000e+00 +5.0000e+00
73 +1.094216000e+01 +1.094216000e+01 -8.537840000e+00 -8.537840000e+00 +0.0000e+00 +3.0000e+00 +4.0000e+00
77 +4.994960000e+00 +4.994960000e+00 -1.448504000e+01 -1.448504000e+01 +0.0000e+00 +2.0000e+00 +3.0000e+00
81 +3.047760000e+00 +3.047760000e+00 -1.643224000e+01 -1.643224000e+01 +0.0000e+00 +1.0000e+00 +2.0000e+00
115 +1.874960000e+00 +1.874960000e+00 -1.760504000e+01 -1.760504000e+01 +0.0000e+00 +2.0000e+00 +0.0000e+00
% function evaluation | noise-free fitness - Fopt (1.344700000000e+02) | best noise-free fitness - Fopt | measured fitness | best measured fitness | x1 | x2...
1 +3.435604416e+02 +3.435604416e+02 +4.780304416e+02 +4.780304416e+02 +3.0000e+00 +1.4000e+01 +1.4000e+01
9 +2.324756416e+02 +2.324756416e+02 +3.669456416e+02 +3.669456416e+02 +1.0000e+00 +1.2000e+01 +1.2000e+01
17 +1.509124416e+02 +1.509124416e+02 +2.853824416e+02 +2.853824416e+02 +0.0000e+00 +1.0000e+01 +1.0000e+01
25 +9.287084160e+01 +9.287084160e+01 +2.273408416e+02 +2.273408416e+02 +0.0000e+00 +8.0000e+00 +8.0000e+00
33 +5.082924160e+01 +5.082924160e+01 +1.852992416e+02 +1.852992416e+02 +0.0000e+00 +6.0000e+00 +6.0000e+00
37 +3.580844160e+01 +3.580844160e+01 +1.702784416e+02 +1.702784416e+02 +0.0000e+00 +5.0000e+00 +5.0000e+00
41 +2.478764160e+01 +2.478764160e+01 +1.592576416e+02 +1.592576416e+02 +0.0000e+00 +4.0000e+00 +4.0000e+00
49 +1.474604160e+01 +1.474604160e+01 +1.492160416e+02 +1.492160416e+02 +0.0000e+00 +2.0000e+00 +2.0000e+00
% function evaluation | noise-free fitness - Fopt (4.453500000000e+02) | best noise-free fitness - Fopt | measured fitness | best measured fitness | x1 | x2...
1 +8.803846867e+02 +8.803846867e+02 +1.325734687e+03 +1.325734687e+03 +1.6000e+01 +1.0000e+01 +2.1000e+01
12 +6.036182867e+02 +6.036182867e+02 +1.048968287e+03 +1.048968287e+03 +2.0000e+01 +1.1000e+01 +2.0000e+00
28 +3.822358867e+02 +3.822358867e+02 +8.275858867e+02 +8.275858867e+02 +1.6000e+01 +7.0000e+00 +0.0000e+00
41 +2.307046867e+02 +2.307046867e+02 +6.760546867e+02 +6.760546867e+02 +6.0000e+00 +0.0000e+00 +1.1000e+01
49 +1.554406867e+02 +1.554406867e+02 +6.007906867e+02 +6.007906867e+02 +4.0000e+00 +0.0000e+00 +9.0000e+00
57 +9.617668672e+01 +9.617668672e+01 +5.415266867e+02 +5.415266867e+02 +2.0000e+00 +0.0000e+00 +7.0000e+00
65 +5.291268672e+01 +5.291268672e+01 +4.982626867e+02 +4.982626867e+02 +0.0000e+00 +0.0000e+00 +5.0000e+00
73 +3.442308672e+01 +3.442308672e+01 +4.797730867e+02 +4.797730867e+02 +0.0000e+00 +0.0000e+00 +3.0000e+00
81 +2.393348672e+01 +2.393348672e+01 +4.692834867e+02 +4.692834867e+02 +0.0000e+00 +0.0000e+00 +1.0000e+00
99 +1.103268672e+01 +1.103268672e+01 +4.563826867e+02 +4.563826867e+02 +0.0000e+00 +4.0000e+00 +0.0000e+00
