% function evaluation | noise-free fitness - Fopt (7.948000000000e+01) | best noise-free fitness - Fopt | measured fitness | best measured fitness | x1 | x2...
1 +5.618301855e+26 +5.618301855e+26 +5.618301855e+26 +5.618301855e+26 +2.3703e+13 +0.0000e+00 +0.0000e+00 +0.0000e+00 +0.0000e+00 +0.0000e+00 +0.0000e+00 +0.0000e+00 +0.0000e+00 +0.0000e+00
3 +1.078713079e+26 +1.078713079e+26 +1.078713079e+26 +1.078713079e+26 +1.0386e+13 +0.0000e+00 +0.0000e+00 +0.0000e+00 +0.0000e+00 +0.0000e+00 +0.0000e+00 +0.0000e+00 +0.0000e+00 +0.0000e+00
13 +9.850670540e+25 +9.850670540e+25 +9.850670540e+25 +9.850670540e+25 +9.9251e+12 +0.0000e+00 +0.0000e+00 +0.0000e+00 +0.0000e+00 +0.0000e+00 +0.0000e+00 +0.0000e+00 +0.0000e+00 +0.0000e+00
15 +1.430596504e+25 +1.430596504e+25 +1.430596504e+25 +1.430596504e+25 +3.7823e+12 +0.0000e+00 +0.0000e+00 +0.0000e+00 +0.0000e+00 +0.0000e+00 +0.0000e+00 +0.0000e+00 +0.0000e+00 +0.0000e+00
21 +4.883065958e+24 +4.883065958e+24 +4.883065958e+24 +4.883065958e+24 +2.2098e+12 +0.0000e+00 +0.0000e+00 +0.0000e+00 +0.0000e+00 +0.0000e+00 +0.0000e+00 +0.0000e+00 +0.0000e+00 +0.0000e+00
22 +9.684474151e+22 +9.684474151e+22 +9.684474151e+22 +9.684474151e+22 +3.1120e+11 +0.0000e+00 +0.0000e+00 +0.0000e+00 +0.0000e+00 +0.0000e+00 +0.0000e+00 +0.0000e+00 +0.0000e+00 +0.0000e+00
196 +1.154074496e+20 +1.154074496e+20 +1.154074496e+20 +1.154074496e+20 +1.0743e+10 +0.0000e+00 +0.0000e+00 +0.0000e+00 +0.0000e+00 +0.0000e+00 +0.0000e+00 +0.0000e+00 +0.0000e+00 +0.0000e+00
% function evaluation | noise-free fitness - Fopt (3.944800000000e+02) | best noise-free fitness - Fopt | measured fitness | best measured fitness | x1 | x2...
1 +9.896931589e+26 +9.896931589e+26 +9.896931589e+26 +9.896931589e+26 +3.1459e+13 +0.0000e+00 +0.0000e+00 +0.0000e+00 +0.0000e+00 +0.0000e+00 +0.0000e+00 +0.0000e+00 +0.0000e+00 +0.0000e+00
2 +3.141907137e+26 +3.141907137e+26 +3.141907137e+26 +3.141907137e+26 +1.7725e+13 +0.0000e+00 +0.0000e+00 +0.0000e+00 +0.0000e+00 +0.0000e+00 +0.0000e+00 +0.0000e+00 +0.0000e+00 +0.0000e+00
3 +2.534899493e+25 +2.534899493e+25 +2.534899493e+25 +2.534899493e+25 +5.0348e+12 +0.0000e+00 +0.0000e+00 +0.0000e+00 +0.0000e+00 +0.0000e+00 +0.0000e+00 +0.0000e+00 +0.0000e+00 +0.0000e+00
16 +1.720237314e+24 +1.720237314e+24 +1.720237314e+24 +1.720237314e+24 +1.3116e+12 +0.0000e+00 +0.0000e+00 +0.0000e+00 +0.0000e+00 +0.0000e+00 +0.0000e+00 +0.0000e+00 +0.0000e+00 +0.0000e+00
27 +9.482701250e+22 +9.482701250e+22 +9.482701250e+22 +9.482701250e+22 +3.0794e+11 +0.0000e+00 +0.0000e+00 +0.0000e+00 +0.0000e+00 +0.0000e+00 +0.0000e+00 +0.0000e+00 +0.0000e+00 +0.0000e+00
% function evaluation | noise-free fitness - Fopt (-2.471100000000e+02) | best noise-free fitness - Fopt | measured fitness | best measured fitness | x1 | x2...
1 +5.678568456e+26 +5.678568456e+26 +5.678568456e+26 +5.678568456e+26 +2.3830e+13 +0.0000e+00 +0.0000e+00 +0.0000e+00 +0.0000e+00 +0.0000e+00 +0.0000e+00 +0.0000e+00 +0.0000e+00 +0.0000e+00
3 +3.180873622e+26 +3.180873622e+26 +3.180873622e+26 +3.180873622e+26 +1.7835e+13 +0.0000e+00 +0.0000e+00 +0.0000e+00 +0.0000e+00 +0.0000e+00 +0.0000e+00 +0.0000e+00 +0.0000e+00 +0.0000e+00
5 +9.460647624e+25 +9.460647624e+25 +9.460647624e+25 +9.460647624e+25 +9.7266e+12 +0.0000e+00 +0.0000e+00 +0.0000e+00 +0.0000e+00 +0.0000e+00 +0.0000e+00 +0.0000e+00 +0.0000e+00 +0.0000e+00
8 +1.053968038e+24 +1.053968038e+24 +1.053968038e+24 +1.053968038e+24 +1.0266e+12 +0.0000e+00 +0.0000e+00 +0.0000e+00 +0.0000e+00 +0.0000e+00 +0.0000e+00 +0.0000e+00 +0.0000e+00 +0.0000e+00
41 +4.901919112e+21 +4.901919112e+21 +4.901919112e+21 +4.901919112e+21 +7.0014e+10 +0.0000e+00 +0.0000e+00 +0.0000e+00 +0.0000e+00 +0.0000e+00 +0.0000e+00 +0.0000e+00 +0.0000e+00 +0.0000e+00
102 +2.265792700e+20 +2.265792700e+20 +2.265792700e+20 +2.265792700e+20 +1.5053e+10 +0.0000e+00 +0.0000e+00 +0.0000e+00 +0.0000e+00 +0.0000e+00 +0.0000e+00 +0.0000e+00 +0.0000e+00 +0.0000e+00
% function evaluation | noise-free fitness - Fopt (-1.520400000000e+02) | best noise-free fitness - Fopt | measured fitness | best measured fitness | x1 | x2...
1 +4.934508899e+26 +4.934508899e+26 +4.934508899e+26 +4.934508899e+26 +2.2214e+13 +0.0000e+00 +0.0000e+00 +0.0000e+00 +0.0000e+00 +0.0000e+00 +0.0000e+00 +0.0000e+00 +0.0000e+00 +0.0000e+00
2 +1.294533934e+26 +1.294533934e+26 +1.294533934e+26 +1.294533934e+26 +1.1378e+13 +0.0000e+00 +0.0000e+00 +0.0000e+00 +0.0000e+00 +0.0000e+00 +0.0000e+00 +0.0000e+00 +0.0000e+00 +0.0000e+00
3 +6.748079746e+23 +6.748079746e+23 +6.748079746e+23 +6.748079746e+23 +8.2147e+11 +0.0000e+00 +0.0000e+00 +0.0000e+00 +0.0000e+00 +0.0000e+00 +0.0000e+00 +0.0000e+00 +0.0000e+00 +0.0000e+00
99 +1.778328058e+23 +1.778328058e+23 +1.778328058e+23 +1.778328058e+23 +4.2170e+11 +0.0000e+00 +0.0000e+00 +0.0000e+00 +0.0000e+00 +0.0000e+00 +0.0000e+00 +0.0000e+00 +0.0000e+00 +0.0000e+00
% function evaluation | noise-free fitness - Fopt (-2.525000000000e+01) | best noise-free fitness - Fopt | measured fitness | best measured fitness | x1 | x2...
1 +8.139525300e+26 +8.139525300e+26 +8.139525300e+26 +8.139525300e+26 +2.8530e+13 +0.0000e+00 +0.0000e+00 +0.0000e+00 +0.0000e+00 +0.0000e+00 +0.0000e+00 +0.0000e+00 +0.0000e+00 +0.0000e+00
2 +4.411761100e+26 +4.411761100e+26 +4.411761100e+26 +4.411761100e+26 +2.1004e+13 +0.0000e+00 +0.0000e+00 +0.0000e+00 +0.0000e+00 +0.0000e+00 +0.0000e+00 +0.0000e+00 +0.0000e+00 +0.0000e+00
7 +2.372135107e+25 +2.372135107e+25 +2.372135107e+25 +2.372135107e+25 +4.8705e+12 +0.0000e+00 +0.0000e+00 +0.0000e+00 +0.0000e+00 +0.0000e+00 +0.0000e+00 +0.0000e+00 +0.0000e+00 +0.0000e+00
32 +1.311167270e+25 +1.311167270e+25 +1.311167270e+25 +1.311167270e+25 +3.6210e+12 +0.0000e+00 +0.0000e+00 +0.0000e+00 +0.0000e+00 +0.0000e+00 +0.0000e+00 +0.0000e+00 +0.0000e+00 +0.0000e+00
71 +7.995640361e+24 +7.995640361e+24 +7.995640361e+24 +7.995640361e+24 +2.8277e+12 +0.0000e+00 +0.0000e+00 +0.0000e+00 +0.0000e+00 +0.0000e+00 +0.0000e+00 +0.0000e+00 +0.0000e+00 +0.0000e+00
108 +3.063273394e+23 +3.063273394e+23 +3.063273394e+23 +3.063273394e+23 +5.5347e+11 +0.0000e+00 +0.0000e+00 +0.0000e+00 +0.0000e+00 +0.0000e+00 +0.0000e+00 +0.0000e+00 +0.0000e+00 +0.0000e+00
% function evaluation | noise-free fitness - Fopt (2.230000000000e+00) | best noise-free fitness - Fopt | measured fitness | best measured fitness | x1 | x2...
1 +1.036478580e+26 +1.036478580e+26 +1.036478580e+26 +1.036478580e+26 +1.0181e+13 +0.0000e+00 +0.0000e+00 +0.0000e+00 +0.0000e+00 +0.0000e+00 +0.0000e+00 +0.0000e+00 +0.0000e+00 +0.0000e+00
2 +2.868910518e+25 +2.868910518e+25 +2.868910518e+25 +2.868910518e+25 +5.3562e+12 +0.0000e+00 +0.0000e+00 +0.0000e+00 +0.0000e+00 +0.0000e+00 +0.0000e+00 +0.0000e+00 +0.0000e+00 +0.0000e+00
4 +1.232138178e+25 +1.232138178e+25 +1.232138178e+25 +1.232138178e+25 +3.5102e+12 +0.0000e+00 +0.0000e+00 +0.0000e+00 +0.0000e+00 +0.0000e+00 +0.0000e+00 +0.0000e+00 +0.0000e+00 +0.0000e+00
45 +3.801796897e+24 +3.801796897e+24 +3.801796897e+24 +3.801796897e+24 +1.9498e+12 +0.0000e+00 +0.0000e+00 +0.0000e+00 +0.0000e+00 +0.0000e+00 +0.0000e+00 +0.0000e+00 +0.0000e+00 +0.0000e+00
49 +9.077185909e+23 +9.077185909e+23 +9.077185909e+23 +9.077185909e+23 +9.5274e+11 +0.0000e+00 +0.0000e+00 +0.0000e+00 +0.0000e+00 +0.0000e+00 +0.0000e+00 +0.0000e+00 +0.0000e+00 +0.0000e+00
199 +5.223735095e+19 +5.223735095e+19 +5.223735095e+19 +5.223735095e+19 +7.2275e+09 +0.0000e+00 +0.0000e+00 +0.0000e+00 +0.0000e+00 +0.0000e+00 +0.0000e+00 +0.0000e+00 +0.0000e+00 +0.0000e+00
% function evaluation | noise-free fitness - Fopt (-1.308000000000e+01) | best noise-free fitness - Fopt | measured fitness | best measured fitness | x1 | x2...
1 +1.174199605e+27 +1.174199605e+27 +1.174199605e+27 +1.174199605e+27 +3.4267e+13 +0.0000e+00 +0.0000e+00 +0.0000e+00 +0.0000e+00 +0.0000e+00 +0.0000e+00 +0.0000e+00 +0.0000e+00 +0.0000e+00
2 +5.810551763e+26 +5.810551763e+26 +5.810551763e+26 +5.810551763e+26 +2.4105e+13 +0.0000e+00 +0.0000e+00 +0.0000e+00 +0.0000e+00 +0.0000e+00 +0.0000e+00 +0.0000e+00 +0.0000e+00 +0.0000e+00
3 +1.410016753e+25 +1.410016753e+25 +1.410016753e+25 +1.410016753e+25 +3.7550e+12 +0.0000e+00 +0.0000e+00 +0.0000e+00 +0.0000e+00 +0.0000e+00 +0.0000e+00 +0.0000e+00 +0.0000e+00 +0.0000e+00
4 +7.411157927e+24 +7.411157927e+24 +7.411157927e+24 +7.411157927e+24 +2.7223e+12 +0.0000e+00 +0.0000e+00 +0.0000e+00 +0.0000e+00 +0.0000e+00 +0.0000e+00 +0.0000e+00 +0.0000e+00 +0.0000e+00
26 +4.055629523e+24 +4.055629523e+24 +4.055629523e+24 +4.055629523e+24 +2.0139e+12 +0.0000e+00 +0.0000e+00 +0.0000e+00 +0.0000e+00 +0.0000e+00 +0.0000e+00 +0.0000e+00 +0.0000e+00 +0.0000e+00
75 +3.338821430e+22 +3.338821430e+22 +3.338821430e+22 +3.338821430e+22 +1.8272e+11 +0.0000e+00 +0.0000e+00 +0.0000e+00 +0.0000e+00 +0.0000e+00 +0.0000e+00 +0.0000e+00 +0.0000e+00 +0.0000e+00
% function evaluation | noise-free fitness - Fopt (2.671600000000e+02) | best noise-free fitness - Fopt | measured fitness | best measured fitness | x1 | x2...
1 +5.650733887e+26 +5.650733887e+26 +5.650733887e+26 +5.650733887e+26 +2.3771e+13 +0.0000e+00 +0.0000e+00 +0.0000e+00 +0.0000e+00 +0.0000e+00 +0.0000e+00 +0.0000e+00 +0.0000e+00 +0.0000e+00
9 +2.284531624e+26 +2.284531624e+26 +2.284531624e+26 +2.284531624e+26 +1.5115e+13 +0.0000e+00 +0.0000e+00 +0.0000e+00 +0.0000e+00 +0.0000e+00 +0.0000e+00 +0.0000e+00 +0.0000e+00 +0.0000e+00
14 +3.296460202e+25 +3.296460202e+25 +3.296460202e+25 +3.296460202e+25 +5.7415e+12 +0.0000e+00 +0.0000e+00 +0.0000e+00 +0.0000e+00 +0.0000e+00 +0.0000e+00 +0.0000e+00 +0.0000e+00 +0.0000e+00
20 +1.799651539e+25 +1.799651539e+25 +1.799651539e+25 +1.799651539e+25 +4.2422e+12 +0.0000e+00 +0.0000e+00 +0.0000e+00 +0.0000e+00 +0.0000e+00 +0.0000e+00 +0.0000e+00 +0.0000e+00 +0.0000e+00
67 +7.764161800e+24 +7.764161800e+24 +7.764161800e+24 +7.764161800e+24 +2.7864e+12 +0.0000e+00 +0.0000e+00 +0.0000e+00 +0.0000e+00 +0.0000e+00 +0.0000e+00 +0.0000e+00 +0.0000e+00 +0.0000e+00
71 +2.550502541e+24 +2.550502541e+24 +2.550502541e+24 +2.550502541e+24 +1.5970e+12 +0.0000e+00 +0.0000e+00 +0.0000e+00 +0.0000e+00 +0.0000e+00 +0.0000e+00 +0.0000e+00 +0.0000e+00 +0.0000e+00
97 +2.454102644e+22 +2.454102644e+22 +2.454102644e+22 +2.454102644e+22 +1.5666e+11 +0.0000e+00 +0.0000e+00 +0.0000e+00 +0.0000e+00 +0.0000e+00 +0.0000e+00 +0.0000e+00 +0.0000e+00 +0.0000e+00
% function evaluation | noise-free fitness - Fopt (3.710000000000e+00) | best noise-free fitness - Fopt | measured fitness | best measured fitness | x1 | x2...
1 +3.819818964e+25 +3.819818964e+25 +3.819818964e+25 +3.819818964e+25 +6.1805e+12 +0.0000e+00 +0.0000e+00 +0.0000e+00 +0.0000e+00 +0.0000e+00 +0.0000e+00 +0.0000e+00 +0.0000e+00 +0.0000e+00
18 +1.471960167e+25 +1.471960167e+25 +1.471960167e+25 +1.471960167e+25 +3.8366e+12 +0.0000e+00 +0.0000e+00 +0.0000e+00 +0.0000e+00 +0.0000e+00 +0.0000e+00 +0.0000e+00 +0.0000e+00 +0.0000e+00
28 +2.529645263e+23 +2.529645263e+23 +2.529645263e+23 +2.529645263e+23 +5.0296e+11 +0.0000e+00 +0.0000e+00 +0.0000e+00 +0.0000e+00 +0.0000e+00 +0.0000e+00 +0.0000e+00 +0.0000e+00 +0.0000e+00
40 +1.372578680e+23 +1.372578680e+23 +1.372578680e+23 +1.372578680e+23 +3.7048e+11 +0.0000e+00 +0.0000e+00 +0.0000e+00 +0.0000e+00 +0.0000e+00 +0.0000e+00 +0.0000e+00 +0.0000e+00 +0.0000e+00
% function evaluation | noise-free fitness - Fopt (9.478000000000e+01) | best noise-free fitness - Fopt | measured fitness | best measured fitness | x1 | x2...
1 +2.158239385e+26 +2.158239385e+26 +2.158239385e+26 +2.158239385e+26 +1.4691e+13 +0.0000e+00 +0.0000e+00 +0.0000e+00 +0.0000e+00 +0.0000e+00 +0.0000e+00 +0.0000e+00 +0.0000e+00 +0.0000e+00
3 +5.238264316e+25 +5.238264316e+25 +5.238264316e+25 +5.238264316e+25 +7.2376e+12 +0.0000e+00 +0.0000e+00 +0.0000e+00 +0.0000e+00 +0.0000e+00 +0.0000e+00 +0.0000e+00 +0.0000e+00 +0.0000e+00
31 +5.441683249e+24 +5.441683249e+24 +5.441683249e+24 +5.441683249e+24 +2.3327e+12 +0.0000e+00 +0.0000e+00 +0.0000e+00 +0.0000e+00 +0.0000e+00 +0.0000e+00 +0.0000e+00 +0.0000e+00 +0.0000e+00
75 +2.953642734e+24 +2.953642734e+24 +2.953642734e+24 +2.953642734e+24 +1.7186e+12 +0.0000e+00 +0.0000e+00 +0.0000e+00 +0.0000e+00 +0.0000e+00 +0.0000e+00 +0.0000e+00 +0.0000e+00 +0.0000e+00
% function evaluation | noise-free fitness - Fopt (2.339200000000e+02) | best noise-free fitness - Fopt | measured fitness | best measured fitness | x1 | x2...
1 +8.058411765e+26 +8.058411765e+26 +8.058411765e+26 +8.058411765e+26 +2.8387e+13 +0.0000e+00 +0.0000e+00 +0.0000e+00 +0.0000e+00 +0.0000e+00 +0.0000e+00 +0.0000e+00 +0.0000e+00 +0.0000e+00
2 +3.620339879e+25 +3.620339879e+25 +3.620339879e+25 +3.620339879e+25 +6.0169e+12 +0.0000e+00 +0.0000e+00 +0.0000e+00 +0.0000e+00 +0.0000e+00 +0.0000e+00 +0.0000e+00 +0.0000e+00 +0.0000e+00
7 +5.287348932e+24 +5.287348932e+24 +5.287348932e+24 +5.287348932e+24 +2.2994e+12 +0.0000e+00 +0.0000e+00 +0.0000e+00 +0.0000e+00 +0.0000e+00 +0.0000e+00 +0.0000e+00 +0.0000e+00 +0.0000e+00
29 +2.453714193e+24 +2.453714193e+24 +2.453714193e+24 +2.453714193e+24 +1.5664e+12 +0.0000e+00 +0.0000e+00 +0.0000e+00 +0.0000e+00 +0.0000e+00 +0.0000e+00 +0.0000e+00 +0.0000e+00 +0.0000e+00
102 +2.325002525e+23 +2.325002525e+23 +2.325002525e+23 +2.325002525e+23 +4.8218e+11 +0.0000e+00 +0.0000e+00 +0.0000e+00 +0.0000e+00 +0.0000e+00 +0.0000e+00 +0.0000e+00 +0.0000e+00 +0.0000e+00
% function evaluation | noise-free fitness - Fopt (-6.092000000000e+01) | best noise-free fitness - Fopt | measured fitness | best measured fitness | x1 | x2...
1 +6.641522903e+26 +6.641522903e+26 +6.641522903e+26 +6.641522903e+26 +2.5771e+13 +0.0000e+00 +0.0000e+00 +0.0000e+00 +0.0000e+00 +0.0000e+00 +0.0000e+00 +0.0000e+00 +0.0000e+00 +0.0000e+00
3 +7.780819879e+24 +7.780819879e+24 +7.780819879e+24 +7.780819879e+24 +2.7894e+12 +0.0000e+00 +0.0000e+00 +0.0000e+00 +0.0000e+00 +0.0000e+00 +0.0000e+00 +0.0000e+00 +0.0000e+00 +0.0000e+00
5 +8.122710437e+22 +8.122710437e+22 +8.122710437e+22 +8.122710437e+22 +2.8500e+11 +0.0000e+00 +0.0000e+00 +0.0000e+00 +0.0000e+00 +0.0000e+00 +0.0000e+00 +0.0000e+00 +0.0000e+00 +0.0000e+00
160 +1.078468712e+22 +1.078468712e+22 +1.078468712e+22 +1.078468712e+22 +1.0385e+11 +0.0000e+00 +0.0000e+00 +0.0000e+00 +0.0000e+00 +0.0000e+00 +0.0000e+00 +0.0000e+00 +0.0000e+00 +0.0000e+00
% function evaluation | noise-free fitness - Fopt (-1.948000000000e+01) | best noise-free fitness - Fopt | measured fitness | best measured fitness | x1 | x2...
1 +1.117669090e+27 +1.117669090e+27 +1.117669090e+27 +1.117669090e+27 +3.3432e+13 +0.0000e+00 +0.0000e+00 +0.0000e+00 +0.0000e+00 +0.0000e+00 +0.0000e+00 +0.0000e+00 +0.0000e+00 +0.0000e+00
2 +5.141823231e+26 +5.141823231e+26 +5.141823231e+26 +5.141823231e+26 +2.2676e+13 +0.0000e+00 +0.0000e+00 +0.0000e+00 +0.0000e+00 +0.0000e+00 +0.0000e+00 +0.0000e+00 +0.0000e+00 +0.0000e+00
3 +3.017471803e+25 +3.017471803e+25 +3.017471803e+25 +3.017471803e+25 +5.4932e+12 +0.0000e+00 +0.0000e+00 +0.0000e+00 +0.0000e+00 +0.0000e+00 +0.0000e+00 +0.0000e+00 +0.0000e+00 +0.0000e+00
6 +8.046304210e+24 +8.046304210e+24 +8.046304210e+24 +8.046304210e+24 +2.8366e+12 +0.0000e+00 +0.0000e+00 +0.0000e+00 +0.0000e+00 +0.0000e+00 +0.0000e+00 +0.0000e+00 +0.0000e+00 +0.0000e+00
17 +3.274794396e+24 +3.274794396e+24 +3.274794396e+24 +3.274794396e+24 +1.8096e+12 +0.0000e+00 +0.0000e+00 +0.0000e+00 +0.0000e+00 +0.0000e+00 +0.0000e+00 +0.0000e+00 +0.0000e+00 +0.0000e+00
65 +2.499041297e+24 +2.499041297e+24 +2.499041297e+24 +2.499041297e+24 +1.5808e+12 +0.0000e+00 +0.0000e+00 +0.0000e+00 +0.0000e+00 +0.0000e+00 +0.0000e+00 +0.0000e+00 +0.0000e+00 +0.0000e+00
134 +6.402520706e+22 +6.402520706e+22 +6.402520706e+22 +6.402520706e+22 +2.5303e+11 +0.0000e+00 +0.0000e+00 +0.0000e+00 +0.0000e+00 +0.0000e+00 +0.0000e+00 +0.0000e+00 +0.0000e+00 +0.0000e+00
% function evaluation | noise-free fitness - Fopt (1.344700000000e+02) | best noise-free fitness - Fopt | measured fitness | best measured fitness | x1 | x2...
1 +4.606679047e+26 +4.606679047e+26 +4.606679047e+26 +4.606679047e+26 +2.1463e+13 +0.0000e+00 +0.0000e+00 +0.0000e+00 +0.0000e+00 +0.0000e+00 +0.0000e+00 +0.0000e+00 +0.0000e+00 +0.0000e+00
3 +7.255477138e+25 +7.255477138e+25 +7.255477138e+25 +7.255477138e+25 +8.5179e+12 +0.0000e+00 +0.0000e+00 +0.0000e+00 +0.0000e+00 +0.0000e+00 +0.0000e+00 +0.0000e+00 +0.0000e+00 +0.0000e+00
14 +4.470162362e+25 +4.470162362e+25 +4.470162362e+25 +4.470162362e+25 +6.6859e+12 +0.0000e+00 +0.0000e+00 +0.0000e+00 +0.0000e+00 +0.0000e+00 +0.0000e+00 +0.0000e+00 +0.0000e+00 +0.0000e+00
26 +2.646831878e+25 +2.646831878e+25 +2.646831878e+25 +2.646831878e+25 +5.1447e+12 +0.0000e+00 +0.0000e+00 +0.0000e+00 +0.0000e+00 +0.0000e+00 +0.0000e+00 +0.0000e+00 +0.0000e+00 +0.0000e+00
38 +1.784417392e+25 +1.784417392e+25 +1.784417392e+25 +1.784417392e+25 +4.2242e+12 +0.0000e+00 +0.0000e+00 +0.0000e+00 +0.0000e+00 +0.0000e+00 +0.0000e+00 +0.0000e+00 +0.0000e+00 +0.0000e+00
56 +1.310361214e+24 +1.310361214e+24 +1.310361214e+24 +1.310361214e+24 +1.1447e+12 +0.0000e+00 +0.0000e+00 +0.0000e+00 +0.0000e+00 +0.0000e+00 +0.0000e+00 +0.0000e+00 +0.0000e+00 +0.0000e+00
% function evaluation | noise-free fitness - Fopt (4.453500000000e+02) | best noise-free fitness - Fopt | measured fitness | best measured fitness | x1 | x2...
1 +5.738886412e+26 +5.738886412e+26 +5.738886412e+26 +5.738886412e+26 +2.3956e+13 +0.0000e+00 +0.0000e+00 +0.0000e+00 +0.0000e+00 +0.0000e+00 +0.0000e+00 +0.0000e+00 +0.0000e+00 +0.0000e+00
2 +4.979556094e+25 +4.979556094e+25 +4.979556094e+25 +4.979556094e+25 +7.0566e+12 +0.0000e+00 +0.0000e+00 +0.0000e+00 +0.0000e+00 +0.0000e+00 +0.0000e+00 +0.0000e+00 +0.0000e+00 +0.0000e+00
11 +1.655687011e+25 +1.655687011e+25 +1.655687011e+25 +1.655687011e+25 +4.0690e+12 +0.0000e+00 +0.0000e+00 +0.0000e+00 +0.0000e+00 +0.0000e+00 +0.0000e+00 +0.0000e+00 +0.0000e+00 +0.0000e+00
12 +5.548629041e+22 +5.548629041e+22 +5.548629041e+22 +5.548629041e+22 +2.3556e+11 +0.0000e+00 +0.0000e+00 +0.0000e+00 +0.0000e+00 +0.0000e+00 +0.0000e+00 +0.0000e+00 +0.0000e+00 +0.0000e+00
30 +5.633078221e+21 +5.633078221e+21 +5.633078221e+21 +5.633078221e+21 +7.5054e+10 +0.0000e+00 +0.0000e+00 +0.0000e+00 +0.0000e+00 +0.0000e+00 +0.0000e+00 +0.0000e+00 +0.0000e+00 +0.0000e+00
123 +3.954618290e+21 +3.954618290e+21 +3.954618290e+21 +3.954618290e+21 +6.2886e+10 +0.0000e+00 +0.0000e+00 +0.0000e+00 +0.0000e+00 +0.0000e+00 +0.0000e+00 +0.0000e+00 +0.0000e+00 +0.0000e+00
