% function evaluation | noise-free fitness - Fopt (7.948000000000e+01) | best noise-free fitness - Fopt | measured fitness | best measured fitness | x1 | x2...
1 +2.894895670e+03 +2.894895670e+03 +2.974375670e+03 +2.974375670e+03 +1.7000e+01 +1.7000e+01 +6.0000e+00 +3.0000e+01 +6.0000e+00 +0.0000e+00 +0.0000e+00 +1.7000e+01 +2.1000e+01 +2.1000e+01
2 +2.035225270e+03 +2.035225270e+03 +2.114705270e+03 +2.114705270e+03 +1.4000e+01 +1.4000e+01 +8.0000e+00 +9.0000e+00 +8.0000e+00 +2.3000e+01 +2.3000e+01 +1.4000e+01 +6.0000e+00 +6.0000e+00
6 +1.151753270e+03 +1.151753270e+03 +1.231233270e+03 +1.231233270e+03 +1.5000e+01 +0.0000e+00 +5.0000e+00 +1.3000e+01 +1.3000e+01 +5.0000e+00 +8.0000e+00 +1.3000e+01 +1.3000e+01 +5.0000e+00
14 +5.506332698e+02 +5.506332698e+02 +6.301132698e+02 +6.301132698e+02 +3.0000e+00 +1.1000e+01 +0.0000e+00 +3.0000e+00 +6.0000e+00 +6.0000e+00 +6.0000e+00 +3.0000e+00 +1.1000e+01 +6.0000e+00
22 +2.999212698e+02 +2.999212698e+02 +3.794012698e+02 +3.794012698e+02 +9.0000e+00 +0.0000e+00 +4.0000e+00 +4.0000e+00 +9.0000e+00 +1.0000e+00 +1.0000e+00 +1.0000e+00 +1.0000e+00 +4.0000e+00
26 +1.357964698e+02 +1.357964698e+02 +2.152764698e+02 +2.152764698e+02 +0.0000e+00 +0.0000e+00 +0.0000e+00 +8.0000e+00 +3.0000e+00 +3.0000e+00 +0.0000e+00 +0.0000e+00 +3.0000e+00 +3.0000e+00
42 +2.503646976e+01 +2.503646976e+01 +1.045164698e+02 +1.045164698e+02 +0.0000e+00 +0.0000e+00 +0.0000e+00 +0.0000e+00 +0.0000e+00 +0.0000e+00 +0.0000e+00 +0.0000e+00 +0.0000e+00 +0.0000e+00
% function evaluation | noise-free fitness - Fopt (3.944800000000e+02) | best noise-free fitness - Fopt | measured fitness | best measured fitness | x1 | x2...
1 +3.798276975e+03 +3.798276975e+03 +4.192756975e+03 +4.192756975e+03 +1.7000e+01 +2.9000e+01 +0.0000e+00 +0.0000e+00 +0.0000e+00 +1.9000e+01 +1.9000e+01 +2.9000e+01 +2.0000e+01 +1.3000e+01
7 +2.395288175e+03 +2.395288175e+03 +2.789768175e+03 +2.789768175e+03 +7.0000e+00 +1.2000e+01 +1.8000e+01 +1.8000e+01 +1.3000e+01 +2.4000e+01 +4.0000e+00 +3.0000e+00 +4.0000e+00 +1.8000e+01
29 +7.350865754e+02 +7.350865754e+02 +1.129566575e+03 +1.129566575e+03 +3.0000e+00 +4.0000e+00 +4.0000e+00 +4.0000e+00 +1.2000e+01 +0.0000e+00 +0.0000e+00 +4.0000e+00 +1.2000e+01 +1.2000e+01
49 +4.834417754e+02 +4.834417754e+02 +8.779217754e+02 +8.779217754e+02 +6.0000e+00 +0.0000e+00 +7.0000e+00 +7.0000e+00 +0.0000e+00 +0.0000e+00 +6.0000e+00 +7.0000e+00 +7.0000e+00 +7.0000e+00
61 +3.042433754e+02 +3.042433754e+02 +6.987233754e+02 +6.987233754e+02 +4.0000e+00 +4.0000e+00 +3.0000e+00 +4.0000e+00 +4.0000e+00 +4.0000e+00 +3.0000e+00 +4.0000e+00 +4.0000e+00 +3.0000e+00
65 +2.099233754e+02 +2.099233754e+02 +6.044033754e+02 +6.044033754e+02 +2.0000e+00 +2.0000e+00 +3.0000e+00 +3.0000e+00 +3.0000e+00 +2.0000e+00 +2.0000e+00 +3.0000e+00 +3.0000e+00 +3.0000e+00
73 +1.143441754e+02 +1.143441754e+02 +5.088241754e+02 +5.088241754e+02 +1.0000e+00 +0.0000e+00 +1.0000e+00 +0.0000e+00 +0.0000e+00 +0.0000e+00 +1.0000e+00 +1.0000e+00 +1.0000e+00 +1.0000e+00
77 +8.939697536e+01 +8.939697536e+01 +4.838769754e+02 +4.838769754e+02 +0.0000e+00 +0.0000e+00 +0.0000e+00 +0.0000e+00 +0.0000e+00 +0.0000e+00 +0.0000e+00 +0.0000e+00 +0.0000e+00 +0.0000e+00
% function evaluation | noise-free fitness - Fopt (-2.471100000000e+02) | best noise-free fitness - Fopt | measured fitness | best measured fitness | x1 | x2...
1 +3.822263718e+03 +3.822263718e+03 +3.575153718e+03 +3.575153718e+03 +5.0000e+00 +2.3000e+01 +2.1000e+01 +1.4000e+01 +2.8000e+01 +2.5000e+01 +2.5000e+01 +1.0000e+00 +2.1000e+01 +7.0000e+00
4 +2.329073318e+03 +2.329073318e+03 +2.081963318e+03 +2.081963318e+03 +1.6000e+01 +5.0000e+00 +0.0000e+00 +1.9000e+01 +4.0000e+00 +1.2000e+01 +1.2000e+01 +2.3000e+01 +1.1000e+01 +2.1000e+01
24 +1.529986918e+03 +1.529986918e+03 +1.282876918e+03 +1.282876918e+03 +1.1000e+01 +1.1000e+01 +1.2000e+01 +1.2000e+01 +1.1000e+01 +1.1000e+01 +1.1000e+01 +1.1000e+01 +1.2000e+01 +1.2000e+01
36 +8.846173178e+02 +8.846173178e+02 +6.375073178e+02 +6.375073178e+02 +9.0000e+00 +8.0000e+00 +9.0000e+00 +8.0000e+00 +8.0000e+00 +8.0000e+00 +8.0000e+00 +8.0000e+00 +9.0000e+00 +8.0000e+00
44 +5.468749178e+02 +5.468749178e+02 +2.997649178e+02 +2.997649178e+02 +6.0000e+00 +6.0000e+00 +6.0000e+00 +6.0000e+00 +6.0000e+00 +7.0000e+00 +6.0000e+00 +7.0000e+00 +6.0000e+00 +6.0000e+00
48 +3.942669178e+02 +3.942669178e+02 +1.471569178e+02 +1.471569178e+02 +5.0000e+00 +5.0000e+00 +5.0000e+00 +5.0000e+00 +5.0000e+00 +5.0000e+00 +5.0000e+00 +5.0000e+00 +5.0000e+00 +5.0000e+00
56 +2.074477178e+02 +2.074477178e+02 -3.966228224e+01 -3.966228224e+01 +3.0000e+00 +3.0000e+00 +3.0000e+00 +3.0000e+00 +3.0000e+00 +3.0000e+00 +3.0000e+00 +3.0000e+00 +3.0000e+00 +3.0000e+00
60 +1.440381178e+02 +1.440381178e+02 -1.030718822e+02 -1.030718822e+02 +2.0000e+00 +2.0000e+00 +2.0000e+00 +2.0000e+00 +2.0000e+00 +2.0000e+00 +2.0000e+00 +2.0000e+00 +2.0000e+00 +2.0000e+00
68 +7.721891776e+01 +7.721891776e+01 -1.698910822e+02 -1.698910822e+02 +0.0000e+00 +0.0000e+00 +0.0000e+00 +0.0000e+00 +0.0000e+00 +0.0000e+00 +0.0000e+00 +0.0000e+00 +0.0000e+00 +0.0000e+00
% function evaluation | noise-free fitness - Fopt (-1.520400000000e+02) | best noise-free fitness - Fopt | measured fitness | best measured fitness | x1 | x2...
1 +3.553034342e+03 +3.553034342e+03 +3.400994342e+03 +3.400994342e+03 +3.0000e+00 +2.5000e+01 +3.0000e+01 +1.8000e+01 +2.7000e+01 +1.2000e+01 +1.9000e+01 +1.2000e+01 +1.9000e+01 +0.0000e+00
3 +8.974807418e+02 +8.974807418e+02 +7.454407418e+02 +7.454407418e+02 +0.0000e+00 +1.4000e+01 +8.0000e+00 +1.9000e+01 +1.2000e+01 +1.1000e+01 +1.0000e+00 +1.1000e+01 +1.0000e+00 +4.0000e+00
15 +4.868631418e+02 +4.868631418e+02 +3.348231418e+02 +3.348231418e+02 +9.0000e+00 +9.0000e+00 +8.0000e+00 +9.0000e+00 +9.0000e+00 +8.0000e+00 +0.0000e+00 +0.0000e+00 +8.0000e+00 +8.0000e+00
23 +2.375527418e+02 +2.375527418e+02 +8.551274176e+01 +8.551274176e+01 +8.0000e+00 +2.0000e+00 +3.0000e+00 +7.0000e+00 +3.0000e+00 +0.0000e+00 +6.0000e+00 +6.0000e+00 +0.0000e+00 +7.0000e+00
31 +9.999594176e+01 +9.999594176e+01 -5.204405824e+01 -5.204405824e+01 +2.0000e+00 +0.0000e+00 +0.0000e+00 +2.0000e+00 +1.0000e+00 +0.0000e+00 +2.0000e+00 +6.0000e+00 +6.0000e+00 +4.0000e+00
35 +4.741354176e+01 +4.741354176e+01 -1.046264582e+02 -1.046264582e+02 +0.0000e+00 +5.0000e+00 +0.0000e+00 +3.0000e+00 +1.0000e+00 +0.0000e+00 +0.0000e+00 +3.0000e+00 +1.0000e+00 +5.0000e+00
% function evaluation | noise-free fitness - Fopt (-2.525000000000e+01) | best noise-free fitness - Fopt | measured fitness | best measured fitness | x1 | x2...
1 +1.675642943e+03 +1.675642943e+03 +1.650392943e+03 +1.650392943e+03 +4.0000e+00 +2.0000e+00 +7.0000e+00 +6.0000e+00 +7.0000e+00 +1.0000e+00 +6.0000e+00 +1.0000e+00 +2.5000e+01 +2.7000e+01
5 +1.581623743e+03 +1.581623743e+03 +1.556373743e+03 +1.556373743e+03 +0.0000e+00 +5.0000e+00 +5.0000e+00 +2.4000e+01 +3.0000e+00 +5.0000e+00 +1.0000e+00 +6.0000e+00 +5.0000e+00 +2.4000e+01
35 +9.824141434e+02 +9.824141434e+02 +9.571641434e+02 +9.571641434e+02 +6.0000e+00 +8.0000e+00 +0.0000e+00 +0.0000e+00 +1.4000e+01 +0.0000e+00 +1.4000e+01 +1.4000e+01 +0.0000e+00 +1.4000e+01
39 +3.074637434e+02 +3.074637434e+02 +2.822137434e+02 +2.822137434e+02 +8.0000e+00 +5.0000e+00 +0.0000e+00 +0.0000e+00 +0.0000e+00 +0.0000e+00 +1.3000e+01 +0.0000e+00 +0.0000e+00 +0.0000e+00
43 +2.426253434e+02 +2.426253434e+02 +2.173753434e+02 +2.173753434e+02 +4.0000e+00 +0.0000e+00 +0.0000e+00 +0.0000e+00 +7.0000e+00 +0.0000e+00 +1.2000e+01 +0.0000e+00 +0.0000e+00 +0.0000e+00
51 +1.413181434e+02 +1.413181434e+02 +1.160681434e+02 +1.160681434e+02 +1.0000e+00 +0.0000e+00 +5.0000e+00 +0.0000e+00 +1.0000e+00 +3.0000e+00 +0.0000e+00 +5.0000e+00 +5.0000e+00 +0.0000e+00
63 +9.570374336e+01 +9.570374336e+01 +7.045374336e+01 +7.045374336e+01 +2.0000e+00 +0.0000e+00 +0.0000e+00 +2.0000e+00 +0.0000e+00 +2.0000e+00 +2.0000e+00 +2.0000e+00 +0.0000e+00 +2.0000e+00
65 +5.808614336e+01 +5.808614336e+01 +3.283614336e+01 +3.283614336e+01 +0.0000e+00 +0.0000e+00 +0.0000e+00 +0.0000e+00 +7.0000e+00 +0.0000e+00 +1.0000e+00 +0.0000e+00 +0.0000e+00 +0.0000e+00
% function evaluation | noise-free fitness - Fopt (2.230000000000e+00) | best noise-free fitness - Fopt | measured fitness | best measured fitness | x1 | x2...
1 +2.013128606e+03 +2.013128606e+03 +2.015358606e+03 +2.015358606e+03 +4.0000e+00 +2.4000e+01 +1.1000e+01 +2.0000e+01 +2.0000e+01 +1.0000e+00 +8.0000e+00 +1.0000e+01 +1.1000e+01 +8.0000e+00
19 +1.151050206e+03 +1.151050206e+03 +1.153280206e+03 +1.153280206e+03 +5.0000e+00 +5.0000e+00 +2.1000e+01 +5.0000e+00 +5.0000e+00 +5.0000e+00 +5.0000e+00 +5.0000e+00 +5.0000e+00 +2.1000e+01
23 +5.162294061e+02 +5.162294061e+02 +5.184594061e+02 +5.184594061e+02 +2.0000e+01 +4.0000e+00 +4.0000e+00 +4.0000e+00 +4.0000e+00 +4.0000e+00 +4.0000e+00 +4.0000e+00 +4.0000e+00 +4.0000e+00
39 +6.484380608e+01 +6.484380608e+01 +6.707380608e+01 +6.707380608e+01 +0.0000e+00 +0.0000e+00 +0.0000e+00 +0.0000e+00 +0.0000e+00 +0.0000e+00 +0.0000e+00 +0.0000e+00 +0.0000e+00 +0.0000e+00
% function evaluation | noise-free fitness - Fopt (-1.308000000000e+01) | best noise-free fitness - Fopt | measured fitness | best measured fitness | x1 | x2...
1 +3.449185667e+03 +3.449185667e+03 +3.436105667e+03 +3.436105667e+03 +2.9000e+01 +1.3000e+01 +2.2000e+01 +2.2000e+01 +1.7000e+01 +6.0000e+00 +1.3000e+01 +1.7000e+01 +2.2000e+01 +1.4000e+01
7 +1.831092867e+03 +1.831092867e+03 +1.818012867e+03 +1.818012867e+03 +3.0000e+00 +1.6000e+01 +2.0000e+00 +1.9000e+01 +1.9000e+01 +1.9000e+01 +1.9000e+01 +2.0000e+00 +0.0000e+00 +0.0000e+00
19 +1.457195267e+03 +1.457195267e+03 +1.444115267e+03 +1.444115267e+03 +0.0000e+00 +0.0000e+00 +1.6000e+01 +0.0000e+00 +1.6000e+01 +1.3000e+01 +0.0000e+00 +1.6000e+01 +0.0000e+00 +1.6000e+01
31 +4.468080672e+02 +4.468080672e+02 +4.337280672e+02 +4.337280672e+02 +1.3000e+01 +0.0000e+00 +0.0000e+00 +0.0000e+00 +0.0000e+00 +0.0000e+00 +1.3000e+01 +0.0000e+00 +1.0000e+01 +0.0000e+00
35 +2.207600672e+02 +2.207600672e+02 +2.076800672e+02 +2.076800672e+02 +4.0000e+00 +8.0000e+00 +0.0000e+00 +0.0000e+00 +0.0000e+00 +0.0000e+00 +9.0000e+00 +0.0000e+00 +0.0000e+00 +0.0000e+00
39 +1.066272672e+02 +1.066272672e+02 +9.354726720e+01 +9.354726720e+01 +0.0000e+00 +3.0000e+00 +0.0000e+00 +0.0000e+00 +0.0000e+00 +0.0000e+00 +7.0000e+00 +0.0000e+00 +0.0000e+00 +0.0000e+00
43 +8.862406720e+01 +8.862406720e+01 +7.554406720e+01 +7.554406720e+01 +0.0000e+00 +0.0000e+00 +0.0000e+00 +0.0000e+00 +0.0000e+00 +0.0000e+00 +0.0000e+00 +2.0000e+00 +0.0000e+00 +2.0000e+00
47 +5.356486720e+01 +5.356486720e+01 +4.048486720e+01 +4.048486720e+01 +0.0000e+00 +0.0000e+00 +0.0000e+00 +1.0000e+00 +0.0000e+00 +0.0000e+00 +0.0000e+00 +0.0000e+00 +0.0000e+00 +0.0000e+00
% function evaluation | noise-free fitness - Fopt (2.671600000000e+02) | best noise-free fitness - Fopt | measured fitness | best measured fitness | x1 | x2...
1 +1.497977157e+03 +1.497977157e+03 +1.765137157e+03 +1.765137157e+03 +1.4000e+01 +1.0000e+01 +4.0000e+00 +1.4000e+01 +0.0000e+00 +9.0000e+00 +1.4000e+01 +1.5000e+01 +4.0000e+00 +1.0000e+01
9 +6.698219571e+02 +6.698219571e+02 +9.369819571e+02 +9.369819571e+02 +7.0000e+00 +0.0000e+00 +2.0000e+00 +7.0000e+00 +2.0000e+00 +7.0000e+00 +2.0000e+00 +1.0000e+01 +7.0000e+00 +1.2000e+01
13 +5.897579571e+02 +5.897579571e+02 +8.569179571e+02 +8.569179571e+02 +1.4000e+01 +1.0000e+00 +1.0000e+00 +1.0000e+00 +1.0000e+00 +9.0000e+00 +6.0000e+00 +6.0000e+00 +1.0000e+00 +6.0000e+00
25 +3.349499571e+02 +3.349499571e+02 +6.021099571e+02 +6.021099571e+02 +3.0000e+00 +3.0000e+00 +3.0000e+00 +3.0000e+00 +1.4000e+01 +0.0000e+00 +0.0000e+00 +3.0000e+00 +3.0000e+00 +3.0000e+00
33 +9.494675712e+01 +9.494675712e+01 +3.621067571e+02 +3.621067571e+02 +0.0000e+00 +1.0000e+00 +1.0000e+00 +1.0000e+00 +1.0000e+00 +1.0000e+00 +1.0000e+00 +1.0000e+00 +0.0000e+00 +1.0000e+00
% function evaluation | noise-free fitness - Fopt (3.710000000000e+00) | best noise-free fitness - Fopt | measured fitness | best measured fitness | x1 | x2...
1 +4.629057465e+03 +4.629057465e+03 +4.632767465e+03 +4.632767465e+03 +1.3000e+01 +4.0000e+00 +2.3000e+01 +2.7000e+01 +2.3000e+01 +2.8000e+01 +2.2000e+01 +2.0000e+01 +2.0000e+01 +2.7000e+01
4 +2.243089465e+03 +2.243089465e+03 +2.246799465e+03 +2.246799465e+03 +2.4000e+01 +1.2000e+01 +4.0000e+00 +1.8000e+01 +4.0000e+00 +2.0000e+00 +2.5000e+01 +1.0000e+01 +1.0000e+01 +1.8000e+01
8 +1.451177465e+03 +1.451177465e+03 +1.454887465e+03 +1.454887465e+03 +1.9000e+01 +1.0000e+00 +2.3000e+01 +9.0000e+00 +3.0000e+00 +9.0000e+00 +3.0000e+00 +1.7000e+01 +1.0000e+00 +1.7000e+01
36 +9.715214650e+02 +9.715214650e+02 +9.752314650e+02 +9.752314650e+02 +1.0000e+01 +1.0000e+01 +1.0000e+01 +1.0000e+01 +1.0000e+01 +1.0000e+01 +1.0000e+01 +1.0000e+01 +1.0000e+01 +1.0000e+01
44 +6.273966650e+02 +6.273966650e+02 +6.311066650e+02 +6.311066650e+02 +8.0000e+00 +8.0000e+00 +8.0000e+00 +8.0000e+00 +8.0000e+00 +8.0000e+00 +8.0000e+00 +8.0000e+00 +8.0000e+00 +8.0000e+00
52 +3.632718650e+02 +3.632718650e+02 +3.669818650e+02 +3.669818650e+02 +6.0000e+00 +6.0000e+00 +6.0000e+00 +6.0000e+00 +6.0000e+00 +6.0000e+00 +6.0000e+00 +6.0000e+00 +6.0000e+00 +6.0000e+00
60 +1.791470650e+02 +1.791470650e+02 +1.828570650e+02 +1.828570650e+02 +4.0000e+00 +4.0000e+00 +4.0000e+00 +4.0000e+00 +4.0000e+00 +4.0000e+00 +4.0000e+00 +4.0000e+00 +4.0000e+00 +4.0000e+00
64 +1.170846650e+02 +1.170846650e+02 +1.207946650e+02 +1.207946650e+02 +3.0000e+00 +3.0000e+00 +3.0000e+00 +3.0000e+00 +3.0000e+00 +3.0000e+00 +3.0000e+00 +3.0000e+00 +3.0000e+00 +3.0000e+00
68 +7.502226496e+01 +7.502226496e+01 +7.873226496e+01 +7.873226496e+01 +2.0000e+00 +2.0000e+00 +2.0000e+00 +2.0000e+00 +2.0000e+00 +2.0000e+00 +2.0000e+00 +2.0000e+00 +2.0000e+00 +2.0000e+00
72 +5.295986496e+01 +5.295986496e+01 +5.666986496e+01 +5.666986496e+01 +1.0000e+00 +1.0000e+00 +1.0000e+00 +1.0000e+00 +1.0000e+00 +1.0000e+00 +1.0000e+00 +1.0000e+00 +1.0000e+00 +1.0000e+00
% function evaluation | noise-free fitness - Fopt (9.478000000000e+01) | best noise-free fitness - Fopt | measured fitness | best measured fitness | x1 | x2...
1 +2.974335308e+03 +2.974335308e+03 +3.069115308e+03 +3.069115308e+03 +5.0000e+00 +1.0000e+01 +1.9000e+01 +1.8000e+01 +2.1000e+01 +2.4000e+01 +2.1000e+01 +1.7000e+01 +2.1000e+01 +2.1000e+01
2 +1.812442508e+03 +1.812442508e+03 +1.907222508e+03 +1.907222508e+03 +2.6000e+01 +2.4000e+01 +0.0000e+00 +0.0000e+00 +6.0000e+00 +1.3000e+01 +6.0000e+00 +1.2000e+01 +6.0000e+00 +1.4000e+01
6 +4.793049082e+02 +4.793049082e+02 +5.740849082e+02 +5.740849082e+02 +0.0000e+00 +0.0000e+00 +2.3000e+01 +5.0000e+00 +0.0000e+00 +0.0000e+00 +5.0000e+00 +5.0000e+00 +0.0000e+00 +5.0000e+00
38 +3.211753082e+02 +3.211753082e+02 +4.159553082e+02 +4.159553082e+02 +2.0000e+00 +7.0000e+00 +0.0000e+00 +3.0000e+00 +3.0000e+00 +6.0000e+00 +0.0000e+00 +1.0000e+00 +0.0000e+00 +1.3000e+01
42 +1.331545082e+02 +1.331545082e+02 +2.279345082e+02 +2.279345082e+02 +2.0000e+00 +0.0000e+00 +5.0000e+00 +1.0000e+00 +6.0000e+00 +2.0000e+00 +2.0000e+00 +1.0000e+00 +2.0000e+00 +1.2000e+01
47 +6.600250816e+01 +6.600250816e+01 +1.607825082e+02 +1.607825082e+02 +1.0000e+00 +1.0000e+00 +1.0000e+00 +1.0000e+00 +1.0000e+00 +1.0000e+00 +1.0000e+00 +1.0000e+00 +1.0000e+00 +1.0000e+00
49 +6.162490816e+01 +6.162490816e+01 +1.564049082e+02 +1.564049082e+02 +1.0000e+00 +1.0000e+00 +1.0000e+00 +1.0000e+00 +1.0000e+00 +1.0000e+00 +1.0000e+00 +1.0000e+00 +1.0000e+00 +3.0000e+00
% function evaluation | noise-free fitness - Fopt (2.339200000000e+02) | best noise-free fitness - Fopt | measured fitness | best measured fitness | x1 | x2...
1 +1.932180848e+03 +1.932180848e+03 +2.166100848e+03 +2.166100848e+03 +1.0000e+00 +7.0000e+00 +6.0000e+00 +1.7000e+01 +1.1000e+01 +2.7000e+01 +1.1000e+01 +2.4000e+01 +6.0000e+00 +8.0000e+00
9 +4.510656480e+02 +4.510656480e+02 +6.849856480e+02 +6.849856480e+02 +9.0000e+00 +1.0000e+00 +5.0000e+00 +7.0000e+00 +1.0000e+00 +7.0000e+00 +7.0000e+00 +7.0000e+00 +7.0000e+00 +1.0000e+00
13 +2.716112480e+02 +2.716112480e+02 +5.055312480e+02 +5.055312480e+02 +6.0000e+00 +6.0000e+00 +0.0000e+00 +0.0000e+00 +6.0000e+00 +6.0000e+00 +6.0000e+00 +6.0000e+00 +6.0000e+00 +0.0000e+00
17 +2.348544480e+02 +2.348544480e+02 +4.687744480e+02 +4.687744480e+02 +5.0000e+00 +0.0000e+00 +5.0000e+00 +0.0000e+00 +5.0000e+00 +5.0000e+00 +5.0000e+00 +5.0000e+00 +5.0000e+00 +0.0000e+00
25 +1.495184480e+02 +1.495184480e+02 +3.834384480e+02 +3.834384480e+02 +3.0000e+00 +3.0000e+00 +3.0000e+00 +3.0000e+00 +3.0000e+00 +3.0000e+00 +3.0000e+00 +3.0000e+00 +3.0000e+00 +0.0000e+00
29 +9.444644800e+01 +9.444644800e+01 +3.283664480e+02 +3.283664480e+02 +2.0000e+00 +2.0000e+00 +2.0000e+00 +2.0000e+00 +2.0000e+00 +2.0000e+00 +2.0000e+00 +2.0000e+00 +2.0000e+00 +2.0000e+00
33 +6.083844800e+01 +6.083844800e+01 +2.947584480e+02 +2.947584480e+02 +1.0000e+00 +1.0000e+00 +1.0000e+00 +1.0000e+00 +1.0000e+00 +1.0000e+00 +1.0000e+00 +1.0000e+00 +1.0000e+00 +1.0000e+00
% function evaluation | noise-free fitness - Fopt (-6.092000000000e+01) | best noise-free fitness - Fopt | measured fitness | best measured fitness | x1 | x2...
1 +2.934608268e+03 +2.934608268e+03 +2.873688268e+03 +2.873688268e+03 +2.0000e+01 +5.0000e+00 +2.3000e+01 +8.0000e+00 +2.6000e+01 +8.0000e+00 +2.6000e+01 +1.3000e+01 +1.3000e+01 +1.2000e+01
13 +1.422096268e+03 +1.422096268e+03 +1.361176268e+03 +1.361176268e+03 +1.0000e+01 +1.0000e+01 +2.6000e+01 +1.0000e+01 +1.0000e+01 +5.0000e+00 +1.0000e+01 +1.0000e+01 +1.0000e+01 +1.0000e+01
29 +7.663266682e+02 +7.663266682e+02 +7.054066682e+02 +7.054066682e+02 +6.0000e+00 +6.0000e+00 +6.0000e+00 +6.0000e+00 +6.0000e+00 +2.2000e+01 +6.0000e+00 +6.0000e+00 +6.0000e+00 +6.0000e+00
37 +6.122434682e+02 +6.122434682e+02 +5.513234682e+02 +5.513234682e+02 +4.0000e+00 +4.0000e+00 +4.0000e+00 +2.0000e+01 +4.0000e+00 +4.0000e+00 +4.0000e+00 +4.0000e+00 +4.0000e+00 +4.0000e+00
45 +3.715554682e+02 +3.715554682e+02 +3.106354682e+02 +3.106354682e+02 +1.8000e+01 +2.0000e+00 +2.0000e+00 +2.0000e+00 +2.0000e+00 +2.0000e+00 +2.0000e+00 +2.0000e+00 +2.0000e+00 +2.0000e+00
57 +1.702562682e+02 +1.702562682e+02 +1.093362682e+02 +1.093362682e+02 +0.0000e+00 +0.0000e+00 +1.5000e+01 +0.0000e+00 +0.0000e+00 +0.0000e+00 +0.0000e+00 +0.0000e+00 +0.0000e+00 +0.0000e+00
65 +4.761626816e+01 +4.761626816e+01 -1.330373184e+01 -1.330373184e+01 +0.0000e+00 +0.0000e+00 +0.0000e+00 +0.0000e+00 +0.0000e+00 +0.0000e+00 +0.0000e+00 +0.0000e+00 +0.0000e+00 +0.0000e+00
% function evaluation | noise-free fitness - Fopt (-1.948000000000e+01) | best noise-free fitness - Fopt | measured fitness | best measured fitness | x1 | x2...
1 +1.140195950e+03 +1.140195950e+03 +1.120715950e+03 +1.120715950e+03 +9.0000e+00 +5.0000e+00 +1.8000e+01 +1.8000e+01 +3.0000e+00 +3.0000e+00 +1.3000e+01 +3.0000e+00 +8.0000e+00 +1.3000e+01
5 +6.152439501e+02 +6.152439501e+02 +5.957639501e+02 +5.957639501e+02 +1.2000e+01 +1.7000e+01 +2.0000e+00 +7.0000e+00 +7.0000e+00 +2.0000e+00 +8.0000e+00 +4.0000e+00 +2.0000e+00 +2.0000e+00
13 +3.675671501e+02 +3.675671501e+02 +3.480871501e+02 +3.480871501e+02 +2.0000e+00 +0.0000e+00 +0.0000e+00 +0.0000e+00 +2.0000e+00 +0.0000e+00 +1.5000e+01 +0.0000e+00 +6.0000e+00 +2.0000e+00
17 +5.756555008e+01 +5.756555008e+01 +3.808555008e+01 +3.808555008e+01 +1.0000e+00 +4.0000e+00 +0.0000e+00 +0.0000e+00 +0.0000e+00 +0.0000e+00 +1.0000e+00 +1.0000e+00 +0.0000e+00 +1.0000e+00
% function evaluation | noise-free fitness - Fopt (1.344700000000e+02) | best noise-free fitness - Fopt | measured fitness | best measured fitness | x1 | x2...
1 +2.775043660e+03 +2.775043660e+03 +2.909513660e+03 +2.909513660e+03 +1.8000e+01 +1.9000e+01 +1.9000e+01 +6.0000e+00 +1.9000e+01 +1.5000e+01 +7.0000e+00 +2.4000e+01 +3.0000e+00 +1.3000e+01
3 +2.411027660e+03 +2.411027660e+03 +2.545497660e+03 +2.545497660e+03 +0.0000e+00 +1.4000e+01 +2.0000e+00 +5.0000e+00 +2.0000e+00 +1.5000e+01 +2.7000e+01 +2.5000e+01 +2.2000e+01 +5.0000e+00
9 +1.382430860e+03 +1.382430860e+03 +1.516900860e+03 +1.516900860e+03 +5.0000e+00 +1.1000e+01 +2.2000e+01 +1.1000e+01 +5.0000e+00 +1.1000e+01 +1.3000e+01 +5.0000e+00 +1.1000e+01 +5.0000e+00
13 +7.532436595e+02 +7.532436595e+02 +8.877136595e+02 +8.877136595e+02 +4.0000e+00 +1.0000e+01 +4.0000e+00 +4.0000e+00 +4.0000e+00 +1.0000e+01 +1.0000e+01 +1.2000e+01 +1.0000e+01 +4.0000e+00
21 +3.993204595e+02 +3.993204595e+02 +5.337904595e+02 +5.337904595e+02 +8.0000e+00 +2.0000e+00 +2.0000e+00 +2.0000e+00 +8.0000e+00 +8.0000e+00 +2.0000e+00 +2.0000e+00 +2.0000e+00 +2.0000e+00
25 +2.206836595e+02 +2.206836595e+02 +3.551536595e+02 +3.551536595e+02 +1.0000e+00 +1.0000e+00 +7.0000e+00 +7.0000e+00 +1.0000e+00 +1.0000e+00 +1.0000e+00 +1.0000e+00 +1.0000e+00 +1.0000e+00
29 +1.386644595e+02 +1.386644595e+02 +2.731344595e+02 +2.731344595e+02 +0.0000e+00 +0.0000e+00 +0.0000e+00 +0.0000e+00 +0.0000e+00 +0.0000e+00 +0.0000e+00 +0.0000e+00 +6.0000e+00 +0.0000e+00
45 +7.242765952e+01 +7.242765952e+01 +2.068976595e+02 +2.068976595e+02 +2.0000e+00 +2.0000e+00 +2.0000e+00 +0.0000e+00 +0.0000e+00 +2.0000e+00 +2.0000e+00 +0.0000e+00 +0.0000e+00 +0.0000e+00
% function evaluation | noise-free fitness - Fopt (4.453500000000e+02) | best noise-free fitness - Fopt | measured fitness | best measured fitness | x1 | x2...
1 +6.612540705e+03 +6.612540705e+03 +7.057890705e+03 +7.057890705e+03 +2.8000e+01 +2.2000e+01 +2.9000e+01 +2.3000e+01 +3.0000e+01 +2.9000e+01 +2.3000e+01 +7.0000e+00 +2.9000e+01 +3.0000e+01
2 +1.496428705e+03 +1.496428705e+03 +1.941778705e+03 +1.941778705e+03 +2.0000e+00 +0.0000e+00 +2.3000e+01 +2.0000e+00 +0.0000e+00 +2.3000e+01 +2.0000e+00 +3.0000e+00 +2.3000e+01 +0.0000e+00
34 +9.817567053e+02 +9.817567053e+02 +1.427106705e+03 +1.427106705e+03 +0.0000e+00 +0.0000e+00 +0.0000e+00 +1.5000e+01 +0.0000e+00 +0.0000e+00 +1.5000e+01 +1.5000e+01 +1.5000e+01 +0.0000e+00
50 +2.080111053e+02 +2.080111053e+02 +6.533611053e+02 +6.533611053e+02 +1.0000e+00 +8.0000e+00 +0.0000e+00 +0.0000e+00 +9.0000e+00 +1.1000e+01 +0.0000e+00 +0.0000e+00 +9.0000e+00 +0.0000e+00
58 +1.328543053e+02 +1.328543053e+02 +5.782043053e+02 +5.782043053e+02 +2.0000e+00 +4.0000e+00 +0.0000e+00 +0.0000e+00 +7.0000e+00 +7.0000e+00 +0.0000e+00 +7.0000e+00 +7.0000e+00 +0.0000e+00
62 +9.021750528e+01 +9.021750528e+01 +5.355675053e+02 +5.355675053e+02 +0.0000e+00 +0.0000e+00 +0.0000e+00 +0.0000e+00 +6.0000e+00 +6.0000e+00 +1.0000e+00 +6.0000e+00 +0.0000e+00 +1.0000e+00
78 +6.307990528e+01 +6.307990528e+01 +5.084299053e+02 +5.084299053e+02 +2.0000e+00 +2.0000e+00 +2.0000e+00 +0.0000e+00 +2.0000e+00 +2.0000e+00 +0.0000e+00 +0.0000e+00 +0.0000e+00 +0.0000e+00
