% function evaluation | noise-free fitness - Fopt (7.948000000000e+01) | best noise-free fitness - Fopt | measured fitness | best measured fitness | x1 | x2...
1 +8.059310417e+03 +8.059310417e+03 +8.138790417e+03 +8.138790417e+03 +3.1000e+01 +1.7000e+01 +2.7000e+01 +5.0000e+00 +4.0000e+00 +4.0000e+00 +2.5000e+01 +3.0000e+01 +1.6000e+01 +3.0000e+01 +2.5000e+01 +1.1000e+01 +1.2000e+01 +1.6000e+01 +5.0000e+00 +4.0000e+00 +7.0000e+00 +3.0000e+01 +2.5000e+01 +5.0000e+00
22 +5.401347217e+03 +5.401347217e+03 +5.480827217e+03 +5.480827217e+03 +1.8000e+01 +1.8000e+01 +1.8000e+01 +2.2000e+01 +1.8000e+01 +1.8000e+01 +2.2000e+01 +1.8000e+01 +1.8000e+01 +0.0000e+00 +0.0000e+00 +0.0000e+00 +1.8000e+01 +0.0000e+00 +0.0000e+00 +1.8000e+01 +1.8000e+01 +1.8000e+01 +1.8000e+01 +2.2000e+01
42 +3.502075217e+03 +3.502075217e+03 +3.581555217e+03 +3.581555217e+03 +1.3000e+01 +1.3000e+01 +1.3000e+01 +1.3000e+01 +1.3000e+01 +1.3000e+01 +1.3000e+01 +1.3000e+01 +1.3000e+01 +1.3000e+01 +1.3000e+01 +1.3000e+01 +1.3000e+01 +1.3000e+01 +1.3000e+01 +1.3000e+01 +1.3000e+01 +1.3000e+01 +1.3000e+01 +1.3000e+01
54 +2.114620817e+03 +2.114620817e+03 +2.194100817e+03 +2.194100817e+03 +1.0000e+01 +1.0000e+01 +1.0000e+01 +1.0000e+01 +1.0000e+01 +1.0000e+01 +1.0000e+01 +1.0000e+01 +1.0000e+01 +1.0000e+01 +1.0000e+01 +1.0000e+01 +1.0000e+01 +1.0000e+01 +1.0000e+01 +1.0000e+01 +1.0000e+01 +1.0000e+01 +1.0000e+01 +1.0000e+01
62 +1.389651217e+03 +1.389651217e+03 +1.469131217e+03 +1.469131217e+03 +8.0000e+00 +8.0000e+00 +8.0000e+00 +8.0000e+00 +8.0000e+00 +8.0000e+00 +8.0000e+00 +8.0000e+00 +8.0000e+00 +8.0000e+00 +8.0000e+00 +8.0000e+00 +8.0000e+00 +8.0000e+00 +8.0000e+00 +8.0000e+00 +8.0000e+00 +8.0000e+00 +8.0000e+00 +8.0000e+00
70 +8.246816173e+02 +8.246816173e+02 +9.041616173e+02 +9.041616173e+02 +6.0000e+00 +6.0000e+00 +6.0000e+00 +6.0000e+00 +6.0000e+00 +6.0000e+00 +6.0000e+00 +6.0000e+00 +6.0000e+00 +6.0000e+00 +6.0000e+00 +6.0000e+00 +6.0000e+00 +6.0000e+00 +6.0000e+00 +6.0000e+00 +6.0000e+00 +6.0000e+00 +6.0000e+00 +6.0000e+00
74 +6.021968173e+02 +6.021968173e+02 +6.816768173e+02 +6.816768173e+02 +5.0000e+00 +5.0000e+00 +5.0000e+00 +5.0000e+00 +5.0000e+00 +5.0000e+00 +5.0000e+00 +5.0000e+00 +5.0000e+00 +5.0000e+00 +5.0000e+00 +5.0000e+00 +5.0000e+00 +5.0000e+00 +5.0000e+00 +5.0000e+00 +5.0000e+00 +5.0000e+00 +5.0000e+00 +5.0000e+00
82 +2.772272173e+02 +2.772272173e+02 +3.567072173e+02 +3.567072173e+02 +3.0000e+00 +3.0000e+00 +3.0000e+00 +3.0000e+00 +3.0000e+00 +3.0000e+00 +3.0000e+00 +3.0000e+00 +3.0000e+00 +3.0000e+00 +3.0000e+00 +3.0000e+00 +3.0000e+00 +3.0000e+00 +3.0000e+00 +3.0000e+00 +3.0000e+00 +3.0000e+00 +3.0000e+00 +3.0000e+00
86 +1.747424173e+02 +1.747424173e+02 +2.542224173e+02 +2.542224173e+02 +2.0000e+00 +2.0000e+00 +2.0000e+00 +2.0000e+00 +2.0000e+00 +2.0000e+00 +2.0000e+00 +2.0000e+00 +2.0000e+00 +2.0000e+00 +2.0000e+00 +2.0000e+00 +2.0000e+00 +2.0000e+00 +2.0000e+00 +2.0000e+00 +2.0000e+00 +2.0000e+00 +2.0000e+00 +2.0000e+00
90 +1.122576173e+02 +1.122576173e+02 +1.917376173e+02 +1.917376173e+02 +1.0000e+00 +1.0000e+00 +1.0000e+00 +1.0000e+00 +1.0000e+00 +1.0000e+00 +1.0000e+00 +1.0000e+00 +1.0000e+00 +1.0000e+00 +1.0000e+00 +1.0000e+00 +1.0000e+00 +1.0000e+00 +1.0000e+00 +1.0000e+00 +1.0000e+00 +1.0000e+00 +1.0000e+00 +1.0000e+00
94 +8.977281728e+01 +8.977281728e+01 +1.692528173e+02 +1.692528173e+02 +0.0000e+00 +0.0000e+00 +0.0000e+00 +0.0000e+00 +0.0000e+00 +0.0000e+00 +0.0000e+00 +0.0000e+00 +0.0000e+00 +0.0000e+00 +0.0000e+00 +0.0000e+00 +0.0000e+00 +0.0000e+00 +0.0000e+00 +0.0000e+00 +0.0000e+00 +0.0000e+00 +0.0000e+00 +0.0000e+00
% function evaluation | noise-free fitness - Fopt (3.944800000000e+02) | best noise-free fitness - Fopt | measured fitness | best measured fitness | x1 | x2...
1 +8.920402082e+03 +8.920402082e+03 +9.314882082e+03 +9.314882082e+03 +1.1000e+01 +1.5000e+01 +2.4000e+01 +2.4000e+01 +9.0000e+00 +1.0000e+01 +2.4000e+01 +2.9000e+01 +2.9000e+01 +2.9000e+01 +2.9000e+01 +1.0000e+01 +1.5000e+01 +1.4000e+01 +1.1000e+01 +2.5000e+01 +2.9000e+01 +1.9000e+01 +1.9000e+01 +1.2000e+01
4 +4.487266082e+03 +4.487266082e+03 +4.881746082e+03 +4.881746082e+03 +2.9000e+01 +1.4000e+01 +8.0000e+00 +1.6000e+01 +2.2000e+01 +8.0000e+00 +1.6000e+01 +6.0000e+00 +6.0000e+00 +6.0000e+00 +6.0000e+00 +8.0000e+00 +1.4000e+01 +1.3000e+01 +2.4000e+01 +1.6000e+01 +6.0000e+00 +1.6000e+01 +1.6000e+01 +8.0000e+00
8 +3.167507682e+03 +3.167507682e+03 +3.561987682e+03 +3.561987682e+03 +5.0000e+00 +2.1000e+01 +1.5000e+01 +1.2000e+01 +1.3000e+01 +5.0000e+00 +7.0000e+00 +5.0000e+00 +5.0000e+00 +1.3000e+01 +1.5000e+01 +1.5000e+01 +2.1000e+01 +5.0000e+00 +7.0000e+00 +1.3000e+01 +1.5000e+01 +5.0000e+00 +5.0000e+00 +1.5000e+01
12 +2.412491682e+03 +2.412491682e+03 +2.806971682e+03 +2.806971682e+03 +1.2000e+01 +6.0000e+00 +2.0000e+01 +1.1000e+01 +4.0000e+00 +6.0000e+00 +1.4000e+01 +4.0000e+00 +1.4000e+01 +1.2000e+01 +6.0000e+00 +1.2000e+01 +4.0000e+00 +6.0000e+00 +4.0000e+00 +1.2000e+01 +1.4000e+01 +1.2000e+01 +4.0000e+00 +4.0000e+00
16 +1.323658082e+03 +1.323658082e+03 +1.718138082e+03 +1.718138082e+03 +3.0000e+00 +3.0000e+00 +3.0000e+00 +1.1000e+01 +5.0000e+00 +5.0000e+00 +1.3000e+01 +1.0000e+01 +1.3000e+01 +3.0000e+00 +3.0000e+00 +1.1000e+01 +3.0000e+00 +1.3000e+01 +3.0000e+00 +3.0000e+00 +1.3000e+01 +1.0000e+01 +3.0000e+00 +3.0000e+00
24 +8.654436819e+02 +8.654436819e+02 +1.259923682e+03 +1.259923682e+03 +9.0000e+00 +9.0000e+00 +0.0000e+00 +1.1000e+01 +1.0000e+00 +1.0000e+00 +1.0000e+00 +1.0000e+00 +1.0000e+00 +1.0000e+00 +3.0000e+00 +1.0000e+00 +1.0000e+00 +0.0000e+00 +9.0000e+00 +1.0000e+00 +1.1000e+01 +1.0000e+00 +1.0000e+00 +9.0000e+00
28 +4.288708819e+02 +4.288708819e+02 +8.233508819e+02 +8.233508819e+02 +0.0000e+00 +0.0000e+00 +0.0000e+00 +1.0000e+01 +0.0000e+00 +0.0000e+00 +0.0000e+00 +0.0000e+00 +0.0000e+00 +0.0000e+00 +8.0000e+00 +1.0000e+01 +0.0000e+00 +8.0000e+00 +0.0000e+00 +0.0000e+00 +0.0000e+00 +8.0000e+00 +8.0000e+00 +0.0000e+00
36 +2.537892819e+02 +2.537892819e+02 +6.482692819e+02 +6.482692819e+02 +0.0000e+00 +0.0000e+00 +6.0000e+00 +0.0000e+00 +0.0000e+00 +0.0000e+00 +0.0000e+00 +0.0000e+00 +0.0000e+00 +0.0000e+00 +0.0000e+00 +0.0000e+00 +0.0000e+00 +6.0000e+00 +0.0000e+00 +0.0000e+00 +0.0000e+00 +0.0000e+00 +6.0000e+00 +0.0000e+00
40 +2.183428819e+02 +2.183428819e+02 +6.128228819e+02 +6.128228819e+02 +4.0000e+00 +1.0000e+00 +0.0000e+00 +0.0000e+00 +5.0000e+00 +0.0000e+00 +0.0000e+00 +0.0000e+00 +0.0000e+00 +0.0000e+00 +5.0000e+00 +0.0000e+00 +0.0000e+00 +0.0000e+00 +0.0000e+00 +5.0000e+00 +0.0000e+00 +0.0000e+00 +0.0000e+00 +0.0000e+00
44 +1.557892819e+02 +1.557892819e+02 +5.502692819e+02 +5.502692819e+02 +0.0000e+00 +0.0000e+00 +0.0000e+00 +0.0000e+00 +4.0000e+00 +0.0000e+00 +0.0000e+00 +0.0000e+00 +0.0000e+00 +0.0000e+00 +0.0000e+00 +0.0000e+00 +0.0000e+00 +0.0000e+00 +0.0000e+00 +0.0000e+00 +0.0000e+00 +0.0000e+00 +0.0000e+00 +0.0000e+00
% function evaluation | noise-free fitness - Fopt (-2.471100000000e+02) | best noise-free fitness - Fopt | measured fitness | best measured fitness | x1 | x2...
1 +2.755387796e+03 +2.755387796e+03 +2.508277796e+03 +2.508277796e+03 +6.0000e+00 +1.0000e+01 +1.0000e+01 +1.0000e+01 +1.1000e+01 +1.9000e+01 +1.0000e+01 +0.0000e+00 +0.0000e+00 +1.0000e+01 +1.0000e+01 +1.0000e+01 +6.0000e+00 +2.7000e+01 +2.1000e+01 +1.3000e+01 +0.0000e+00 +6.0000e+00 +0.0000e+00 +1.9000e+01
5 +2.144653396e+03 +2.144653396e+03 +1.897543396e+03 +1.897543396e+03 +0.0000e+00 +5.0000e+00 +2.0000e+01 +9.0000e+00 +9.0000e+00 +5.0000e+00 +1.8000e+01 +9.0000e+00 +9.0000e+00 +5.0000e+00 +1.8000e+01 +5.0000e+00 +2.0000e+01 +9.0000e+00 +9.0000e+00 +9.0000e+00 +0.0000e+00 +9.0000e+00 +5.0000e+00 +9.0000e+00
16 +1.303021396e+03 +1.303021396e+03 +1.055911396e+03 +1.055911396e+03 +0.0000e+00 +0.0000e+00 +0.0000e+00 +0.0000e+00 +1.6000e+01 +1.1000e+01 +0.0000e+00 +1.6000e+01 +0.0000e+00 +1.6000e+01 +1.6000e+01 +0.0000e+00 +0.0000e+00 +0.0000e+00 +6.0000e+00 +0.0000e+00 +0.0000e+00 +6.0000e+00 +0.0000e+00 +0.0000e+00
24 +7.296245958e+02 +7.296245958e+02 +4.825145958e+02 +4.825145958e+02 +0.0000e+00 +7.0000e+00 +0.0000e+00 +9.0000e+00 +0.0000e+00 +0.0000e+00 +4.0000e+00 +1.4000e+01 +0.0000e+00 +1.4000e+01 +0.0000e+00 +0.0000e+00 +0.0000e+00 +0.0000e+00 +0.0000e+00 +0.0000e+00 +0.0000e+00 +0.0000e+00 +0.0000e+00 +0.0000e+00
36 +4.557093958e+02 +4.557093958e+02 +2.085993958e+02 +2.085993958e+02 +0.0000e+00 +0.0000e+00 +1.1000e+01 +4.0000e+00 +0.0000e+00 +1.1000e+01 +0.0000e+00 +3.0000e+00 +0.0000e+00 +3.0000e+00 +0.0000e+00 +0.0000e+00 +0.0000e+00 +0.0000e+00 +0.0000e+00 +0.0000e+00 +1.1000e+01 +0.0000e+00 +0.0000e+00 +0.0000e+00
40 +3.477381958e+02 +3.477381958e+02 +1.006281958e+02 +1.006281958e+02 +3.0000e+00 +0.0000e+00 +0.0000e+00 +2.0000e+00 +0.0000e+00 +0.0000e+00 +2.0000e+00 +0.0000e+00 +0.0000e+00 +0.0000e+00 +0.0000e+00 +0.0000e+00 +0.0000e+00 +0.0000e+00 +0.0000e+00 +1.0000e+01 +0.0000e+00 +0.0000e+00 +0.0000e+00 +1.0000e+01
44 +1.546853958e+02 +1.546853958e+02 -9.242460416e+01 -9.242460416e+01 +0.0000e+00 +0.0000e+00 +0.0000e+00 +0.0000e+00 +0.0000e+00 +9.0000e+00 +0.0000e+00 +0.0000e+00 +0.0000e+00 +0.0000e+00 +0.0000e+00 +0.0000e+00 +0.0000e+00 +0.0000e+00 +0.0000e+00 +0.0000e+00 +2.0000e+00 +0.0000e+00 +0.0000e+00 +0.0000e+00
% function evaluation | noise-free fitness - Fopt (-1.520400000000e+02) | best noise-free fitness - Fopt | measured fitness | best measured fitness | x1 | x2...
1 +7.763293635e+03 +7.763293635e+03 +7.611253635e+03 +7.611253635e+03 +2.0000e+01 +3.0000e+01 +0.0000e+00 +2.0000e+01 +2.7000e+01 +1.0000e+01 +1.4000e+01 +1.4000e+01 +2.3000e+01 +0.0000e+00 +2.8000e+01 +2.7000e+01 +0.0000e+00 +0.0000e+00 +0.0000e+00 +2.2000e+01 +1.4000e+01 +2.7000e+01 +3.0000e+01 +3.0000e+01
2 +4.630437635e+03 +4.630437635e+03 +4.478397635e+03 +4.478397635e+03 +1.9000e+01 +4.0000e+00 +1.0000e+00 +6.0000e+00 +2.0000e+01 +1.0000e+00 +2.4000e+01 +2.4000e+01 +2.1000e+01 +7.0000e+00 +1.9000e+01 +2.0000e+01 +1.0000e+00 +1.0000e+00 +7.0000e+00 +1.6000e+01 +2.4000e+01 +2.0000e+01 +1.2000e+01 +1.2000e+01
4 +3.813948035e+03 +3.813948035e+03 +3.661908035e+03 +3.661908035e+03 +2.0000e+00 +2.0000e+00 +1.9000e+01 +0.0000e+00 +0.0000e+00 +4.0000e+00 +2.4000e+01 +2.4000e+01 +2.0000e+00 +2.1000e+01 +5.0000e+00 +0.0000e+00 +1.9000e+01 +1.9000e+01 +2.1000e+01 +2.0000e+00 +2.4000e+01 +0.0000e+00 +2.0000e+00 +2.0000e+00
33 +1.539018435e+03 +1.539018435e+03 +1.386978435e+03 +1.386978435e+03 +2.2000e+01 +6.0000e+00 +6.0000e+00 +6.0000e+00 +1.1000e+01 +6.0000e+00 +2.2000e+01 +3.0000e+00 +3.0000e+00 +6.0000e+00 +3.0000e+00 +6.0000e+00 +6.0000e+00 +6.0000e+00 +3.0000e+00 +3.0000e+00 +6.0000e+00 +6.0000e+00 +3.0000e+00 +3.0000e+00
41 +2.555480352e+02 +2.555480352e+02 +1.035080352e+02 +1.035080352e+02 +4.0000e+00 +1.0000e+00 +4.0000e+00 +4.0000e+00 +1.0000e+00 +1.0000e+00 +4.0000e+00 +4.0000e+00 +1.0000e+00 +1.0000e+00 +4.0000e+00 +4.0000e+00 +0.0000e+00 +1.0000e+00 +4.0000e+00 +4.0000e+00 +4.0000e+00 +1.0000e+00 +1.0000e+00 +4.0000e+00
45 +1.897704352e+02 +1.897704352e+02 +3.773043520e+01 +3.773043520e+01 +3.0000e+00 +0.0000e+00 +3.0000e+00 +3.0000e+00 +0.0000e+00 +0.0000e+00 +3.0000e+00 +3.0000e+00 +0.0000e+00 +3.0000e+00 +3.0000e+00 +0.0000e+00 +3.0000e+00 +3.0000e+00 +0.0000e+00 +0.0000e+00 +0.0000e+00 +0.0000e+00 +0.0000e+00 +0.0000e+00
49 +1.234328352e+02 +1.234328352e+02 -2.860716480e+01 -2.860716480e+01 +0.0000e+00 +0.0000e+00 +2.0000e+00 +2.0000e+00 +2.0000e+00 +2.0000e+00 +0.0000e+00 +0.0000e+00 +0.0000e+00 +0.0000e+00 +0.0000e+00 +0.0000e+00 +2.0000e+00 +0.0000e+00 +2.0000e+00 +2.0000e+00 +2.0000e+00 +0.0000e+00 +0.0000e+00 +2.0000e+00
% function evaluation | noise-free fitness - Fopt (-2.525000000000e+01) | best noise-free fitness - Fopt | measured fitness | best measured fitness | x1 | x2...
1 +7.550359628e+03 +7.550359628e+03 +7.525109628e+03 +7.525109628e+03 +1.0000e+01 +2.0000e+00 +6.0000e+00 +2.8000e+01 +2.8000e+01 +8.0000e+00 +1.3000e+01 +3.0000e+01 +8.0000e+00 +1.4000e+01 +2.8000e+01 +2.8000e+01 +3.0000e+01 +1.8000e+01 +2.1000e+01 +1.8000e+01 +6.0000e+00 +1.9000e+01 +1.4000e+01 +1.4000e+01
7 +5.337842828e+03 +5.337842828e+03 +5.312592828e+03 +5.312592828e+03 +1.9000e+01 +8.0000e+00 +1.0000e+00 +1.0000e+00 +8.0000e+00 +2.6000e+01 +2.8000e+01 +1.6000e+01 +1.0000e+00 +2.8000e+01 +1.0000e+00 +1.0000e+00 +1.0000e+00 +1.6000e+01 +4.0000e+00 +1.1000e+01 +2.8000e+01 +1.6000e+01 +1.0000e+00 +2.4000e+01
11 +3.487220428e+03 +3.487220428e+03 +3.461970428e+03 +3.461970428e+03 +0.0000e+00 +0.0000e+00 +1.0000e+01 +0.0000e+00 +1.5000e+01 +2.3000e+01 +1.5000e+01 +0.0000e+00 +3.0000e+00 +1.5000e+01 +0.0000e+00 +1.5000e+01 +0.0000e+00 +0.0000e+00 +0.0000e+00 +1.8000e+01 +1.5000e+01 +2.7000e+01 +1.5000e+01 +1.5000e+01
19 +2.215415628e+03 +2.215415628e+03 +2.190165628e+03 +2.190165628e+03 +0.0000e+00 +0.0000e+00 +0.0000e+00 +0.0000e+00 +2.1000e+01 +1.3000e+01 +1.3000e+01 +0.0000e+00 +0.0000e+00 +0.0000e+00 +0.0000e+00 +1.3000e+01 +2.1000e+01 +0.0000e+00 +0.0000e+00 +0.0000e+00 +1.3000e+01 +1.3000e+01 +1.3000e+01 +1.3000e+01
31 +1.547468428e+03 +1.547468428e+03 +1.522218428e+03 +1.522218428e+03 +1.0000e+01 +1.0000e+01 +0.0000e+00 +1.0000e+01 +0.0000e+00 +0.0000e+00 +1.0000e+01 +1.0000e+01 +1.0000e+01 +0.0000e+00 +0.0000e+00 +1.0000e+01 +1.8000e+01 +1.0000e+01 +1.0000e+01 +0.0000e+00 +1.0000e+01 +0.0000e+00 +1.0000e+01 +0.0000e+00
43 +9.598764282e+02 +9.598764282e+02 +9.346264282e+02 +9.346264282e+02 +7.0000e+00 +7.0000e+00 +7.0000e+00 +7.0000e+00 +7.0000e+00 +7.0000e+00 +7.0000e+00 +0.0000e+00 +0.0000e+00 +7.0000e+00 +7.0000e+00 +7.0000e+00 +7.0000e+00 +7.0000e+00 +7.0000e+00 +7.0000e+00 +7.0000e+00 +7.0000e+00 +7.0000e+00 +7.0000e+00
51 +5.812140282e+02 +5.812140282e+02 +5.559640282e+02 +5.559640282e+02 +5.0000e+00 +5.0000e+00 +5.0000e+00 +5.0000e+00 +5.0000e+00 +5.0000e+00 +5.0000e+00 +5.0000e+00 +5.0000e+00 +5.0000e+00 +5.0000e+00 +5.0000e+00 +5.0000e+00 +5.0000e+00 +5.0000e+00 +5.0000e+00 +5.0000e+00 +5.0000e+00 +5.0000e+00 +5.0000e+00
59 +2.575180282e+02 +2.575180282e+02 +2.322680282e+02 +2.322680282e+02 +3.0000e+00 +3.0000e+00 +3.0000e+00 +3.0000e+00 +3.0000e+00 +3.0000e+00 +3.0000e+00 +3.0000e+00 +3.0000e+00 +3.0000e+00 +3.0000e+00 +3.0000e+00 +3.0000e+00 +3.0000e+00 +3.0000e+00 +3.0000e+00 +3.0000e+00 +3.0000e+00 +3.0000e+00 +3.0000e+00
63 +1.556700282e+02 +1.556700282e+02 +1.304200282e+02 +1.304200282e+02 +2.0000e+00 +2.0000e+00 +2.0000e+00 +2.0000e+00 +2.0000e+00 +2.0000e+00 +2.0000e+00 +2.0000e+00 +2.0000e+00 +2.0000e+00 +2.0000e+00 +2.0000e+00 +2.0000e+00 +2.0000e+00 +2.0000e+00 +2.0000e+00 +2.0000e+00 +2.0000e+00 +2.0000e+00 +2.0000e+00
67 +9.382202816e+01 +9.382202816e+01 +6.857202816e+01 +6.857202816e+01 +1.0000e+00 +1.0000e+00 +1.0000e+00 +1.0000e+00 +1.0000e+00 +1.0000e+00 +1.0000e+00 +1.0000e+00 +1.0000e+00 +1.0000e+00 +1.0000e+00 +1.0000e+00 +1.0000e+00 +1.0000e+00 +1.0000e+00 +1.0000e+00 +1.0000e+00 +1.0000e+00 +1.0000e+00 +1.0000e+00
% function evaluation | noise-free fitness - Fopt (2.230000000000e+00) | best noise-free fitness - Fopt | measured fitness | best measured fitness | x1 | x2...
1 +5.376712183e+03 +5.376712183e+03 +5.378942183e+03 +5.378942183e+03 +1.8000e+01 +1.3000e+01 +1.8000e+01 +7.0000e+00 +2.6000e+01 +1.0000e+00 +7.0000e+00 +1.0000e+01 +1.6000e+01 +2.9000e+01 +1.0000e+01 +2.7000e+01 +4.0000e+00 +2.4000e+01 +7.0000e+00 +0.0000e+00 +7.0000e+00 +2.0000e+00 +2.9000e+01 +2.0000e+01
17 +3.823560183e+03 +3.823560183e+03 +3.825790183e+03 +3.825790183e+03 +1.0000e+00 +1.4000e+01 +1.0000e+00 +8.0000e+00 +1.4000e+01 +2.2000e+01 +0.0000e+00 +8.0000e+00 +2.3000e+01 +2.2000e+01 +1.4000e+01 +2.2000e+01 +0.0000e+00 +9.0000e+00 +1.4000e+01 +1.4000e+01 +1.2000e+01 +8.0000e+00 +0.0000e+00 +8.0000e+00
21 +1.850712183e+03 +1.850712183e+03 +1.852942183e+03 +1.852942183e+03 +1.6000e+01 +6.0000e+00 +7.0000e+00 +0.0000e+00 +0.0000e+00 +7.0000e+00 +7.0000e+00 +1.1000e+01 +7.0000e+00 +7.0000e+00 +0.0000e+00 +1.3000e+01 +0.0000e+00 +2.2000e+01 +1.1000e+01 +0.0000e+00 +1.3000e+01 +7.0000e+00 +0.0000e+00 +7.0000e+00
33 +5.836529830e+02 +5.836529830e+02 +5.858829830e+02 +5.858829830e+02 +4.0000e+00 +3.0000e+00 +3.0000e+00 +3.0000e+00 +3.0000e+00 +0.0000e+00 +4.0000e+00 +3.0000e+00 +3.0000e+00 +3.0000e+00 +3.0000e+00 +4.0000e+00 +3.0000e+00 +3.0000e+00 +3.0000e+00 +0.0000e+00 +3.0000e+00 +4.0000e+00 +1.9000e+01 +4.0000e+00
69 +3.869345830e+02 +3.869345830e+02 +3.891645830e+02 +3.891645830e+02 +0.0000e+00 +0.0000e+00 +0.0000e+00 +0.0000e+00 +1.0000e+01 +0.0000e+00 +0.0000e+00 +1.0000e+01 +1.0000e+01 +0.0000e+00 +0.0000e+00 +0.0000e+00 +0.0000e+00 +0.0000e+00 +0.0000e+00 +0.0000e+00 +0.0000e+00 +0.0000e+00 +0.0000e+00 +0.0000e+00
73 +1.085985830e+02 +1.085985830e+02 +1.108285830e+02 +1.108285830e+02 +0.0000e+00 +0.0000e+00 +0.0000e+00 +0.0000e+00 +0.0000e+00 +0.0000e+00 +0.0000e+00 +0.0000e+00 +0.0000e+00 +0.0000e+00 +0.0000e+00 +0.0000e+00 +0.0000e+00 +0.0000e+00 +0.0000e+00 +0.0000e+00 +0.0000e+00 +0.0000e+00 +0.0000e+00 +0.0000e+00
% function evaluation | noise-free fitness - Fopt (-1.308000000000e+01) | best noise-free fitness - Fopt | measured fitness | best measured fitness | x1 | x2...
1 +5.770153747e+03 +5.770153747e+03 +5.757073747e+03 +5.757073747e+03 +1.4000e+01 +2.6000e+01 +7.0000e+00 +1.1000e+01 +1.6000e+01 +2.1000e+01 +2.4000e+01 +2.1000e+01 +2.9000e+01 +7.0000e+00 +2.1000e+01 +8.0000e+00 +1.6000e+01 +7.0000e+00 +1.8000e+01 +1.1000e+01 +2.4000e+01 +7.0000e+00 +1.1000e+01 +2.0000e+00
12 +3.721235347e+03 +3.721235347e+03 +3.708155347e+03 +3.708155347e+03 +1.5000e+01 +7.0000e+00 +2.6000e+01 +1.5000e+01 +1.5000e+01 +7.0000e+00 +0.0000e+00 +7.0000e+00 +1.5000e+01 +8.0000e+00 +1.5000e+01 +1.5000e+01 +1.1000e+01 +8.0000e+00 +0.0000e+00 +8.0000e+00 +2.3000e+01 +8.0000e+00 +2.6000e+01 +1.2000e+01
45 +2.215588947e+03 +2.215588947e+03 +2.202508947e+03 +2.202508947e+03 +1.5000e+01 +5.0000e+00 +7.0000e+00 +1.3000e+01 +9.0000e+00 +1.3000e+01 +1.3000e+01 +1.3000e+01 +9.0000e+00 +7.0000e+00 +7.0000e+00 +7.0000e+00 +1.3000e+01 +7.0000e+00 +1.8000e+01 +7.0000e+00 +1.3000e+01 +7.0000e+00 +9.0000e+00 +7.0000e+00
48 +1.542779347e+03 +1.542779347e+03 +1.529699347e+03 +1.529699347e+03 +1.8000e+01 +5.0000e+00 +6.0000e+00 +1.7000e+01 +5.0000e+00 +1.0000e+00 +1.7000e+01 +1.7000e+01 +5.0000e+00 +6.0000e+00 +6.0000e+00 +6.0000e+00 +1.0000e+00 +6.0000e+00 +2.0000e+00 +6.0000e+00 +1.0000e+00 +6.0000e+00 +5.0000e+00 +6.0000e+00
61 +4.630369466e+02 +4.630369466e+02 +4.499569466e+02 +4.499569466e+02 +8.0000e+00 +1.0000e+00 +3.0000e+00 +0.0000e+00 +0.0000e+00 +3.0000e+00 +3.0000e+00 +3.0000e+00 +5.0000e+00 +3.0000e+00 +3.0000e+00 +3.0000e+00 +9.0000e+00 +0.0000e+00 +0.0000e+00 +3.0000e+00 +5.0000e+00 +9.0000e+00 +9.0000e+00 +3.0000e+00
65 +3.483681466e+02 +3.483681466e+02 +3.352881466e+02 +3.352881466e+02 +0.0000e+00 +2.0000e+00 +8.0000e+00 +0.0000e+00 +8.0000e+00 +0.0000e+00 +2.0000e+00 +0.0000e+00 +0.0000e+00 +4.0000e+00 +2.0000e+00 +8.0000e+00 +0.0000e+00 +2.0000e+00 +2.0000e+00 +2.0000e+00 +2.0000e+00 +2.0000e+00 +0.0000e+00 +0.0000e+00
69 +1.309489466e+02 +1.309489466e+02 +1.178689466e+02 +1.178689466e+02 +1.0000e+00 +0.0000e+00 +7.0000e+00 +0.0000e+00 +1.0000e+00 +0.0000e+00 +1.0000e+00 +0.0000e+00 +1.0000e+00 +1.0000e+00 +1.0000e+00 +0.0000e+00 +0.0000e+00 +0.0000e+00 +1.0000e+00 +0.0000e+00 +0.0000e+00 +7.0000e+00 +0.0000e+00 +0.0000e+00
93 +9.780014656e+01 +9.780014656e+01 +8.472014656e+01 +8.472014656e+01 +0.0000e+00 +1.0000e+00 +1.0000e+00 +0.0000e+00 +0.0000e+00 +1.0000e+00 +0.0000e+00 +1.0000e+00 +1.0000e+00 +0.0000e+00 +0.0000e+00 +0.0000e+00 +0.0000e+00 +1.0000e+00 +0.0000e+00 +0.0000e+00 +0.0000e+00 +0.0000e+00 +0.0000e+00 +0.0000e+00
% function evaluation | noise-free fitness - Fopt (2.671600000000e+02) | best noise-free fitness - Fopt | measured fitness | best measured fitness | x1 | x2...
1 +4.768563384e+03 +4.768563384e+03 +5.035723384e+03 +5.035723384e+03 +1.0000e+01 +1.0000e+01 +5.0000e+00 +1.0000e+01 +1.0000e+01 +1.0000e+01 +2.3000e+01 +5.0000e+00 +1.0000e+01 +1.5000e+01 +1.2000e+01 +2.3000e+01 +1.4000e+01 +1.0000e+01 +2.3000e+01 +2.7000e+01 +6.0000e+00 +6.0000e+00 +2.2000e+01 +1.2000e+01
12 +2.640438584e+03 +2.640438584e+03 +2.907598584e+03 +2.907598584e+03 +7.0000e+00 +0.0000e+00 +2.1000e+01 +1.0000e+00 +4.0000e+00 +4.0000e+00 +2.7000e+01 +1.0000e+00 +4.0000e+00 +4.0000e+00 +1.0000e+00 +1.0000e+00 +2.7000e+01 +4.0000e+00 +5.0000e+00 +4.0000e+00 +1.0000e+00 +3.0000e+00 +4.0000e+00 +1.5000e+01
24 +2.295043384e+03 +2.295043384e+03 +2.562203384e+03 +2.562203384e+03 +0.0000e+00 +0.0000e+00 +0.0000e+00 +1.0000e+00 +2.4000e+01 +1.0000e+00 +2.4000e+01 +2.4000e+01 +1.0000e+00 +0.0000e+00 +0.0000e+00 +4.0000e+00 +0.0000e+00 +1.0000e+00 +1.0000e+00 +2.4000e+01 +0.0000e+00 +1.0000e+00 +1.0000e+00 +0.0000e+00
38 +1.535129784e+03 +1.535129784e+03 +1.802289784e+03 +1.802289784e+03 +1.6000e+01 +0.0000e+00 +1.6000e+01 +0.0000e+00 +0.0000e+00 +0.0000e+00 +0.0000e+00 +0.0000e+00 +0.0000e+00 +1.1000e+01 +0.0000e+00 +1.1000e+01 +0.0000e+00 +0.0000e+00 +0.0000e+00 +1.6000e+01 +0.0000e+00 +1.6000e+01 +1.1000e+01 +0.0000e+00
42 +8.614929843e+02 +8.614929843e+02 +1.128652984e+03 +1.128652984e+03 +0.0000e+00 +0.0000e+00 +0.0000e+00 +0.0000e+00 +1.5000e+01 +0.0000e+00 +0.0000e+00 +1.5000e+01 +0.0000e+00 +0.0000e+00 +1.0000e+01 +0.0000e+00 +0.0000e+00 +0.0000e+00 +0.0000e+00 +1.5000e+01 +0.0000e+00 +0.0000e+00 +0.0000e+00 +0.0000e+00
49 +1.038129843e+02 +1.038129843e+02 +3.709729843e+02 +3.709729843e+02 +0.0000e+00 +0.0000e+00 +0.0000e+00 +0.0000e+00 +0.0000e+00 +0.0000e+00 +0.0000e+00 +0.0000e+00 +0.0000e+00 +0.0000e+00 +0.0000e+00 +0.0000e+00 +0.0000e+00 +0.0000e+00 +0.0000e+00 +0.0000e+00 +0.0000e+00 +0.0000e+00 +0.0000e+00 +0.0000e+00
% function evaluation | noise-free fitness - Fopt (3.710000000000e+00) | best noise-free fitness - Fopt | measured fitness | best measured fitness | x1 | x2...
1 +1.033415011e+04 +1.033415011e+04 +1.033786011e+04 +1.033786011e+04 +2.7000e+01 +2.8000e+01 +2.4000e+01 +1.2000e+01 +9.0000e+00 +2.7000e+01 +2.7000e+01 +9.0000e+00 +2.4000e+01 +2.2000e+01 +2.4000e+01 +2.8000e+01 +2.0000e+01 +1.1000e+01 +2.2000e+01 +1.2000e+01 +2.8000e+01 +2.4000e+01 +2.7000e+01 +9.0000e+00
2 +9.530897309e+03 +9.530897309e+03 +9.534607309e+03 +9.534607309e+03 +2.8000e+01 +1.4000e+01 +1.1000e+01 +1.8000e+01 +1.6000e+01 +1.8000e+01 +1.2000e+01 +1.6000e+01 +2.5000e+01 +2.5000e+01 +2.5000e+01 +3.0000e+01 +1.7000e+01 +2.4000e+01 +2.5000e+01 +1.8000e+01 +3.0000e+01 +2.5000e+01 +1.8000e+01 +8.0000e+00
28 +5.883114909e+03 +5.883114909e+03 +5.886824909e+03 +5.886824909e+03 +1.7000e+01 +1.7000e+01 +1.7000e+01 +1.7000e+01 +1.7000e+01 +0.0000e+00 +1.7000e+01 +1.7000e+01 +0.0000e+00 +1.7000e+01 +1.7000e+01 +1.7000e+01 +1.7000e+01 +1.7000e+01 +1.7000e+01 +1.7000e+01 +1.7000e+01 +1.7000e+01 +1.7000e+01 +1.7000e+01
44 +3.839558109e+03 +3.839558109e+03 +3.843268109e+03 +3.843268109e+03 +1.3000e+01 +1.3000e+01 +1.3000e+01 +1.3000e+01 +1.3000e+01 +1.3000e+01 +1.3000e+01 +1.3000e+01 +1.3000e+01 +1.3000e+01 +1.3000e+01 +1.3000e+01 +1.3000e+01 +1.3000e+01 +1.3000e+01 +1.3000e+01 +1.3000e+01 +1.3000e+01 +1.3000e+01 +1.3000e+01
56 +2.375663709e+03 +2.375663709e+03 +2.379373709e+03 +2.379373709e+03 +1.0000e+01 +1.0000e+01 +1.0000e+01 +1.0000e+01 +1.0000e+01 +1.0000e+01 +1.0000e+01 +1.0000e+01 +1.0000e+01 +1.0000e+01 +1.0000e+01 +1.0000e+01 +1.0000e+01 +1.0000e+01 +1.0000e+01 +1.0000e+01 +1.0000e+01 +1.0000e+01 +1.0000e+01 +1.0000e+01
68 +1.271769309e+03 +1.271769309e+03 +1.275479309e+03 +1.275479309e+03 +7.0000e+00 +7.0000e+00 +7.0000e+00 +7.0000e+00 +7.0000e+00 +7.0000e+00 +7.0000e+00 +7.0000e+00 +7.0000e+00 +7.0000e+00 +7.0000e+00 +7.0000e+00 +7.0000e+00 +7.0000e+00 +7.0000e+00 +7.0000e+00 +7.0000e+00 +7.0000e+00 +7.0000e+00 +7.0000e+00
72 +9.838045094e+02 +9.838045094e+02 +9.875145094e+02 +9.875145094e+02 +6.0000e+00 +6.0000e+00 +6.0000e+00 +6.0000e+00 +6.0000e+00 +6.0000e+00 +6.0000e+00 +6.0000e+00 +6.0000e+00 +6.0000e+00 +6.0000e+00 +6.0000e+00 +6.0000e+00 +6.0000e+00 +6.0000e+00 +6.0000e+00 +6.0000e+00 +6.0000e+00 +6.0000e+00 +6.0000e+00
80 +5.278749094e+02 +5.278749094e+02 +5.315849094e+02 +5.315849094e+02 +4.0000e+00 +4.0000e+00 +4.0000e+00 +4.0000e+00 +4.0000e+00 +4.0000e+00 +4.0000e+00 +4.0000e+00 +4.0000e+00 +4.0000e+00 +4.0000e+00 +4.0000e+00 +4.0000e+00 +4.0000e+00 +4.0000e+00 +4.0000e+00 +4.0000e+00 +4.0000e+00 +4.0000e+00 +4.0000e+00
84 +3.599101094e+02 +3.599101094e+02 +3.636201094e+02 +3.636201094e+02 +3.0000e+00 +3.0000e+00 +3.0000e+00 +3.0000e+00 +3.0000e+00 +3.0000e+00 +3.0000e+00 +3.0000e+00 +3.0000e+00 +3.0000e+00 +3.0000e+00 +3.0000e+00 +3.0000e+00 +3.0000e+00 +3.0000e+00 +3.0000e+00 +3.0000e+00 +3.0000e+00 +3.0000e+00 +3.0000e+00
88 +2.319453094e+02 +2.319453094e+02 +2.356553094e+02 +2.356553094e+02 +2.0000e+00 +2.0000e+00 +2.0000e+00 +2.0000e+00 +2.0000e+00 +2.0000e+00 +2.0000e+00 +2.0000e+00 +2.0000e+00 +2.0000e+00 +2.0000e+00 +2.0000e+00 +2.0000e+00 +2.0000e+00 +2.0000e+00 +2.0000e+00 +2.0000e+00 +2.0000e+00 +2.0000e+00 +2.0000e+00
92 +1.439805094e+02 +1.439805094e+02 +1.476905094e+02 +1.476905094e+02 +1.0000e+00 +1.0000e+00 +1.0000e+00 +1.0000e+00 +1.0000e+00 +1.0000e+00 +1.0000e+00 +1.0000e+00 +1.0000e+00 +1.0000e+00 +1.0000e+00 +1.0000e+00 +1.0000e+00 +1.0000e+00 +1.0000e+00 +1.0000e+00 +1.0000e+00 +1.0000e+00 +1.0000e+00 +1.0000e+00
96 +9.601570944e+01 +9.601570944e+01 +9.972570944e+01 +9.972570944e+01 +0.0000e+00 +0.0000e+00 +0.0000e+00 +0.0000e+00 +0.0000e+00 +0.0000e+00 +0.0000e+00 +0.0000e+00 +0.0000e+00 +0.0000e+00 +0.0000e+00 +0.0000e+00 +0.0000e+00 +0.0000e+00 +0.0000e+00 +0.0000e+00 +0.0000e+00 +0.0000e+00 +0.0000e+00 +0.0000e+00
% function evaluation | noise-free fitness - Fopt (9.478000000000e+01) | best noise-free fitness - Fopt | measured fitness | best measured fitness | x1 | x2...
1 +1.051399263e+04 +1.051399263e+04 +1.060877263e+04 +1.060877263e+04 +0.0000e+00 +1.5000e+01 +2.6000e+01 +2.7000e+01 +0.0000e+00 +1.4000e+01 +2.5000e+01 +3.0000e+01 +2.5000e+01 +2.2000e+01 +1.4000e+01 +3.0000e+01 +2.4000e+01 +2.8000e+01 +2.5000e+01 +2.7000e+01 +2.4000e+01 +2.5000e+01 +1.5000e+01 +3.0000e+01
2 +6.262195833e+03 +6.262195833e+03 +6.356975833e+03 +6.356975833e+03 +2.6000e+01 +8.0000e+00 +1.1000e+01 +2.4000e+01 +2.6000e+01 +1.3000e+01 +1.0000e+01 +1.0000e+01 +1.0000e+01 +2.5000e+01 +1.3000e+01 +2.1000e+01 +2.7000e+01 +1.1000e+01 +1.0000e+01 +2.4000e+01 +2.7000e+01 +1.0000e+01 +8.0000e+00 +1.0000e+01
26 +3.208695033e+03 +3.208695033e+03 +3.303475033e+03 +3.303475033e+03 +4.0000e+00 +4.0000e+00 +1.9000e+01 +4.0000e+00 +1.9000e+01 +1.9000e+01 +2.0000e+01 +1.5000e+01 +1.9000e+01 +4.0000e+00 +4.0000e+00 +2.0000e+00 +1.5000e+01 +1.5000e+01 +4.0000e+00 +1.5000e+01 +1.9000e+01 +4.0000e+00 +1.9000e+01 +2.0000e+00
49 +2.275237433e+03 +2.275237433e+03 +2.370017433e+03 +2.370017433e+03 +1.0000e+01 +1.0000e+01 +1.5000e+01 +1.3000e+01 +1.0000e+01 +1.0000e+01 +1.0000e+01 +1.0000e+01 +1.5000e+01 +1.0000e+01 +1.0000e+01 +1.0000e+01 +1.0000e+01 +1.0000e+01 +1.0000e+01 +1.0000e+01 +1.0000e+01 +1.3000e+01 +1.0000e+01 +1.0000e+01
61 +1.495543033e+03 +1.495543033e+03 +1.590323033e+03 +1.590323033e+03 +7.0000e+00 +7.0000e+00 +7.0000e+00 +1.2000e+01 +7.0000e+00 +7.0000e+00 +1.2000e+01 +7.0000e+00 +7.0000e+00 +1.0000e+01 +7.0000e+00 +7.0000e+00 +7.0000e+00 +7.0000e+00 +7.0000e+00 +1.0000e+01 +1.2000e+01 +1.2000e+01 +1.2000e+01 +7.0000e+00
70 +7.981398330e+02 +7.981398330e+02 +8.929198330e+02 +8.929198330e+02 +8.0000e+00 +8.0000e+00 +8.0000e+00 +0.0000e+00 +0.0000e+00 +0.0000e+00 +8.0000e+00 +0.0000e+00 +8.0000e+00 +8.0000e+00 +8.0000e+00 +8.0000e+00 +0.0000e+00 +8.0000e+00 +8.0000e+00 +8.0000e+00 +8.0000e+00 +0.0000e+00 +8.0000e+00 +0.0000e+00
78 +5.075110330e+02 +5.075110330e+02 +6.022910330e+02 +6.022910330e+02 +6.0000e+00 +0.0000e+00 +6.0000e+00 +6.0000e+00 +6.0000e+00 +0.0000e+00 +6.0000e+00 +0.0000e+00 +0.0000e+00 +0.0000e+00 +6.0000e+00 +6.0000e+00 +6.0000e+00 +6.0000e+00 +3.0000e+00 +0.0000e+00 +6.0000e+00 +6.0000e+00 +6.0000e+00 +6.0000e+00
82 +3.413478330e+02 +3.413478330e+02 +4.361278330e+02 +4.361278330e+02 +5.0000e+00 +2.0000e+00 +0.0000e+00 +0.0000e+00 +5.0000e+00 +5.0000e+00 +5.0000e+00 +5.0000e+00 +5.0000e+00 +2.0000e+00 +5.0000e+00 +5.0000e+00 +5.0000e+00 +5.0000e+00 +5.0000e+00 +0.0000e+00 +5.0000e+00 +5.0000e+00 +5.0000e+00 +0.0000e+00
86 +2.500502330e+02 +2.500502330e+02 +3.448302330e+02 +3.448302330e+02 +4.0000e+00 +4.0000e+00 +4.0000e+00 +4.0000e+00 +4.0000e+00 +4.0000e+00 +4.0000e+00 +4.0000e+00 +4.0000e+00 +4.0000e+00 +4.0000e+00 +0.0000e+00 +4.0000e+00 +0.0000e+00 +0.0000e+00 +0.0000e+00 +0.0000e+00 +0.0000e+00 +4.0000e+00 +4.0000e+00
98 +1.001638330e+02 +1.001638330e+02 +1.949438330e+02 +1.949438330e+02 +1.0000e+00 +0.0000e+00 +1.0000e+00 +1.0000e+00 +1.0000e+00 +1.0000e+00 +1.0000e+00 +1.0000e+00 +1.0000e+00 +1.0000e+00 +1.0000e+00 +1.0000e+00 +1.0000e+00 +0.0000e+00 +1.0000e+00 +1.0000e+00 +1.0000e+00 +1.0000e+00 +1.0000e+00 +0.0000e+00
% function evaluation | noise-free fitness - Fopt (2.339200000000e+02) | best noise-free fitness - Fopt | measured fitness | best measured fitness | x1 | x2...
1 +6.197027020e+03 +6.197027020e+03 +6.430947020e+03 +6.430947020e+03 +2.3000e+01 +1.8000e+01 +1.7000e+01 +2.3000e+01 +2.3000e+01 +3.0000e+00 +2.0000e+01 +8.0000e+00 +0.0000e+00 +8.0000e+00 +2.3000e+01 +8.0000e+00 +2.3000e+01 +2.2000e+01 +0.0000e+00 +3.0000e+00 +1.7000e+01 +2.2000e+01 +8.0000e+00 +2.3000e+01
5 +3.422030220e+03 +3.422030220e+03 +3.655950220e+03 +3.655950220e+03 +6.0000e+00 +1.6000e+01 +0.0000e+00 +7.0000e+00 +0.0000e+00 +7.0000e+00 +0.0000e+00 +2.2000e+01 +7.0000e+00 +2.2000e+01 +0.0000e+00 +2.2000e+01 +0.0000e+00 +7.0000e+00 +2.2000e+01 +0.0000e+00 +2.2000e+01 +0.0000e+00 +2.2000e+01 +0.0000e+00
9 +1.591876620e+03 +1.591876620e+03 +1.825796620e+03 +1.825796620e+03 +1.6000e+01 +5.0000e+00 +0.0000e+00 +0.0000e+00 +6.0000e+00 +0.0000e+00 +5.0000e+00 +0.0000e+00 +0.0000e+00 +2.1000e+01 +0.0000e+00 +0.0000e+00 +6.0000e+00 +1.5000e+01 +6.0000e+00 +0.0000e+00 +2.1000e+01 +0.0000e+00 +0.0000e+00 +0.0000e+00
13 +1.113697420e+03 +1.113697420e+03 +1.347617420e+03 +1.347617420e+03 +0.0000e+00 +0.0000e+00 +1.4000e+01 +0.0000e+00 +0.0000e+00 +0.0000e+00 +0.0000e+00 +0.0000e+00 +0.0000e+00 +4.0000e+00 +5.0000e+00 +2.0000e+01 +5.0000e+00 +5.0000e+00 +0.0000e+00 +5.0000e+00 +5.0000e+00 +4.0000e+00 +0.0000e+00 +1.5000e+01
17 +8.973790195e+02 +8.973790195e+02 +1.131299020e+03 +1.131299020e+03 +6.0000e+00 +1.2000e+01 +1.4000e+01 +0.0000e+00 +3.0000e+00 +0.0000e+00 +3.0000e+00 +0.0000e+00 +0.0000e+00 +0.0000e+00 +1.3000e+01 +4.0000e+00 +0.0000e+00 +3.0000e+00 +3.0000e+00 +0.0000e+00 +0.0000e+00 +4.0000e+00 +4.0000e+00 +3.0000e+00
21 +3.843166195e+02 +3.843166195e+02 +6.182366195e+02 +6.182366195e+02 +0.0000e+00 +0.0000e+00 +0.0000e+00 +0.0000e+00 +0.0000e+00 +0.0000e+00 +1.3000e+01 +0.0000e+00 +0.0000e+00 +3.0000e+00 +0.0000e+00 +2.0000e+00 +1.2000e+01 +0.0000e+00 +2.0000e+00 +0.0000e+00 +0.0000e+00 +0.0000e+00 +0.0000e+00 +0.0000e+00
25 +2.483214195e+02 +2.483214195e+02 +4.822414195e+02 +4.822414195e+02 +0.0000e+00 +0.0000e+00 +0.0000e+00 +0.0000e+00 +0.0000e+00 +0.0000e+00 +0.0000e+00 +0.0000e+00 +0.0000e+00 +0.0000e+00 +0.0000e+00 +1.2000e+01 +2.0000e+00 +1.0000e+00 +0.0000e+00 +0.0000e+00 +0.0000e+00 +0.0000e+00 +0.0000e+00 +0.0000e+00
33 +8.104621952e+01 +8.104621952e+01 +3.149662195e+02 +3.149662195e+02 +0.0000e+00 +0.0000e+00 +0.0000e+00 +0.0000e+00 +0.0000e+00 +0.0000e+00 +0.0000e+00 +0.0000e+00 +0.0000e+00 +0.0000e+00 +0.0000e+00 +0.0000e+00 +0.0000e+00 +0.0000e+00 +0.0000e+00 +0.0000e+00 +0.0000e+00 +2.0000e+00 +0.0000e+00 +0.0000e+00
% function evaluation | noise-free fitness - Fopt (-6.092000000000e+01) | best noise-free fitness - Fopt | measured fitness | best measured fitness | x1 | x2...
1 +1.154711884e+04 +1.154711884e+04 +1.148619884e+04 +1.148619884e+04 +2.9000e+01 +1.9000e+01 +0.0000e+00 +2.9000e+01 +2.6000e+01 +1.2000e+01 +0.0000e+00 +2.7000e+01 +2.9000e+01 +2.5000e+01 +2.5000e+01 +2.7000e+01 +2.5000e+01 +1.3000e+01 +2.5000e+01 +2.6000e+01 +1.6000e+01 +2.5000e+01 +2.9000e+01 +2.9000e+01
2 +8.214384436e+03 +8.214384436e+03 +8.153464436e+03 +8.153464436e+03 +2.1000e+01 +1.7000e+01 +2.4000e+01 +2.2000e+01 +1.8000e+01 +2.0000e+01 +2.8000e+01 +2.5000e+01 +2.2000e+01 +1.1000e+01 +5.0000e+00 +2.5000e+01 +2.5000e+01 +2.8000e+01 +1.1000e+01 +1.8000e+01 +1.0000e+01 +1.1000e+01 +2.1000e+01 +2.2000e+01
4 +5.892114036e+03 +5.892114036e+03 +5.831194036e+03 +5.831194036e+03 +2.0000e+00 +2.4000e+01 +1.0000e+01 +0.0000e+00 +2.3000e+01 +9.0000e+00 +1.4000e+01 +2.2000e+01 +0.0000e+00 +1.8000e+01 +1.8000e+01 +2.2000e+01 +2.9000e+01 +1.3000e+01 +1.8000e+01 +2.3000e+01 +1.9000e+01 +1.8000e+01 +2.0000e+00 +0.0000e+00
49 +3.860085236e+03 +3.860085236e+03 +3.799165236e+03 +3.799165236e+03 +1.3000e+01 +1.5000e+01 +1.3000e+01 +1.3000e+01 +1.5000e+01 +1.3000e+01 +1.5000e+01 +1.5000e+01 +1.3000e+01 +1.5000e+01 +1.3000e+01 +1.5000e+01 +1.3000e+01 +1.5000e+01 +0.0000e+00 +1.3000e+01 +1.5000e+01 +1.5000e+01 +1.5000e+01 +1.3000e+01
57 +2.510467636e+03 +2.510467636e+03 +2.449547636e+03 +2.449547636e+03 +1.1000e+01 +0.0000e+00 +1.1000e+01 +1.3000e+01 +1.1000e+01 +1.3000e+01 +1.3000e+01 +0.0000e+00 +1.1000e+01 +1.3000e+01 +1.1000e+01 +1.1000e+01 +0.0000e+00 +1.1000e+01 +1.3000e+01 +1.3000e+01 +1.3000e+01 +1.1000e+01 +1.1000e+01 +1.1000e+01
65 +1.358093236e+03 +1.358093236e+03 +1.297173236e+03 +1.297173236e+03 +9.0000e+00 +0.0000e+00 +1.1000e+01 +0.0000e+00 +1.1000e+01 +0.0000e+00 +0.0000e+00 +1.1000e+01 +9.0000e+00 +0.0000e+00 +1.1000e+01 +1.1000e+01 +0.0000e+00 +1.1000e+01 +0.0000e+00 +1.1000e+01 +9.0000e+00 +1.1000e+01 +1.1000e+01 +0.0000e+00
69 +9.433284365e+02 +9.433284365e+02 +8.824084365e+02 +8.824084365e+02 +2.0000e+00 +8.0000e+00 +8.0000e+00 +0.0000e+00 +1.0000e+01 +0.0000e+00 +1.0000e+01 +0.0000e+00 +1.0000e+01 +0.0000e+00 +1.0000e+01 +0.0000e+00 +0.0000e+00 +0.0000e+00 +8.0000e+00 +0.0000e+00 +1.0000e+01 +0.0000e+00 +0.0000e+00 +1.0000e+01
73 +5.521028365e+02 +5.521028365e+02 +4.911828365e+02 +4.911828365e+02 +7.0000e+00 +0.0000e+00 +9.0000e+00 +9.0000e+00 +0.0000e+00 +0.0000e+00 +0.0000e+00 +7.0000e+00 +0.0000e+00 +0.0000e+00 +0.0000e+00 +1.0000e+00 +0.0000e+00 +7.0000e+00 +0.0000e+00 +9.0000e+00 +0.0000e+00 +9.0000e+00 +9.0000e+00 +0.0000e+00
81 +2.198164365e+02 +2.198164365e+02 +1.588964365e+02 +1.588964365e+02 +0.0000e+00 +0.0000e+00 +0.0000e+00 +0.0000e+00 +0.0000e+00 +0.0000e+00 +0.0000e+00 +0.0000e+00 +5.0000e+00 +0.0000e+00 +0.0000e+00 +0.0000e+00 +5.0000e+00 +0.0000e+00 +0.0000e+00 +0.0000e+00 +0.0000e+00 +5.0000e+00 +0.0000e+00 +0.0000e+00
85 +1.294788365e+02 +1.294788365e+02 +6.855883648e+01 +6.855883648e+01 +0.0000e+00 +0.0000e+00 +0.0000e+00 +4.0000e+00 +0.0000e+00 +0.0000e+00 +0.0000e+00 +0.0000e+00 +0.0000e+00 +0.0000e+00 +0.0000e+00 +0.0000e+00 +0.0000e+00 +0.0000e+00 +0.0000e+00 +0.0000e+00 +0.0000e+00 +0.0000e+00 +0.0000e+00 +0.0000e+00
% function evaluation | noise-free fitness - Fopt (-1.948000000000e+01) | best noise-free fitness - Fopt | measured fitness | best measured fitness | x1 | x2...
1 +6.627554572e+03 +6.627554572e+03 +6.608074572e+03 +6.608074572e+03 +2.6000e+01 +0.0000e+00 +6.0000e+00 +3.0000e+01 +2.7000e+01 +1.9000e+01 +2.4000e+01 +1.2000e+01 +1.0000e+00 +1.9000e+01 +2.7000e+01 +2.1000e+01 +3.0000e+00 +1.5000e+01 +1.5000e+01 +1.5000e+01 +1.0000e+00 +1.9000e+01 +1.0000e+00 +2.3000e+01
3 +5.860839372e+03 +5.860839372e+03 +5.841359372e+03 +5.841359372e+03 +1.4000e+01 +2.9000e+01 +5.0000e+00 +0.0000e+00 +1.9000e+01 +1.7000e+01 +1.3000e+01 +2.5000e+01 +2.3000e+01 +1.7000e+01 +1.9000e+01 +1.6000e+01 +2.2000e+01 +3.0000e+00 +3.0000e+00 +8.0000e+00 +2.3000e+01 +1.7000e+01 +2.3000e+01 +5.0000e+00
13 +3.614274572e+03 +3.614274572e+03 +3.594794572e+03 +3.594794572e+03 +1.2000e+01 +1.2000e+01 +0.0000e+00 +1.2000e+01 +2.4000e+01 +1.5000e+01 +1.6000e+01 +0.0000e+00 +1.6000e+01 +0.0000e+00 +1.5000e+01 +1.5000e+01 +1.5000e+01 +1.5000e+01 +0.0000e+00 +1.6000e+01 +0.0000e+00 +2.1000e+01 +1.5000e+01 +1.6000e+01
29 +2.477202572e+03 +2.477202572e+03 +2.457722572e+03 +2.457722572e+03 +1.1000e+01 +1.1000e+01 +1.1000e+01 +1.1000e+01 +1.1000e+01 +1.1000e+01 +1.2000e+01 +1.2000e+01 +1.1000e+01 +1.1000e+01 +1.1000e+01 +1.1000e+01 +1.1000e+01 +1.2000e+01 +1.2000e+01 +1.1000e+01 +1.1000e+01 +1.1000e+01 +1.1000e+01 +1.1000e+01
41 +1.279815372e+03 +1.279815372e+03 +1.260335372e+03 +1.260335372e+03 +8.0000e+00 +8.0000e+00 +8.0000e+00 +8.0000e+00 +8.0000e+00 +8.0000e+00 +8.0000e+00 +8.0000e+00 +8.0000e+00 +8.0000e+00 +8.0000e+00 +8.0000e+00 +8.0000e+00 +8.0000e+00 +8.0000e+00 +8.0000e+00 +8.0000e+00 +8.0000e+00 +8.0000e+00 +8.0000e+00
45 +9.927641722e+02 +9.927641722e+02 +9.732841722e+02 +9.732841722e+02 +7.0000e+00 +7.0000e+00 +7.0000e+00 +7.0000e+00 +7.0000e+00 +7.0000e+00 +7.0000e+00 +7.0000e+00 +7.0000e+00 +7.0000e+00 +7.0000e+00 +7.0000e+00 +7.0000e+00 +7.0000e+00 +7.0000e+00 +7.0000e+00 +7.0000e+00 +7.0000e+00 +7.0000e+00 +7.0000e+00
53 +5.386617722e+02 +5.386617722e+02 +5.191817722e+02 +5.191817722e+02 +5.0000e+00 +5.0000e+00 +5.0000e+00 +5.0000e+00 +5.0000e+00 +5.0000e+00 +5.0000e+00 +5.0000e+00 +5.0000e+00 +5.0000e+00 +5.0000e+00 +5.0000e+00 +5.0000e+00 +5.0000e+00 +5.0000e+00 +5.0000e+00 +5.0000e+00 +5.0000e+00 +5.0000e+00 +5.0000e+00
57 +3.716105722e+02 +3.716105722e+02 +3.521305722e+02 +3.521305722e+02 +4.0000e+00 +4.0000e+00 +4.0000e+00 +4.0000e+00 +4.0000e+00 +4.0000e+00 +4.0000e+00 +4.0000e+00 +4.0000e+00 +4.0000e+00 +4.0000e+00 +4.0000e+00 +4.0000e+00 +4.0000e+00 +4.0000e+00 +4.0000e+00 +4.0000e+00 +4.0000e+00 +4.0000e+00 +4.0000e+00
61 +2.445593722e+02 +2.445593722e+02 +2.250793722e+02 +2.250793722e+02 +3.0000e+00 +3.0000e+00 +3.0000e+00 +3.0000e+00 +3.0000e+00 +3.0000e+00 +3.0000e+00 +3.0000e+00 +3.0000e+00 +3.0000e+00 +3.0000e+00 +3.0000e+00 +3.0000e+00 +3.0000e+00 +3.0000e+00 +3.0000e+00 +3.0000e+00 +3.0000e+00 +3.0000e+00 +3.0000e+00
65 +1.575081722e+02 +1.575081722e+02 +1.380281722e+02 +1.380281722e+02 +2.0000e+00 +2.0000e+00 +2.0000e+00 +2.0000e+00 +2.0000e+00 +2.0000e+00 +2.0000e+00 +2.0000e+00 +2.0000e+00 +2.0000e+00 +2.0000e+00 +2.0000e+00 +2.0000e+00 +2.0000e+00 +2.0000e+00 +2.0000e+00 +2.0000e+00 +2.0000e+00 +2.0000e+00 +2.0000e+00
% function evaluation | noise-free fitness - Fopt (1.344700000000e+02) | best noise-free fitness - Fopt | measured fitness | best measured fitness | x1 | x2...
1 +6.348459866e+03 +6.348459866e+03 +6.482929866e+03 +6.482929866e+03 +2.0000e+01 +2.9000e+01 +5.0000e+00 +2.1000e+01 +2.0000e+01 +2.9000e+01 +1.5000e+01 +1.0000e+01 +1.5000e+01 +8.0000e+00 +2.0000e+01 +2.0000e+00 +3.0000e+01 +1.0000e+01 +1.0000e+01 +2.0000e+00 +1.5000e+01 +1.1000e+01 +2.0000e+00 +2.1000e+01
5 +5.021474266e+03 +5.021474266e+03 +5.155944266e+03 +5.155944266e+03 +9.0000e+00 +1.4000e+01 +1.0000e+00 +2.9000e+01 +1.9000e+01 +1.9000e+01 +2.8000e+01 +9.0000e+00 +1.4000e+01 +9.0000e+00 +1.0000e+00 +7.0000e+00 +1.0000e+00 +1.0000e+00 +9.0000e+00 +2.8000e+01 +4.0000e+00 +9.0000e+00 +9.0000e+00 +1.9000e+01
14 +2.564824666e+03 +2.564824666e+03 +2.699294666e+03 +2.699294666e+03 +1.2000e+01 +3.0000e+00 +2.7000e+01 +2.0000e+00 +0.0000e+00 +3.0000e+00 +2.0000e+00 +2.7000e+01 +2.0000e+00 +0.0000e+00 +2.0000e+00 +1.5000e+01 +2.0000e+00 +1.2000e+01 +1.2000e+01 +2.0000e+00 +3.0000e+00 +2.0000e+00 +2.0000e+00 +3.0000e+00
18 +1.191645466e+03 +1.191645466e+03 +1.326115466e+03 +1.326115466e+03 +1.1000e+01 +2.0000e+00 +2.0000e+00 +1.1000e+01 +0.0000e+00 +1.0000e+00 +2.0000e+00 +2.0000e+00 +1.0000e+00 +0.0000e+00 +1.0000e+00 +0.0000e+00 +1.1000e+01 +2.0000e+00 +1.1000e+01 +1.0000e+00 +2.0000e+00 +2.0000e+00 +1.1000e+01 +1.4000e+01
22 +5.081078662e+02 +5.081078662e+02 +6.425778662e+02 +6.425778662e+02 +1.0000e+00 +1.0000e+00 +1.0000e+00 +1.0000e+00 +1.0000e+00 +0.0000e+00 +0.0000e+00 +1.0000e+00 +0.0000e+00 +1.0000e+00 +1.0000e+00 +1.0000e+01 +0.0000e+00 +1.0000e+00 +0.0000e+00 +1.0000e+00 +1.0000e+01 +0.0000e+00 +1.0000e+01 +1.0000e+00
26 +3.647606662e+02 +3.647606662e+02 +4.992306662e+02 +4.992306662e+02 +8.0000e+00 +1.0000e+00 +0.0000e+00 +0.0000e+00 +9.0000e+00 +0.0000e+00 +0.0000e+00 +0.0000e+00 +0.0000e+00 +0.0000e+00 +0.0000e+00 +0.0000e+00 +0.0000e+00 +0.0000e+00 +0.0000e+00 +0.0000e+00 +0.0000e+00 +0.0000e+00 +0.0000e+00 +0.0000e+00
34 +1.995142662e+02 +1.995142662e+02 +3.339842662e+02 +3.339842662e+02 +0.0000e+00 +0.0000e+00 +0.0000e+00 +0.0000e+00 +0.0000e+00 +0.0000e+00 +0.0000e+00 +7.0000e+00 +0.0000e+00 +0.0000e+00 +7.0000e+00 +0.0000e+00 +0.0000e+00 +0.0000e+00 +0.0000e+00 +0.0000e+00 +0.0000e+00 +0.0000e+00 +0.0000e+00 +0.0000e+00
38 +1.151558662e+02 +1.151558662e+02 +2.496258662e+02 +2.496258662e+02 +0.0000e+00 +0.0000e+00 +0.0000e+00 +0.0000e+00 +0.0000e+00 +0.0000e+00 +0.0000e+00 +0.0000e+00 +0.0000e+00 +0.0000e+00 +0.0000e+00 +0.0000e+00 +0.0000e+00 +0.0000e+00 +0.0000e+00 +0.0000e+00 +0.0000e+00 +0.0000e+00 +0.0000e+00 +0.0000e+00
% function evaluation | noise-free fitness - Fopt (4.453500000000e+02) | best noise-free fitness - Fopt | measured fitness | best measured fitness | x1 | x2...
1 +6.455165945e+03 +6.455165945e+03 +6.900515945e+03 +6.900515945e+03 +1.0000e+01 +8.0000e+00 +2.7000e+01 +8.0000e+00 +3.0000e+00 +1.0000e+00 +3.0000e+01 +1.0000e+01 +5.0000e+00 +2.7000e+01 +5.0000e+00 +1.2000e+01 +1.0000e+00 +2.0000e+01 +8.0000e+00 +3.0000e+01 +3.0000e+01 +8.0000e+00 +0.0000e+00 +2.7000e+01
2 +6.091695545e+03 +6.091695545e+03 +6.537045545e+03 +6.537045545e+03 +1.4000e+01 +2.2000e+01 +3.0000e+00 +2.6000e+01 +1.7000e+01 +1.0000e+01 +2.0000e+01 +2.2000e+01 +9.0000e+00 +9.0000e+00 +1.0000e+00 +1.0000e+01 +1.0000e+01 +2.7000e+01 +2.6000e+01 +2.0000e+01 +2.0000e+01 +2.6000e+01 +1.0000e+01 +3.0000e+00
3 +2.301487545e+03 +2.301487545e+03 +2.746837545e+03 +2.746837545e+03 +2.0000e+00 +1.0000e+01 +1.0000e+00 +7.0000e+00 +2.8000e+01 +1.2000e+01 +1.0000e+01 +1.0000e+01 +2.1000e+01 +3.0000e+00 +1.5000e+01 +1.3000e+01 +1.2000e+01 +3.0000e+00 +7.0000e+00 +1.0000e+01 +1.0000e+01 +7.0000e+00 +3.0000e+00 +1.0000e+00
7 +1.091362745e+03 +1.091362745e+03 +1.536712745e+03 +1.536712745e+03 +1.0000e+00 +8.0000e+00 +6.0000e+00 +2.0000e+00 +0.0000e+00 +1.1000e+01 +9.0000e+00 +6.0000e+00 +6.0000e+00 +9.0000e+00 +2.0000e+00 +2.0000e+00 +9.0000e+00 +1.1000e+01 +6.0000e+00 +9.0000e+00 +6.0000e+00 +6.0000e+00 +6.0000e+00 +1.2000e+01
15 +8.762347450e+02 +8.762347450e+02 +1.321584745e+03 +1.321584745e+03 +7.0000e+00 +4.0000e+00 +7.0000e+00 +1.0000e+01 +4.0000e+00 +7.0000e+00 +4.0000e+00 +1.0000e+01 +4.0000e+00 +1.0000e+01 +7.0000e+00 +4.0000e+00 +9.0000e+00 +4.0000e+00 +4.0000e+00 +0.0000e+00 +4.0000e+00 +9.0000e+00 +9.0000e+00 +4.0000e+00
23 +4.803051450e+02 +4.803051450e+02 +9.256551450e+02 +9.256551450e+02 +2.0000e+00 +5.0000e+00 +5.0000e+00 +8.0000e+00 +2.0000e+00 +2.0000e+00 +2.0000e+00 +7.0000e+00 +5.0000e+00 +2.0000e+00 +8.0000e+00 +2.0000e+00 +2.0000e+00 +7.0000e+00 +5.0000e+00 +2.0000e+00 +5.0000e+00 +5.0000e+00 +2.0000e+00 +7.0000e+00
27 +2.516123450e+02 +2.516123450e+02 +6.969623450e+02 +6.969623450e+02 +4.0000e+00 +1.0000e+00 +4.0000e+00 +1.0000e+00 +1.0000e+00 +1.0000e+00 +1.0000e+00 +1.0000e+00 +4.0000e+00 +1.0000e+00 +4.0000e+00 +1.0000e+00 +6.0000e+00 +4.0000e+00 +1.0000e+00 +1.0000e+00 +1.0000e+00 +1.0000e+00 +1.0000e+00 +1.0000e+00
31 +1.548443450e+02 +1.548443450e+02 +6.001943450e+02 +6.001943450e+02 +0.0000e+00 +3.0000e+00 +0.0000e+00 +0.0000e+00 +3.0000e+00 +3.0000e+00 +0.0000e+00 +0.0000e+00 +0.0000e+00 +5.0000e+00 +0.0000e+00 +0.0000e+00 +3.0000e+00 +0.0000e+00 +0.0000e+00 +0.0000e+00 +3.0000e+00 +0.0000e+00 +0.0000e+00 +3.0000e+00
