% function evaluation | noise-free fitness - Fopt (7.948000000000e+01) | best noise-free fitness - Fopt | measured fitness | best measured fitness | x1 | x2...
1 +1.983166070e+03 +1.983166070e+03 +2.062646070e+03 +2.062646070e+03 +7.0000e+00 +1.0000e+00 +2.2000e+01 +3.0000e+00 +1.6000e+01 +0.0000e+00 +1.6000e+01 +4.0000e+00 +2.5000e+01 +6.0000e+00
31 +1.415890870e+03 +1.415890870e+03 +1.495370870e+03 +1.495370870e+03 +3.0000e+00 +0.0000e+00 +1.9000e+01 +0.0000e+00 +1.3000e+01 +0.0000e+00 +1.3000e+01 +1.0000e+00 +2.2000e+01 +3.0000e+00
61 +9.833852698e+02 +9.833852698e+02 +1.062865270e+03 +1.062865270e+03 +0.0000e+00 +0.0000e+00 +1.6000e+01 +0.0000e+00 +1.0000e+01 +0.0000e+00 +1.0000e+01 +0.0000e+00 +1.9000e+01 +0.0000e+00
% function evaluation | noise-free fitness - Fopt (3.944800000000e+02) | best noise-free fitness - Fopt | measured fitness | best measured fitness | x1 | x2...
1 +3.525339375e+03 +3.525339375e+03 +3.919819375e+03 +3.919819375e+03 +1.8000e+01 +3.1000e+01 +3.0000e+00 +2.6000e+01 +2.1000e+01 +2.4000e+01 +5.0000e+00 +8.0000e+00 +7.0000e+00 +6.0000e+00
2 +1.904576175e+03 +1.904576175e+03 +2.299056175e+03 +2.299056175e+03 +2.3000e+01 +1.1000e+01 +1.1000e+01 +2.0000e+01 +1.0000e+01 +6.0000e+00 +1.5000e+01 +4.0000e+00 +9.0000e+00 +6.0000e+00
22 +1.578624175e+03 +1.578624175e+03 +1.973104175e+03 +1.973104175e+03 +2.5000e+01 +5.0000e+00 +9.0000e+00 +1.8000e+01 +8.0000e+00 +4.0000e+00 +1.3000e+01 +2.0000e+00 +7.0000e+00 +4.0000e+00
52 +8.997361754e+02 +8.997361754e+02 +1.294216175e+03 +1.294216175e+03 +1.8000e+01 +6.0000e+00 +6.0000e+00 +1.5000e+01 +5.0000e+00 +1.0000e+00 +1.0000e+01 +0.0000e+00 +4.0000e+00 +1.0000e+00
82 +5.438721754e+02 +5.438721754e+02 +9.383521754e+02 +9.383521754e+02 +1.5000e+01 +3.0000e+00 +3.0000e+00 +1.2000e+01 +2.0000e+00 +0.0000e+00 +7.0000e+00 +0.0000e+00 +1.0000e+00 +0.0000e+00
92 +3.862801754e+02 +3.862801754e+02 +7.807601754e+02 +7.807601754e+02 +1.0000e+01 +6.0000e+00 +2.0000e+00 +1.1000e+01 +1.0000e+00 +0.0000e+00 +6.0000e+00 +0.0000e+00 +0.0000e+00 +0.0000e+00
% function evaluation | noise-free fitness - Fopt (-2.471100000000e+02) | best noise-free fitness - Fopt | measured fitness | best measured fitness | x1 | x2...
1 +3.604546918e+03 +3.604546918e+03 +3.357436918e+03 +3.357436918e+03 +1.6000e+01 +3.0000e+01 +3.0000e+01 +0.0000e+00 +1.8000e+01 +1.7000e+01 +9.0000e+00 +2.2000e+01 +0.0000e+00 +1.0000e+00
7 +2.496335718e+03 +2.496335718e+03 +2.249225718e+03 +2.249225718e+03 +0.0000e+00 +2.8000e+01 +0.0000e+00 +7.0000e+00 +6.0000e+00 +1.3000e+01 +2.1000e+01 +1.1000e+01 +2.5000e+01 +1.8000e+01
37 +1.529898918e+03 +1.529898918e+03 +1.282788918e+03 +1.282788918e+03 +1.3000e+01 +1.0000e+01 +0.0000e+00 +4.0000e+00 +3.0000e+00 +1.0000e+01 +1.8000e+01 +8.0000e+00 +2.2000e+01 +1.5000e+01
67 +9.728205178e+02 +9.728205178e+02 +7.257105178e+02 +7.257105178e+02 +1.1000e+01 +6.0000e+00 +0.0000e+00 +1.0000e+00 +0.0000e+00 +7.0000e+00 +1.5000e+01 +5.0000e+00 +1.9000e+01 +1.2000e+01
% function evaluation | noise-free fitness - Fopt (-1.520400000000e+02) | best noise-free fitness - Fopt | measured fitness | best measured fitness | x1 | x2...
1 +1.986810342e+03 +1.986810342e+03 +1.834770342e+03 +1.834770342e+03 +8.0000e+00 +2.0000e+00 +3.0000e+01 +1.6000e+01 +7.0000e+00 +1.1000e+01 +2.0000e+00 +4.0000e+00 +2.1000e+01 +1.1000e+01
17 +1.579618342e+03 +1.579618342e+03 +1.427578342e+03 +1.427578342e+03 +6.0000e+00 +6.0000e+00 +2.0000e+01 +1.1000e+01 +2.1000e+01 +7.0000e+00 +1.0000e+00 +1.6000e+01 +0.0000e+00 +1.8000e+01
57 +9.118887418e+02 +9.118887418e+02 +7.598487418e+02 +7.598487418e+02 +2.0000e+00 +2.0000e+00 +1.6000e+01 +7.0000e+00 +1.7000e+01 +3.0000e+00 +0.0000e+00 +1.2000e+01 +0.0000e+00 +1.4000e+01
87 +5.768455418e+02 +5.768455418e+02 +4.248055418e+02 +4.248055418e+02 +0.0000e+00 +0.0000e+00 +1.3000e+01 +4.0000e+00 +1.4000e+01 +0.0000e+00 +0.0000e+00 +9.0000e+00 +0.0000e+00 +1.1000e+01
% function evaluation | noise-free fitness - Fopt (-2.525000000000e+01) | best noise-free fitness - Fopt | measured fitness | best measured fitness | x1 | x2...
1 +2.435671743e+03 +2.435671743e+03 +2.410421743e+03 +2.410421743e+03 +8.0000e+00 +2.3000e+01 +1.0000e+00 +0.0000e+00 +2.0000e+01 +1.7000e+01 +1.3000e+01 +1.9000e+01 +2.0000e+01 +1.5000e+01
38 +1.578914943e+03 +1.578914943e+03 +1.553664943e+03 +1.553664943e+03 +3.1000e+01 +5.0000e+00 +7.0000e+00 +1.0000e+01 +5.0000e+00 +9.0000e+00 +5.0000e+00 +2.0000e+00 +2.2000e+01 +0.0000e+00
58 +9.740701434e+02 +9.740701434e+02 +9.488201434e+02 +9.488201434e+02 +1.9000e+01 +1.3000e+01 +5.0000e+00 +8.0000e+00 +3.0000e+00 +7.0000e+00 +3.0000e+00 +0.0000e+00 +2.0000e+01 +0.0000e+00
91 +6.117533434e+02 +6.117533434e+02 +5.865033434e+02 +5.865033434e+02 +3.0000e+00 +1.2000e+01 +0.0000e+00 +0.0000e+00 +1.1000e+01 +8.0000e+00 +4.0000e+00 +1.0000e+01 +1.1000e+01 +6.0000e+00
% function evaluation | noise-free fitness - Fopt (2.230000000000e+00) | best noise-free fitness - Fopt | measured fitness | best measured fitness | x1 | x2...
1 +2.890301406e+03 +2.890301406e+03 +2.892531406e+03 +2.892531406e+03 +7.0000e+00 +1.8000e+01 +8.0000e+00 +2.2000e+01 +2.4000e+01 +7.0000e+00 +2.1000e+01 +2.4000e+01 +1.0000e+00 +9.0000e+00
4 +1.650159006e+03 +1.650159006e+03 +1.652389006e+03 +1.652389006e+03 +2.4000e+01 +1.0000e+00 +9.0000e+00 +2.0000e+01 +9.0000e+00 +1.3000e+01 +1.2000e+01 +7.0000e+00 +8.0000e+00 +4.0000e+00
7 +9.335942061e+02 +9.335942061e+02 +9.358242061e+02 +9.358242061e+02 +4.0000e+00 +8.0000e+00 +1.0000e+01 +1.4000e+01 +4.0000e+00 +8.0000e+00 +3.0000e+00 +2.0000e+00 +6.0000e+00 +1.7000e+01
37 +4.967830061e+02 +4.967830061e+02 +4.990130061e+02 +4.990130061e+02 +5.0000e+00 +1.0000e+00 +7.0000e+00 +1.1000e+01 +1.0000e+00 +5.0000e+00 +0.0000e+00 +0.0000e+00 +3.0000e+00 +1.4000e+01
57 +3.386390061e+02 +3.386390061e+02 +3.408690061e+02 +3.408690061e+02 +3.0000e+00 +0.0000e+00 +5.0000e+00 +9.0000e+00 +0.0000e+00 +3.0000e+00 +0.0000e+00 +0.0000e+00 +1.0000e+00 +1.2000e+01
77 +2.270806061e+02 +2.270806061e+02 +2.293106061e+02 +2.293106061e+02 +1.0000e+00 +0.0000e+00 +3.0000e+00 +7.0000e+00 +0.0000e+00 +1.0000e+00 +0.0000e+00 +0.0000e+00 +0.0000e+00 +1.0000e+01
97 +1.545430061e+02 +1.545430061e+02 +1.567730061e+02 +1.567730061e+02 +0.0000e+00 +0.0000e+00 +1.0000e+00 +5.0000e+00 +0.0000e+00 +0.0000e+00 +0.0000e+00 +0.0000e+00 +0.0000e+00 +8.0000e+00
% function evaluation | noise-free fitness - Fopt (-1.308000000000e+01) | best noise-free fitness - Fopt | measured fitness | best measured fitness | x1 | x2...
1 +3.436304067e+03 +3.436304067e+03 +3.423224067e+03 +3.423224067e+03 +1.7000e+01 +2.3000e+01 +5.0000e+00 +0.0000e+00 +9.0000e+00 +1.5000e+01 +2.8000e+01 +2.6000e+01 +1.5000e+01 +1.6000e+01
2 +2.066876867e+03 +2.066876867e+03 +2.053796867e+03 +2.053796867e+03 +1.8000e+01 +2.0000e+01 +2.1000e+01 +1.4000e+01 +2.3000e+01 +1.0000e+01 +0.0000e+00 +1.0000e+00 +3.0000e+00 +2.0000e+00
32 +1.577865667e+03 +1.577865667e+03 +1.564785667e+03 +1.564785667e+03 +9.0000e+00 +2.3000e+01 +1.8000e+01 +1.1000e+01 +2.0000e+01 +7.0000e+00 +0.0000e+00 +0.0000e+00 +0.0000e+00 +0.0000e+00
62 +9.831360672e+02 +9.831360672e+02 +9.700560672e+02 +9.700560672e+02 +1.2000e+01 +1.4000e+01 +1.5000e+01 +8.0000e+00 +1.7000e+01 +4.0000e+00 +0.0000e+00 +0.0000e+00 +0.0000e+00 +0.0000e+00
96 +6.015648672e+02 +6.015648672e+02 +5.884848672e+02 +5.884848672e+02 +0.0000e+00 +0.0000e+00 +1.8000e+01 +6.0000e+00 +0.0000e+00 +0.0000e+00 +0.0000e+00 +1.3000e+01 +4.0000e+00 +8.0000e+00
% function evaluation | noise-free fitness - Fopt (2.671600000000e+02) | best noise-free fitness - Fopt | measured fitness | best measured fitness | x1 | x2...
1 +2.817762757e+03 +2.817762757e+03 +3.084922757e+03 +3.084922757e+03 +2.1000e+01 +1.4000e+01 +2.2000e+01 +1.6000e+01 +1.8000e+01 +1.7000e+01 +5.0000e+00 +1.4000e+01 +0.0000e+00 +1.2000e+01
12 +2.397892357e+03 +2.397892357e+03 +2.665052357e+03 +2.665052357e+03 +1.2000e+01 +1.8000e+01 +2.8000e+01 +0.0000e+00 +7.0000e+00 +1.9000e+01 +2.0000e+00 +3.0000e+00 +1.0000e+01 +9.0000e+00
52 +1.571770757e+03 +1.571770757e+03 +1.838930757e+03 +1.838930757e+03 +1.4000e+01 +8.0000e+00 +2.4000e+01 +0.0000e+00 +3.0000e+00 +1.5000e+01 +0.0000e+00 +0.0000e+00 +6.0000e+00 +5.0000e+00
91 +9.353451571e+02 +9.353451571e+02 +1.202505157e+03 +1.202505157e+03 +1.6000e+01 +2.0000e+00 +1.3000e+01 +7.0000e+00 +9.0000e+00 +8.0000e+00 +0.0000e+00 +5.0000e+00 +0.0000e+00 +3.0000e+00
% function evaluation | noise-free fitness - Fopt (3.710000000000e+00) | best noise-free fitness - Fopt | measured fitness | best measured fitness | x1 | x2...
1 +1.706660665e+03 +1.706660665e+03 +1.710370665e+03 +1.710370665e+03 +4.0000e+00 +1.8000e+01 +1.0000e+01 +1.1000e+01 +1.0000e+00 +6.0000e+00 +3.0000e+00 +2.4000e+01 +2.2000e+01 +1.0000e+01
18 +1.503339065e+03 +1.503339065e+03 +1.507049065e+03 +1.507049065e+03 +5.0000e+00 +1.0000e+00 +1.6000e+01 +1.1000e+01 +2.3000e+01 +1.8000e+01 +6.0000e+00 +5.0000e+00 +1.4000e+01 +9.0000e+00
48 +9.780222650e+02 +9.780222650e+02 +9.817322650e+02 +9.817322650e+02 +2.0000e+00 +0.0000e+00 +1.3000e+01 +8.0000e+00 +2.0000e+01 +1.5000e+01 +3.0000e+00 +2.0000e+00 +1.1000e+01 +6.0000e+00
61 +5.861822650e+02 +5.861822650e+02 +5.898922650e+02 +5.898922650e+02 +1.1000e+01 +2.0000e+00 +4.0000e+00 +5.0000e+00 +0.0000e+00 +0.0000e+00 +0.0000e+00 +1.8000e+01 +1.6000e+01 +4.0000e+00
81 +3.891134650e+02 +3.891134650e+02 +3.928234650e+02 +3.928234650e+02 +9.0000e+00 +0.0000e+00 +2.0000e+00 +3.0000e+00 +0.0000e+00 +0.0000e+00 +0.0000e+00 +1.6000e+01 +1.4000e+01 +2.0000e+00
% function evaluation | noise-free fitness - Fopt (9.478000000000e+01) | best noise-free fitness - Fopt | measured fitness | best measured fitness | x1 | x2...
1 +3.447013708e+03 +3.447013708e+03 +3.541793708e+03 +3.541793708e+03 +2.1000e+01 +1.8000e+01 +2.6000e+01 +2.4000e+01 +9.0000e+00 +5.0000e+00 +1.9000e+01 +2.8000e+01 +2.2000e+01 +0.0000e+00
3 +1.706565708e+03 +1.706565708e+03 +1.801345708e+03 +1.801345708e+03 +2.3000e+01 +8.0000e+00 +9.0000e+00 +1.4000e+01 +9.0000e+00 +3.0000e+00 +6.0000e+00 +2.4000e+01 +8.0000e+00 +1.7000e+01
13 +1.499152908e+03 +1.499152908e+03 +1.593932908e+03 +1.593932908e+03 +2.2000e+01 +7.0000e+00 +8.0000e+00 +1.3000e+01 +8.0000e+00 +2.0000e+00 +5.0000e+00 +2.3000e+01 +7.0000e+00 +1.6000e+01
43 +9.486841082e+02 +9.486841082e+02 +1.043464108e+03 +1.043464108e+03 +1.6000e+01 +7.0000e+00 +5.0000e+00 +1.0000e+01 +5.0000e+00 +0.0000e+00 +2.0000e+00 +2.0000e+01 +4.0000e+00 +1.3000e+01
73 +6.040505082e+02 +6.040505082e+02 +6.988305082e+02 +6.988305082e+02 +1.3000e+01 +4.0000e+00 +2.0000e+00 +7.0000e+00 +2.0000e+00 +0.0000e+00 +0.0000e+00 +1.7000e+01 +1.0000e+00 +1.0000e+01
% function evaluation | noise-free fitness - Fopt (2.339200000000e+02) | best noise-free fitness - Fopt | measured fitness | best measured fitness | x1 | x2...
1 +1.562867248e+03 +1.562867248e+03 +1.796787248e+03 +1.796787248e+03 +2.0000e+01 +2.1000e+01 +0.0000e+00 +8.0000e+00 +8.0000e+00 +7.0000e+00 +1.7000e+01 +7.0000e+00 +1.0000e+01 +0.0000e+00
41 +9.018816480e+02 +9.018816480e+02 +1.135801648e+03 +1.135801648e+03 +1.6000e+01 +1.7000e+01 +0.0000e+00 +4.0000e+00 +4.0000e+00 +3.0000e+00 +1.3000e+01 +3.0000e+00 +6.0000e+00 +0.0000e+00
81 +5.416432480e+02 +5.416432480e+02 +7.755632480e+02 +7.755632480e+02 +5.0000e+00 +2.0000e+01 +0.0000e+00 +0.0000e+00 +0.0000e+00 +0.0000e+00 +9.0000e+00 +0.0000e+00 +2.0000e+00 +0.0000e+00
% function evaluation | noise-free fitness - Fopt (-6.092000000000e+01) | best noise-free fitness - Fopt | measured fitness | best measured fitness | x1 | x2...
1 +2.346078668e+03 +2.346078668e+03 +2.285158668e+03 +2.285158668e+03 +1.0000e+01 +2.7000e+01 +8.0000e+00 +1.0000e+01 +2.0000e+01 +8.0000e+00 +7.0000e+00 +0.0000e+00 +1.8000e+01 +2.0000e+01
8 +9.455842682e+02 +9.455842682e+02 +8.846642682e+02 +8.846642682e+02 +0.0000e+00 +5.0000e+00 +5.0000e+00 +1.9000e+01 +8.0000e+00 +8.0000e+00 +1.7000e+01 +3.0000e+00 +4.0000e+00 +6.0000e+00
38 +5.895378682e+02 +5.895378682e+02 +5.286178682e+02 +5.286178682e+02 +2.0000e+00 +0.0000e+00 +2.0000e+00 +1.6000e+01 +5.0000e+00 +5.0000e+00 +1.4000e+01 +0.0000e+00 +1.0000e+00 +3.0000e+00
68 +3.576066682e+02 +3.576066682e+02 +2.966866682e+02 +2.966866682e+02 +0.0000e+00 +0.0000e+00 +0.0000e+00 +1.3000e+01 +2.0000e+00 +2.0000e+00 +1.1000e+01 +0.0000e+00 +0.0000e+00 +0.0000e+00
98 +2.186082682e+02 +2.186082682e+02 +1.576882682e+02 +1.576882682e+02 +0.0000e+00 +0.0000e+00 +0.0000e+00 +1.0000e+01 +0.0000e+00 +0.0000e+00 +8.0000e+00 +0.0000e+00 +0.0000e+00 +0.0000e+00
% function evaluation | noise-free fitness - Fopt (-1.948000000000e+01) | best noise-free fitness - Fopt | measured fitness | best measured fitness | x1 | x2...
1 +1.687883950e+03 +1.687883950e+03 +1.668403950e+03 +1.668403950e+03 +0.0000e+00 +1.0000e+01 +2.4000e+01 +1.8000e+01 +2.0000e+00 +5.0000e+00 +1.3000e+01 +1.1000e+01 +3.0000e+00 +2.0000e+01
6 +1.543231150e+03 +1.543231150e+03 +1.523751150e+03 +1.523751150e+03 +1.8000e+01 +5.0000e+00 +2.0000e+00 +1.5000e+01 +2.4000e+01 +1.0000e+00 +1.1000e+01 +1.6000e+01 +3.0000e+00 +1.0000e+00
41 +9.919495501e+02 +9.919495501e+02 +9.724695501e+02 +9.724695501e+02 +2.0000e+00 +3.0000e+00 +2.0000e+01 +1.4000e+01 +0.0000e+00 +1.0000e+00 +9.0000e+00 +7.0000e+00 +0.0000e+00 +1.6000e+01
66 +5.662423501e+02 +5.662423501e+02 +5.467623501e+02 +5.467623501e+02 +3.0000e+00 +8.0000e+00 +0.0000e+00 +9.0000e+00 +1.8000e+01 +0.0000e+00 +5.0000e+00 +1.0000e+01 +0.0000e+00 +0.0000e+00
86 +3.776791501e+02 +3.776791501e+02 +3.581991501e+02 +3.581991501e+02 +1.0000e+00 +6.0000e+00 +0.0000e+00 +7.0000e+00 +1.6000e+01 +0.0000e+00 +3.0000e+00 +8.0000e+00 +0.0000e+00 +0.0000e+00
% function evaluation | noise-free fitness - Fopt (1.344700000000e+02) | best noise-free fitness - Fopt | measured fitness | best measured fitness | x1 | x2...
1 +2.091605260e+03 +2.091605260e+03 +2.226075260e+03 +2.226075260e+03 +2.4000e+01 +2.7000e+01 +2.0000e+00 +1.8000e+01 +0.0000e+00 +0.0000e+00 +4.0000e+00 +0.0000e+00 +1.4000e+01 +3.0000e+00
7 +8.826004595e+02 +8.826004595e+02 +1.017070460e+03 +1.017070460e+03 +9.0000e+00 +1.6000e+01 +1.1000e+01 +1.2000e+01 +1.0000e+01 +2.0000e+00 +2.0000e+00 +2.0000e+00 +3.0000e+00 +0.0000e+00
27 +6.244772595e+02 +6.244772595e+02 +7.589472595e+02 +7.589472595e+02 +6.0000e+00 +1.5000e+01 +9.0000e+00 +1.0000e+01 +8.0000e+00 +0.0000e+00 +0.0000e+00 +0.0000e+00 +1.0000e+00 +0.0000e+00
67 +3.531348595e+02 +3.531348595e+02 +4.876048595e+02 +4.876048595e+02 +1.0000e+01 +3.0000e+00 +5.0000e+00 +6.0000e+00 +4.0000e+00 +0.0000e+00 +0.0000e+00 +0.0000e+00 +0.0000e+00 +0.0000e+00
87 +1.511540595e+02 +1.511540595e+02 +2.856240595e+02 +2.856240595e+02 +0.0000e+00 +9.0000e+00 +3.0000e+00 +4.0000e+00 +2.0000e+00 +0.0000e+00 +0.0000e+00 +0.0000e+00 +0.0000e+00 +0.0000e+00
% function evaluation | noise-free fitness - Fopt (4.453500000000e+02) | best noise-free fitness - Fopt | measured fitness | best measured fitness | x1 | x2...
1 +2.488139105e+03 +2.488139105e+03 +2.933489105e+03 +2.933489105e+03 +2.7000e+01 +7.0000e+00 +1.5000e+01 +1.1000e+01 +9.0000e+00 +5.0000e+00 +1.0000e+01 +9.0000e+00 +2.6000e+01 +1.6000e+01
49 +1.406958305e+03 +1.406958305e+03 +1.852308305e+03 +1.852308305e+03 +0.0000e+00 +0.0000e+00 +1.0000e+01 +1.1000e+01 +1.0000e+01 +1.0000e+01 +1.6000e+01 +0.0000e+00 +2.5000e+01 +9.0000e+00
70 +9.999119053e+02 +9.999119053e+02 +1.445261905e+03 +1.445261905e+03 +1.6000e+01 +1.2000e+01 +0.0000e+00 +7.0000e+00 +1.0000e+01 +2.4000e+01 +0.0000e+00 +3.0000e+00 +6.0000e+00 +0.0000e+00
91 +5.560431053e+02 +5.560431053e+02 +1.001393105e+03 +1.001393105e+03 +2.0000e+00 +1.4000e+01 +6.0000e+00 +2.0000e+00 +0.0000e+00 +0.0000e+00 +1.0000e+00 +0.0000e+00 +1.7000e+01 +7.0000e+00
